0.9654998900933399
0.5138083324735558
0.8533876131032094
0.947817253427823
0.8663526115705807
0.8399042285388167
0.6923858757694752
0.9865108687047482
0.83520966345749
0.24558363108286085
0.6535945755195239
0.3940939015151995
0.8563847387389648
0.8662182583919303
0.39915617295746963
0.9369206045583872
0.8841924426777178
0.452996084294208
0.9793332917491141
0.41969612215559904
0.3535011859375198
0.7169748374260894
0.29405493698953067
0.7977526229264467
0.20187147264524374
0.6176122669038033
0.3541069133614837
0.9724187921637634
0.5634560164852069
0.3068410881976339
0.8459045257535445
0.7793861419247594
0.3609200246716566
0.40662980149650585
0.9222785566917061
0.903464693159948
0.9623898061487974
0.5004715404777014
0.21207025151555525
0.2154400273936521
0.9348779993802201
0.465817490959734
0.7486809855789962
0.24274192347324386
0.8636818439261296
0.7279763024166734
0.5402771199753245
0.783124005995881
0.943429894509849
0.4469653772694917
0.7938438752034381
0.21869598691387404
0.8431937279401586
0.9429246295218894
0.601552980251954
0.7061769734889175
0.9796530790487903
0.9846356294800026
0.40936331080015664
0.9013851791041386
0.4211290680948233
0.31215656729799535
0.524914262926687
0.8777426492735407
0.9915125063450262
0.22406894497431362
0.24798237351130215
0.574798032044085
0.2524123897666144
0.6867899814884743
0.2531482739352072
0.4112509473250293
0.3274828718608227
0.31269984323739597
0.41525051586242634
0.7421641111484593
0.3402489336255331
0.6263249198833493
0.939988408180153
0.5572742504980478
0.9393567103225581
0.8815160669862754
0.23231768576607614
0.21975954380409246
0.6761665425995304
0.903312312326583
0.256857117031026
0.7805281055179236
0.375825441296079
0.35133137860701136
0.3487243339464319
0.24224440146275983
0.30785842965288324
0.7751431469004336
0.9467285123574519
0.9830750768407885
0.9338180182124607
0.3722709448491094
0.9466181839223866
0.7826070057874608
0.4434834831604655
0.8766992543747193
0.9504569333028221
0.9819902203302254
0.9200648656796842
0.30294757675205286
0.9396126302929129
0.20164485941898036
0.20630734461640454
0.7490174939033518
0.6679259706147525
0.4650649180747427
0.33641868030959543
0.5882884820632571
0.7999030777720657
0.8301819364935575
0.7357684354068589
0.7428404803479339
0.7100270058224002
0.8067550507673406
0.6180704393339901
0.6321508598563004
0.4490903418157315
0.8698045455002866
0.46096916227723783
0.39618142529191036
0.3423870121577981
0.23665247301866765
0.2557626713575013
0.3592574435953635
0.717191519767281
0.9348671546736834
0.609502004082031
0.9278890231916276
0.618157481073602
0.7658489104373472
0.8793452675351859
0.20126992700135993
0.28874484829717184
0.739630794864085
0.8547323582552936
0.2131949418664293
0.6863680960898589
0.993526369849311
0.9922920488071716
0.41153661908098194
0.8120084354590685
0.7268610525614477
0.9956330434786665
0.8652667430950148
0.9487992126194748
0.5656948786196344
0.6856827574520995
0.3611009389150266
0.7000306267638314
0.8520725277675044
0.9865937849592018
0.9974524389969671
0.2294237797210511
0.46073713860416465
0.33953045707691387
0.8749375078677251
0.9022443691866772
0.5681547715782131
0.6985053361780859
0.7484948179272899
0.8684040021436998
0.875406767079001
0.29834090832237725
0.6735109179312072
0.3899121375321909
0.8422810209844797
0.6404348101955993
0.7905424912345671
0.23637756552071876
0.8414100411981327
0.20559198051344074
0.6999298297572604
0.2207844486308529
0.9675515129339728
0.8662961393497911
0.36913827019738454
0.5730472112689999
0.9360298887481833
0.9633545021207994
0.482278629934179
0.5189153539429034
0.6223036744806777
0.9413866683835643
0.7257733249835193
0.9724389457180482
0.8462104975370748
0.444360739946262
0.30975177882316596
0.9502470744986246
0.2539979598546733
0.6652060235540602
0.39902657708723077
0.9183799297088551
0.29923763354396105
0.5835127898033121
0.49417881142903497
0.9963558148636399
0.2856058193151849
0.6621557431410645
0.489198805907646
0.7761979363528382
0.9732496261776963
0.20133306921140492
0.281736991248666
0.9855122013887424
0.4241318032618451
0.5541950952913514
0.8388879232310233
0.7070874426838853
0.9269659426779774
0.47571068975318553
0.37629404953214907
0.21817865375718193
0.9794107043580107
0.39914346482294527
0.31572806607190707
0.9506686309395881
0.7080444599655094
0.6987056020779648
0.8520962425235532
0.8501537762212427
0.5041375795309877
0.8231074221806194
0.9223499592924796
0.8956848242562409
0.7272463112015886
0.86111294761363
0.9727420090818756
0.985060226969247
0.7692390418449279
0.3445992577582154
0.5179375807814086
0.8095599191917884
0.6418820625679617
0.6734389368157472
0.29575612278038976
0.33169013733974617
0.9441208200314771
0.22808780450978838
0.9270133903310679
0.9046891218715291
0.2603377417367212
0.38001316754655357
0.4227527141470564
0.8537595243345802
0.8291425795471471
0.8298802275094538
0.29511580106443613
0.2148036107157839
0.4555381771682888
0.9072817428894082
0.3318747463365145
0.9441901095113829
0.6259321585786756
0.3261885369441906
0.5858642409041189
0.40095609867013415
0.40738986059955684
0.3121488800107113
0.2217532970446905
0.8679850650887546
0.22735208319017874
0.970923702776584
0.8350161977384847
0.31701358092060516
0.7420201897686316
0.2197647639037843
0.8009248479879391
0.505766935799554
0.9226368944281103
0.6166707755930123
0.4898484808751896
0.36469138245970645
0.42531405304027603
0.3575304218815841
0.6403226869754166
0.5822629848701525
0.29778391222294853
0.8168668510500969
0.9074685956174416
0.8143427659296991
0.5764731898686831
0.6271179094569136
0.6116246687441184
0.45510648759442895
0.6840498989234777
0.27254697419574303
0.700059004005741
0.671208657639446
0.5496169756922602
0.9492272180139643
0.5321323858611526
0.35451613285372985
0.5661660765995353
0.43549936581792037
0.6483827530871031
0.3967105239386933
0.3463965729788433
0.8772670255177127
0.6520260396392453
0.6567008826397543
0.9315286663529253
0.8035029810483526
0.9698366616132211
0.3155649650532545
0.8665934363430188
0.6677878851701463
0.4528286875708757
0.997708591652698
0.3106591311382061
0.2131398100497064
0.9655164436483809
0.22437686164466153
0.7481809447978539
0.2953860801739595
0.8083739013032603
0.8162506873652247
0.3919259306099223
0.7983868327043291
0.29871904094721136
0.7447878618732324
0.23052488043155717
0.293908935198384
0.9089191110368929
0.983341583810842
0.3164086286714962
0.3945244995945457
0.3311923775941531
0.5992503495966361
0.2326959619274015
0.40276877639958875
0.5477271821293312
0.6367861186573351
0.5423024790819074
0.5170016765180055
0.2717542956652942
0.420371479344128
0.9373235886561465
0.9788758805983707
0.8121685178646255
0.6724663094137184
0.5191244032429163
0.6049062857491687
0.535921758511656
0.6364014158158111
0.31108563080312623
0.8904978162432119
0.8240660436692707
0.42503713077287897
0.9563109402637197
0.6902443762518723
0.33032727850694277
0.21763662054090416
0.8926888760049326
0.9489163561619963
0.20844107714434446
0.8421600181465632
0.9542435044133522
0.46966157382218576
0.22031888528869914
0.8118727154397702
0.6482474825074932
0.200427629477253
0.8146957169631625
0.23969078176291636
0.9447008055733175
0.7518284457932239
0.7400630099666897
0.9764292619927223
0.34260663869288766
0.7987839780571391
0.8683327246539302
0.8049471970049111
0.6032219195765972
0.6967468321592005
0.27227807741056187
0.28056492795366894
0.35500340239934614
0.7351457847498714
0.367573484747028
0.9956327393746789
0.6520528249552401
0.5403126290836049
0.737094444639989
0.49390596370991857
0.2635857576454721
0.24335193861806548
0.7562610690897091
0.23470725617741295
0.9484619898867412
0.9195741180627488
0.7824447560532951
0.5602302760238942
0.39806081299735807
0.7587962183625063
0.8939725244084421
0.44507040576388945
0.3566900699589569
0.8425167928319659
0.8432184494554003
0.5973300112537058
0.5603783710355817
0.22049499936186412
0.5980199156096812
0.7847639503282063
0.34640649073658336
0.44292969080541544
0.972085126899797
0.6281358135325703
0.8320923387890523
0.3091127891064759
0.6178533234032777
0.417457719546509
0.8556024305117444
0.3810126609618425
0.7499207590898757
0.26064676089885275
0.37906983965929086
0.2155247955319084
0.8180828834522408
0.7220935062086974
0.8724239207876984
0.6682943906886797
0.33284231488226956
0.8885167720165982
0.5685585209217396
0.6943193989515575
0.8521825436106807
0.5305895795540937
0.9550920595084036
0.9115834961118979
0.962347901236177
0.5046960210282062
0.4701316223678119
0.4049880170148066
0.599931153090258
0.9424053177568119
0.3984808108032013
0.20795056781762522
0.7701424554801586
0.9675862832191181
0.8231637694102718
0.9454156423405277
0.5482486031023026
0.2964798656297253
0.29035148442851366
0.43810110698224713
0.7151256971540729
0.7930050236603766
0.8867684970547705
0.7809029682615839
0.5387162323796475
0.5787580292183719
0.8025581640222147
0.921145592273609
0.7197638964040367
0.3436791592079673
0.2971894228788948
0.8112195834476317
0.9936370191370625
0.7492396715658098
0.5918593005017793
0.5541450423652745
0.8392662186455603
0.7600924031266877
0.7351451144659307
0.22595948884775352
0.25143296642248847
0.7893891343877049
0.6507120724612042
0.21196696905527757
0.7209893998177581
0.7186675452603455
0.4351880406754315
0.2410759699888727
0.3243577518116182
0.3981718749261688
0.7855196424064375
0.6824302549406323
0.6269482108823878
0.2589633032514759
0.7540022176992114
0.7734304213871944
0.8534365385996735
0.9429103580707463
0.8120891467868455
0.24408727609093217
0.6992024668020688
0.7643849925440338
0.41585303642756366
0.7866678072430312
0.7137897874552637
0.659791071385449
0.8107583703589417
0.8002948636281677
0.8620932305074349
0.9966384636562046
0.48135937577104215
0.6090786074523014
0.570911993436882
0.781004859403748
0.6839578691833871
0.5328214783528766
0.9544985821482294
0.2462273188233004
0.541863401558754
0.35626294985831664
0.8517305774371369
0.3988365856857289
0.3387244900917681
0.2925520945372849
0.5930123029436302
0.6341290836703048
0.43134769336988876
0.9228602755032244
0.37558280424199086
0.5010024181602293
0.39259214089086103
0.9863401655784416
0.3729874444337239
0.7755972679894777
0.680997330274528
0.6035532805591048
0.3899349719542069
0.8817205971980417
0.2568764852073805
0.8698893985311031
0.8226035449268212
0.5655944780522877
0.6541415676184702
0.8443160493679628
0.9181811296175991
0.9002575806780365
0.5319635832133845
0.5818293794860313
0.48144193082934383
0.8671516112101514
0.6081518376663259
0.7398739515003473
0.3301333130341152
0.9451803051665276
0.8504617177409343
0.8490639467417627
0.3490614168093362
0.4757728578488407
0.8081706040147424
0.2706607025043646
0.5450824066906528
0.8226909715353197
0.9276562112357869
0.655958009115308
0.7092061366950501
0.20091980685492272
0.33934848689625785
0.6461184446943099
0.21497482405373636
0.2024548378138713
0.28710785577358877
0.25112910847098613
0.25488915891236974
0.3313444942370454
0.8103628757964209
0.8934363490858878
0.8471488418137004
0.6583369230488288
0.7472485686982729
0.8503232823581209
0.41811796667254975
0.3137991598958735
0.522136033033438
0.8875443476150787
0.9913871955514442
0.8345248545743759
0.5101901587707304
0.4965010732427757
0.9604268925246288
0.5629398302583507
0.7797724856512882
0.6440100679249751
0.6727977499493821
0.9490625492625921
0.4650263498589847
0.875904930757951
0.8453979930305142
0.670416526807454
0.7527117253062469
0.9981306881465074
0.46876459992184605
0.5896503477941516
0.7970374028271626
0.8567846159161782
0.7432340814574795
0.2333436691275328
0.6794582232023907
0.4256847592969851
0.952831220070575
0.9034227311991383
0.2486569106932236
0.8859269666252773
0.8928518440157338
0.6501941970225391
0.5625835870810192
0.2518771952102602
0.42476509123879524
0.6614820421015585
0.22899706278733434
0.5812880350083157
0.6150483252478438
0.7988117542869637
0.9271088344608008
0.824344243168101
0.7849619581386691
0.8657830919479709
0.9048473409209288
0.8405385650892698
0.3445975312399657
0.2862450819619926
0.9978451840199438
0.7499635157129119
0.784579376274651
0.30123068641136896
0.9120576342605505
0.7885143636821278
0.4145657748524848
0.6755254665132339
0.3297647507556626
0.944863158720541
0.42452955154536787
0.6749179686938079
0.6343636838742353
0.5964602565912002
0.994020718396235
0.5509523307119387
0.889405988960449
0.3878836478800275
0.6285799400930472
0.49420194532058925
0.9498507338410805
0.784769331663194
0.23570890088995267
0.6633632806395398
0.3886555498846489
0.5792821612831883
0.323819981605039
0.3952969269720362
0.629856566052568
0.30401524597261365
0.2193796533315321
0.4419737796220875
0.30074829137025627
0.33795462046130353
0.5944022643316687
0.6204917211526406
0.8440373109478033
0.7219358573832463
0.4081592221742444
0.9287589816820444
0.36374167475558605
0.3317658016732473
0.6457629211921166
0.23318373963397776
0.8911976963062133
0.5056914463357949
0.23203237005079935
0.2603149810363794
0.8522112310323866
0.4728065847666708
0.529889909718824
0.4483019212180164
0.7452958102733782
0.283111380940845
0.8215360920491865
0.36206169881106387
0.9148231073398699
0.2388634157111419
0.4339504460375819
0.9050947492158375
0.6924632168575341
0.756429436562224
0.2868936082902557
0.9465376699904835
0.9992955017059432
0.3450913063831623
0.33910981318568445
0.7779758676235534
0.725178873683842
0.9903466349098689
0.6480576675373145
0.28934330467775393
0.8873349424244179
0.20475645329169045
0.5915119710245937
0.33623860493074254
0.6491618806272277
0.30871147848867597
0.2958010443039688
0.5783254145622332
0.23939307555823497
0.39244166028446625
0.4479693637893525
0.703587619135082
0.37406826989519515
0.43372083539228434
0.7124803891185616
0.7741813977398885
0.4458359309767834
0.7245324939733587
0.5119387833698934
0.8807732049121949
0.9637795363567624
0.8951452753207607
0.8276137661176609
0.2926608028612089
0.9895306128215833
0.5574845770907076
0.5108082240320394
0.7282034575876031
0.7017402344279069
0.8973613610786212
0.6698417648637142
0.28639197707940867
0.8178313289340131
0.9297026998075905
0.6140119436165513
0.200837245557563
0.3527057732180445
0.8180844008802138
0.7576334042313284
0.5948310413074228
0.3202320658270441
0.2656376592058305
0.2454132610855544
0.3100775622557871
0.2882329816189204
0.8629637327755391
0.2550344272547983
0.9161864633161426
0.945533414401893
0.6309253650828902
0.8214582868530913
0.7898310617068738
0.6384719725023752
0.6508970567409399
0.25009744467706974
0.7699973758813465
0.747251876578292
0.8800418559905252
0.8230333272146985
0.23736330279046303
0.5992224390305535
0.6548092174823924
0.6830378004670062
0.8718064369049208
0.38998970719675174
0.6136419923178427
0.7561950756923566
0.645154864670753
0.4246834835971597
0.3554210190159469
0.25026348129504195
0.6585255257794637
0.6741301399339569
0.6440146840785508
0.8303625132356038
0.20218229909975782
0.5514301602361007
0.908472263065681
0.7691849853112075
0.9409098481421344
0.26044306992167676
0.4660737240021854
0.8644785408503671
0.713237976993863
0.8334908251531283
0.44887622353732926
0.87804921200426
0.674248611706661
0.48680677167676556
0.20712028675228067
0.8984024929517604
0.7304607377166902
0.9319176173821284
0.6879203924070186
0.7799596778171026
0.8917409289786947
0.7626146246706572
0.7607496000162535
0.7337965545034751
0.9504825917590819
0.38317168606692364
0.2335180506005482
0.48886268171727487
0.881530189715075
0.8423760523116925
0.45737554393337776
0.31253083467017573
0.40303088158056977
0.9051554610039708
0.8250593531458913
0.670117999039063
0.4930960717825621
0.9383321336593886
0.7654040164029737
0.2970037352097874
0.4962660509188158
0.5727579944292965
0.9546228368296434
0.885439207899017
0.3721109536370445
0.6136945498667665
0.6477856984170627
0.8769318435608325
0.82014487865708
0.8080492489133295
0.753523842488182
0.994648657312397
0.25429949634151594
0.9850106616712352
0.8230576608033747
0.8028175683479576
0.7492067296156727
0.9952228657755028
0.9444172335729506
0.8633689675232187
0.5856800581798237
0.6755472883284794
0.25231013620815257
0.31012515895083237
0.20309399381210225
0.46225513862514334
0.3230710229149113
0.5159477178443659
0.9209347668938157
0.2576916637098903
0.7351156678096824
0.41019472548048164
0.8714723765213104
0.9489682257757249
0.9165866019967526
0.6200393175274158
0.6054072877426808
0.5586524674123009
0.21400536214502563
0.4433432855644164
0.40111668299999037
0.7019550396975531
0.565061416500398
0.8106762272515918
0.6197016082855755
0.8579356651664292
0.868116544978346
0.6603018250046994
0.5300258589851753
0.4626523148616093
0.7580302200527016
0.39102265189499485
0.7842393058005924
0.2226624982166776
0.8921498146390984
0.8925620827075399
0.9546552101884657
0.9285160683479271
0.5780467653803021
0.531938975456038
0.4469129898109333
0.7099274557877215
0.7107385819221602
0.4680954513779455
0.40636442044314924
0.5427259007821227
0.738774039959412
0.7305627835508183
0.8784597667399816
0.8893970413084651
0.9941299149886602
0.969700340649285
0.22163747191068994
0.38119126766052325
0.9987013797512763
0.581190969966304
0.7027520507215348
0.9353336432908055
0.8715149793351413
0.8932034247584963
0.9642602300281737
0.4914713094762295
0.6382181400076028
0.5008822713449936
0.9283197272282776
0.628264589086309
0.9742719288040479
0.8810546364783218
0.31995444281370355
0.5938403675204537
0.7348582364219438
0.7963447817349557
0.9431472160903078
0.2513998500779907
0.9948547842555476
0.7430294190167438
0.8593189508669675
0.49382487569118605
0.2822379371316638
0.21510681770605578
0.3426927423669258
0.23318605464356545
0.8267653961883584
0.5143583141406938
0.33221313262329655
0.24928623379862114
0.6237671936034679
0.9471653900464228
0.8678010291488264
0.6905177090995526
0.4327825502890479
0.5923357371183534
0.4088248000482466
0.7070338581551858
0.7095200840455543
0.6332341247851702
0.7558165996073781
0.6374178555549924
0.4382398830727924
0.7156797894029053
0.21404925903334004
0.9559687889654149
0.3125901018463537
0.5159612334396985
0.6266131238834117
0.7161592090602702
0.25154642696914586
0.5810246190355751
0.7298297463970274
0.35427735540285943
0.6038116006038078
0.999830995681986
0.5563552388193073
0.8714051102398244
0.8913707961032405
0.34864617146484433
0.32860198962029885
0.3371406626315051
0.6741374227775457
0.9363523012210486
0.8512176815832391
0.9024626490309627
0.9498186924956659
0.43572462323415917
0.660585045273261
0.8560890481319098
0.2956807154452894
0.2022863237431295
0.4705138863071955
0.26012793133607814
0.8923038544132921
0.6020085480468147
0.5949079223212059
0.4601267709495229
0.7884206852372945
0.9406963443165801
0.9339173144214754
0.20025756480199697
0.5432872880055
0.34979273609845174
0.6336178917655063
0.7748456454714465
0.9884345525450916
0.995169548892583
0.9224579862578202
0.6053418976601316
0.5860555728412045
0.4747099048454082
0.4119825745893064
0.9470689102588897
0.27491746932264083
0.2178274405803906
0.7166298000706093
0.3383696471019533
0.8840760752818146
0.7710568346841803
0.6640737388729349
0.9794442544048743
0.35206967032112757
0.3970929444150818
0.7134676748921286
0.2772234442281595
0.950578287637995
0.9154054873220713
0.9165989299377479
0.7427093897591078
0.21267506659989588
0.39163107644294737
0.545302709075346
0.37860916499497954
0.8654144042813426
0.21904226200621257
0.39704497625207014
0.8697744807620167
0.8511904192629793
0.5503365235679906
0.8859413629042974
0.38513165465842314
0.6359170086926974
0.8715402274895789
0.5829854380628617
0.8610493918754405
0.2761067369886159
0.534205647203497
0.872630107111257
0.2867990092734901
0.794314006568896
0.8036508888649146
0.5600813499378711
0.862210764571929
0.8140581394189618
0.7463813913660813
0.5765199875435375
0.7587164445238971
0.985309386561162
0.8439280204446834
0.9738728033858157
0.3966353697856301
0.4193785658445288
0.26629016925808924
0.2552827829312806
0.7241612134180948
0.6439784207637267
0.63985750447681
0.6405955506749842
0.29552480905283174
0.6381361652336693
0.27132066765567064
0.7458455854763787
0.7674995290051219
0.9568512826790645
0.25552672253308917
0.8524465729870566
0.8777046324101561
0.8202413135961422
0.22496143798008916
0.6290528873425966
0.27666910756228147
0.8559992102597285
0.7129052480496174
0.8655895378274125
0.33163038327555283
0.9697654909537478
0.7820624574910997
0.31566264070845085
0.22877912442580095
0.7631807820594718
0.7477566973367692
0.379800012552967
0.8985149230520373
0.22015612466492374
0.9860378467926028
0.9307218723307292
0.9262086019176412
0.7316206084550585
0.7251070857642049
0.8250546357424866
0.5225490425668438
0.9434716462473475
0.2922521492607495
0.8111746741360006
0.49963298499696585
0.9356421443316896
0.22249345873237347
0.7252793587927524
0.4822880171985753
0.6636228203196717
0.24736446128659473
0.2744679162200012
0.8945591898835777
0.6011996866439223
0.20371955333056446
0.21681286498713748
0.854925824543383
0.935937718160993
0.40870636853575115
0.2775648670578641
0.9316496794398269
0.6220982021413144
0.7750190379705344
0.8368770424380997
0.9093658275735085
0.2608933484264203
0.5710753589269683
0.7454380723126197
0.7072346541372122
0.2908345842247463
0.9942817956278046
0.8537301308673323
0.8908997350150639
0.7928931391708139
0.7843053918261046
0.28416373143623974
0.41731464417621056
0.6893714556356342
0.6256722804331621
0.6853368756236158
0.7715888794908602
0.3744264328739748
0.9929338120642554
0.8620053469654956
0.9977367070483091
0.246465549089527
0.9678804728204137
0.27110944590775765
0.30398584750897517
0.5919736596437739
0.3710468932624691
0.6982432218767565
0.835429867397035
0.49173321380435087
0.703183367141346
0.3727489567730706
0.24290996495754658
0.578235434072978
0.3354943174996363
0.8517363863691366
0.23266297798950064
0.3525608347190857
0.913646583449541
0.2250455649090568
0.46883372396066947
0.6932438652685247
0.9848069903410682
0.24280384739282446
0.30642580375950046
0.3756534295396705
0.22006492384884224
0.6493621901845655
0.49413929720370464
0.996392186802326
0.877399334320666
0.6439857235155646
0.733977446789906
0.31704876712630403
0.9113406463753819
0.3160282760520733
0.7588613936215589
0.22228970071539744
0.9789816930201928
0.5298085349116072
0.9743797389010512
0.2037983813364158
0.5687132221238402
0.4585066231945897
0.29354399354402594
0.26898962174527974
0.9710448858519743
0.5857949860075642
0.200867728171922
0.7124177540909341
0.30868809069755765
0.8950591294358582
0.45394136009622843
0.8512855753165471
0.9656687950893804
0.20655117914040133
0.7727586222278107
0.6671622027642148
0.4516127312482662
0.25469175173597614
0.5942274515169561
0.6915502722792788
0.9821280010741549
0.27989736524818853
0.6997611642981434
0.3416737188599861
0.2989127258847346
0.49920018979306024
0.9573178838871444
0.5010402353926936
0.6259072095522514
0.8856662890589071
0.4549515535865898
0.4935103725984722
0.4237126864033326
0.8454827905296711
0.6889093494647337
0.4272515504730572
0.7426319403938966
0.5975233760108878
0.9329857775055499
0.9386974056894597
0.3112657388450216
0.9611016025343182
0.5841105458008209
0.21573154977387343
0.4337664731014541
0.3302254418724594
0.9087186990380487
0.4275733661622334
0.8117103490920429
0.8910168043090371
0.9676376601740309
0.3278592044576152
0.20705067506545538
0.9726592305769516
0.9468226091068002
0.37872913823721877
0.37628590496799463
0.7431405987791638
0.8664796461213246
0.5658056157152384
0.3733898593029322
0.6393650007081606
0.5827708430885578
0.6746034398217782
0.24976021128938852
0.751774565359097
0.45517335929751146
0.8023637683648726
0.5638501934129874
0.8943902433986679
0.8555613380435089
0.9663426489854972
0.44194746299036713
0.6294231441818866
0.9320772040183506
0.4401648487367744
0.9022650584298316
0.85267563800685
0.9905182207010429
0.3737182403633008
0.7708352948712827
0.941241249931586
0.8971418299819338
0.4665138015893162
0.8122065048969478
0.6567424844519828
0.8035472910190085
0.39594116644260535
0.6171504120253051
0.440316314834707
0.3991792410623022
0.8583544478969283
0.7849345773462767
0.25363311708940317
0.22895086969759892
0.3103258447557531
0.4321175111161992
0.8511396016651012
0.6583006729461712
0.7661298463315541
0.39193320668177045
0.991717698081663
0.822301670450393
0.9094153890213994
0.6972792932303841
0.8375978664899909
0.7667120236777722
0.6396024944239057
0.6880924387765073
0.3453091446966776
0.2270082664942772
0.8725530950272805
0.8595007925590601
0.5331867514295703
0.8951985984034324
0.9149962932517816
0.334582915015731
0.8011932936740229
0.7929982083394237
0.7085003043237629
0.5986954977214265
0.47635447607244796
0.7707560204184586
0.9079393374506263
0.4067174798093287
0.21699072040177947
0.6405243589668259
0.8024565073457471
0.9722150315548451
0.8123385893978826
0.8901571672995128
0.7852314477939676
0.9886978504982769
0.6865225271971344
0.24340044284852103
0.27126222447211756
0.6913572609453584
0.9899396519002731
0.2214605746113063
0.8898498382259702
0.31964739972153955
0.8165004612351223
0.958609017782746
0.46571551900369057
0.49113910985392484
0.6709824103209991
0.8497885385404251
0.6254741717205973
0.24527239541669532
0.4712939726043528
0.35238250387072323
0.34848585762811324
0.4430180460562828
0.987514949810289
0.8774832039206549
0.7691929186940478
0.6784448621218164
0.4894604127180878
0.7897620657625865
0.5047275222513629
0.9126389014941862
0.9128589135258599
0.2298628609700054
0.8517611055983725
0.6675756863022625
0.6993645523860118
0.6747261943850107
0.8361429973368324
0.9082998082920537
0.7351655676842399
0.772975848878812
0.9341390649347883
0.8442957199200288
0.6356024013562142
0.8011284024199662
0.8169249023828408
0.23236039612060233
0.7154565852447268
0.9783815617247065
0.6779541994472412
0.7774449829925467
0.9692514017553483
0.39830461205201106
0.8272722785930808
0.39561706844380606
0.7145561751936305
0.5456106064380529
0.22597458443320195
0.31661325215376557
0.715367363543399
0.8981238371539603
0.8989867119631179
0.8463087491830452
0.3057103139449834
0.62470455738965
0.44837398213477486
0.4950551685809511
0.8616054054458583
0.3350533123274062
0.36408371252894667
0.6707842370356204
0.6103272010467555
0.722286292176672
0.7179191516561683
0.9736319503946482
0.5177050331831334
0.534278099788415
0.5498384472002866
0.7130025117806681
0.49654961158527744
0.32343311232058214
0.46081590463936306
0.8529803437790595
0.6995715247653974
0.3622255405670717
0.38780437528242606
0.7309352624732183
0.36104814705287114
0.7366646706967355
0.6124966930097054
0.4997915784392871
0.9480665080108813
0.38791047886110486
0.395697080393706
0.24841357365574868
0.2896832960264748
0.5107752886554481
0.6529068437358719
0.9106920146338232
0.6354275553004256
0.7234915479507815
0.9178950885285664
0.5714924781668272
0.24254597418132495
0.29764628249515146
0.3168984964897007
0.2515069114038495
0.2938887332515975
0.9096287304518906
0.5563071025707796
0.24515206125668987
0.7052865253242212
0.7655891332843768
0.4230745541875025
0.5173038148140919
0.2562111709407331
0.5686977019517248
0.3830736041733799
0.4309024160288948
0.20170929717681652
0.5547787621636237
0.9583038214427715
0.880789874116572
0.4751716955353966
0.7563584665646311
0.29665431218659
0.9552141138263538
0.9102407748791417
0.41468212143088035
0.7702603462452309
0.3985627657938072
0.6022921709577448
0.7156763232325736
0.41528640004038087
0.22960884418595928
0.5631129706938485
0.9743276195215528
0.6446582309084966
0.3775998319118551
0.5874317366397107
0.2653709989897408
0.26461604567063723
0.26165671432343973
0.2640244704107936
0.65874175428238
0.2212393007770288
0.8013926563928757
0.5673648934400285
0.8795977537500032
0.27003619333964135
0.8698134677737106
0.6634146680788496
0.6576634462782418
0.6423079221481132
0.6961574196567961
0.9883129918194774
0.27905021035701316
0.5420469510981463
0.2869482334209772
0.212650775577491
0.23162740214237731
0.9629499168448005
0.6073635736166211
0.8539326751250623
0.4919755335664735
0.9188471091801093
0.3016864940636209
0.7622324434411413
0.3510059016526489
0.8739400372377318
0.7953714918141581
0.3092065585557602
0.2687935388274648
0.7565241807227062
0.9223346193472729
0.7514656868235684
0.9499688571317099
0.9171610828329596
0.809826606223498
0.2193412528907952
0.9552636514443702
0.27645916484942823
0.24521231971514412
0.4290498471643093
0.21364689152473204
0.7192259832260003
0.21258545824278552
0.8093153462147962
0.6581945431400108
0.4143749736143094
0.8139016113354569
0.9450884900701417
0.24541020274802783
0.9454626104296245
0.5272400753924378
0.9411256506002271
0.30000481430391046
0.4576700238739918
0.6437081337849341
0.33487439589061563
0.2987370078113851
0.9237347019058688
0.4114214755281037
0.6106427219721915
0.4053041090967562
0.9056238482775294
0.7971320356493962
0.6466765167858731
0.6145956122361117
0.3482142267194862
0.9531880275629325
0.5954573455193803
0.25633714618420556
0.7166386084164058
0.7322222056729546
0.6154751238630805
0.5382742262388731
0.7333649307008508
0.9220822193160555
0.8741300971080217
0.9388858789469176
0.2739692510177121
0.22245392905380768
0.9986751966943724
0.3767883300266275
0.47358823103254477
0.24213629533304382
0.5398727208946891
0.7727900409482954
0.8308759377156826
0.9178550609008335
0.8768616988098373
0.4370271030094912
0.31839905946606084
0.9065476628315698
0.9683272516090067
0.9260918117879534
0.5266176834529166
0.3875309087564197
0.5237698366480129
0.6009974478263731
0.27040396798740907
0.5818813874900718
0.8712836494446696
0.8580795272479605
0.46140159371638967
0.3876479594775504
0.22779248229137772
0.688094374939718
0.47505189627716315
0.26804138627614804
0.4875077844924871
0.8487508827176533
0.9977379282550072
0.9246175547180356
0.6470191734490611
0.9630776202594891
0.7506287044613473
0.6682802299723076
0.20126950889269923
0.8271661453972149
0.28824163264104363
0.8292867589893856
0.21381255701071855
0.29249081002041366
0.8212213498122308
0.6667882689628806
0.47434758872528193
0.7322288737137393
0.7045488849442816
0.8804652415393309
0.8762346587716257
0.49125000751291525
0.5204824537192032
0.7337689544132167
0.5611823137781705
0.7019345101307088
0.9492172174087503
0.24795572173069558
0.8475572169122171
0.3418265598698633
0.9256302975345586
0.4421510781832113
0.5827959436474571
0.2041001839628993
0.28799519227060544
0.36553907431452315
0.8830010224077408
0.942520336959351
0.7398252701168816
0.29267283002088973
0.7655970462300831
0.38421655850585756
0.9395634543307649
0.9415751373496143
0.5020125990111197
0.22716955916920745
0.9252464727964645
0.5099539556130199
0.21392314723428707
0.6503797032481985
0.6712727295953723
0.5640460110366122
0.49248516810606946
0.6869128360599708
0.4814693249737685
0.9995589314291369
0.28066940223871684
0.8364244319530275
0.20106238549850342
0.9218452086516243
0.8035607733029778
0.4642895013643734
0.8642638577768373
0.5464809911386921
0.23621427205230516
0.6769515851004635
0.860425539381029
0.2503503213133734
0.6607534756493884
0.2512881581986258
0.6254405980538914
0.538208820872342
0.7965692068333564
0.768910422909353
0.43432883413101697
0.3747851492657287
0.5437541823527083
0.9822618638593201
0.9696863907816359
0.628490920144978
0.76086133355026
0.30351336624248315
0.6227831474022689
0.5776593671118911
0.9377901454838887
0.2788802178287443
0.9894253725815544
0.411563032364093
0.48260734121728055
0.5929593884653417
0.5715353909015053
0.22035636000872183
0.7738848795278556
0.9537184949198867
0.7465258657790718
0.243719733545963
0.8373138253770054
0.20980824819795663
0.4966181314749807
0.9760563311689383
0.8670473826771161
0.5455821840495922
0.7147487686612713
0.8683438437015999
0.6650670740968446
0.676368293057106
0.8917784001586959
0.8583788382355302
0.2409350078952518
0.5972439315844262
0.20722555204372806
0.38818405778880893
0.9412829068544194
0.29389030014591677
0.865316191143708
0.4385344677679238
0.7768073048001294
0.6220738924385862
0.592290603878401
0.9096604550853575
0.9503784465721538
0.24231492670056598
0.8234390708567694
0.6856045549842414
0.2917078560624866
0.4618806554185565
0.37258305022776195
0.8447728662949217
0.26369800962276213
0.6808142910573707
0.5733099616348648
0.47366570946732944
0.7087958579703324
0.4434149617808051
0.7101448692454989
0.9322047431344126
0.759384157663092
0.23021259761019308
0.2905665807697958
0.3807305633772896
0.9156103629997552
0.913536279009508
0.7977848926620325
0.34929162453525864
0.7268318068474796
0.6934749512040806
0.721284130145934
0.8575973356222476
0.24259826688111874
0.4138920862010358
0.429492866700106
0.8239893841839124
0.6723631083363759
0.6842303786697993
0.31067964689703
0.5751723154453126
0.7412481368187558
0.5986651357891244
0.9090783961954136
0.9716679403772984
0.8821319771916142
0.2768753763162759
0.6587291009483316
0.6021427602855159
0.6284546865293876
0.34663354219065157
0.26971413769734875
0.835724039324828
0.9435991096130463
0.9413300137936873
0.32484052881836634
0.464836910759421
0.3310313523527393
0.3516433356829398
0.8415041678333196
0.9778364474303206
0.21577703112656754
0.25397012145738906
0.9689346077883724
0.8806987727653653
0.5295186845657726
0.41768075247350034
0.6392094153704626
0.203824622865723
0.9518107591072732
0.8465010629073987
0.8744285422291848
0.5187238063753986
0.2875390515404407
0.8654988372050888
0.247821608376125
0.2800923242687827
0.2575488069014936
0.5842415366391671
0.8977114946480582
0.8918650563708124
0.40320413024890944
0.81273000821268
0.752662836268783
0.6857087295880109
0.9606627287514979
0.648341129944599
0.26124045241671734
0.644052122025966
0.89033112101626
0.559077051783523
0.8825778278006746
0.8087096613857601
0.6368958660633449
0.919679561491313
0.21468048162456665
0.36712815668133403
0.7160167735913728
0.9382197722097534
0.8185649810859346
0.7410514149938978
0.6376709081425661
0.30663572658983385
0.8743096882013774
0.6526702077652555
0.693734952570376
0.8525535747370161
0.4559142314924337
0.9865779578916621
0.2897412564002747
0.758761371595805
0.4121264512836724
0.45307795043707944
0.8628616338861868
0.2908610259127087
0.6554673272784358
0.5538107916581227
0.8915257151332433
0.6972417600218229
0.3347630595843415
0.45900620609409815
0.8910256656109935
0.8174842351624134
0.3437321970362104
0.8736632181097183
0.48445932833128336
0.9546279006555439
0.8964195721045489
0.674884469813881
0.4684954728333669
0.40810534807867427
0.8473096008963638
0.7719444490325462
0.26718287449518996
0.9817995490921313
0.43700531451902525
0.8049474803919957
0.5271361902930375
0.743481848265195
0.9101202270550427
0.42290137123458804
0.7595786159883618
0.36894882305311005
0.7857745864064323
0.638757249667643
0.958219842995051
0.8002277483337247
0.869955986444535
0.7101203781883085
0.26240759514117096
0.2861876809540116
0.8806141143186736
0.4324562707705307
0.5776083714984257
0.45150435086633167
0.41987526055567803
0.7913037460351683
0.9287452923384356
0.6759213445335944
0.8430491034671359
0.7917694674525935
0.884226612634646
0.9002614734986765
0.7740488692115433
0.8851299830678379
0.5876867073542228
0.8200601491605893
0.4370682033342729
0.9122047892335514
0.38716875342068635
0.8619650562961642
0.542078233459449
0.9373510615065895
0.22126760554732505
0.7629718584708717
0.8895811651146899
0.3553860371871742
0.4621279515316856
0.23847384162074492
0.3587942844422428
0.873778785120727
0.8377568264909055
0.3183394089884184
0.20449676342549727
0.38221657175688306
0.873723842173098
0.8634924244384795
0.914815671208408
0.5936775686778811
0.6786919797499712
0.7035289593304869
0.47504150005105383
0.4248231989985253
0.6146715013215094
0.5294753243411694
0.9835630963084367
0.9973938907838188
0.7955605083854035
0.3759033157251551
0.6488088999338968
0.32178594296881724
0.944779523226489
0.843268700984653
0.7768240995904647
0.25727235142791394
0.3340528346513214
0.4434831405799238
0.8248073184000709
0.9397717122059112
0.3447652038166553
0.7312149289724904
0.8741064749662625
0.6877920662427268
0.20938597449877694
0.7396231219354994
0.2319176215441895
0.9566147648664045
0.9968294416683836
0.9206407131204382
0.8467728489836438
0.9198016793701491
0.27399094198476237
0.9127879966639123
0.7962940274584819
0.8634305949982569
0.8483512579824775
0.4027094822313071
0.5043393137277641
0.7033419479933081
0.9369124849243805
0.30523314958048775
0.8312953754469699
0.9844292855147627
0.6062234384746608
0.7704524510347924
0.8812529283562529
0.29537625806687917
0.49508138329565976
0.8135365893110146
0.6552808478202996
0.787532645283143
0.46983644728197427
0.9089742797179008
0.5336325933979593
0.935107534339302
0.4239584208564049
0.32561572060991384
0.311087899958563
0.4945452604171494
0.27959557505289134
0.8664978200343489
0.8243922255480342
0.7648294518879275
0.8490541248489021
0.22670642057771184
0.2826904474511903
0.23056619427292624
0.26597895105994596
0.8517057123371138
0.9900979829678817
0.39255988452708956
0.6083488071628207
0.4818923356773964
0.30116949612248345
0.6013293210186943
0.9310272953323581
0.5573787771712453
0.6120449571046306
0.8959783006801898
0.5716431490583035
0.7044311655524527
0.5601822843773663
0.3081364967776764
0.47313476136165855
0.2457085747948169
0.4181973998813211
0.21606381108889638
0.6450460961801666
0.8062937604863685
0.49467015827023264
0.7414474598917808
0.8617486782293923
0.9882963471031418
0.37952782092492365
0.2753908306473679
0.8540161524660601
0.5142365351696476
0.8549179086328196
0.6212283321385194
0.9284608516066053
0.3331264090428757
0.9693618913116782
0.9170062235430291
0.761391307073287
0.3276572565960775
0.8335275684572703
0.5670714089564961
0.8923722176525494
0.7646541378573661
0.25134367752984266
0.6912824166028119
0.33869120000787944
0.5966487221333691
0.4816105892629836
0.9910081170964936
0.2973852475554092
0.8991135162202707
0.9441405669146852
0.4187154959130224
0.7907523330786348
0.2730453035785325
0.24332707388397323
0.8055053110719351
0.7226773777921807
0.9971024410148772
0.6248457274382377
0.3255716238738051
0.29245488689889343
0.3635361085863361
0.258965786137077
0.6408815591244303
0.34864328526154365
0.8610239157809096
0.9238388798021032
0.7990392302908856
0.2701897740860256
0.7324075182098466
0.2492866328958625
0.6513406177927481
0.42631619674549015
0.30112990186507216
0.8874072902079515
0.6552411440384458
0.8397296036395938
0.7650053749537676
0.3727465868108051
0.2592451594632772
0.4013381253020567
0.7548270467818988
0.5232767001724069
0.9863576071507311
0.9552988549743971
0.2952491821270815
0.9480567976888399
0.4922684913192833
0.6609852174886156
0.7856278247651011
0.2516706834674194
0.7683244250854924
0.3672657131673227
0.3922098420643446
0.6536585658104713
0.7169238215735592
0.26743049747736747
0.21902542603484687
0.5913428003348615
0.9045903019552876
0.49370900894109826
0.7821104223762759
0.24720034519921663
0.9850164890620168
0.929381741962006
0.35466638204185974
0.6598900054880171
0.384655893135301
0.4635462252833452
0.9013396440225505
0.6936792182086376
0.6670643145682605
0.7360511510954878
0.6882122306693906
0.4913821970679092
0.25824679083158475
0.25439332134352444
0.9674537220145908
0.47293364452567244
0.9165802673577633
0.6356723747001716
0.238272433131002
0.3353508561978117
0.6523388504385642
0.9607125828899511
0.9799167305232905
0.876872901882174
0.731927917073403
0.9696239945446677
0.8889936791266249
0.9801885606120607
0.8871401278775934
0.7425516546552331
0.6399011920647708
0.7229882896101957
0.7649024257378612
0.9655831739921861
0.4061427272219431
0.7808297505879467
0.3190946086103471
0.311334654395506
0.9780422696906423
0.972565997854259
0.3572109912392385
0.9446595122675843
0.4024255713162891
0.2529847804480565
0.2267940508074313
0.745172595556586
0.9417725951953565
0.8975804222553964
0.25890467598466127
0.619060038890933
0.8059951803411228
0.8058042379715467
0.976837009647429
0.7874864776572579
0.9801385683576284
0.833393418746924
0.35119952781244723
0.687769522749567
0.30247457328442295
0.26739500547390305
0.35855554879286455
0.7197883590139189
0.3431761594854851
0.7982805998854106
0.5280615548250605
0.7292146780667543
0.4604163782582489
0.9165528502692887
0.7789503734494805
0.9926895563449101
0.4642834233796108
0.44151938352777087
0.20809641471212825
0.342355193220626
0.2740472204254115
0.6655785469350596
0.8166113603093035
0.7038927545813344
0.4448860607917198
0.7496596015388882
0.401531496607606
0.6813918166761946
0.6096713895384678
0.2143074723542141
0.7717070386904236
0.6991055824092223
0.9761419927935215
0.6579292831458607
0.3820532867984179
0.651634326537299
0.6575785506181648
0.7772191455308617
0.7560333675585729
0.2409379945868756
0.8043059139285512
0.936503457080677
0.6332701863480424
0.7985563020196699
0.49567999421908204
0.9645993884590083
0.44858389260309006
0.8337696098517337
0.347897111060808
0.3260723958196263
0.8691859883807033
0.8341734762149382
0.9063569767452908
0.23589588625973834
0.22314980357200742
0.30606753815915977
0.9818204123256404
0.9176194120886648
0.43933080340694297
0.33173380753847026
0.6488942208996131
0.3588067200873474
0.7068924698981007
0.871080149807442
0.28148562006205935
0.9961255367242365
0.577333053556845
0.31881268589606193
0.4126377382110521
0.3182073003006263
0.8461559793783469
0.9614993697336476
0.24626286421328136
0.729549641182186
0.8115750996234492
0.7651221049961358
0.32022770497044706
0.2393249701617296
0.9580854855688541
0.9210660967558387
0.6894138384807434
0.45488831255944373
0.7700160959283967
0.9076987701591945
0.7512320502269806
0.8427855178408711
0.9453056359185291
0.33029799368236057
0.9980245112101186
0.8886689134870754
0.9514497657884271
0.9506191761634746
0.49638574311048145
0.5464084966916612
0.8970771143075061
0.5265977061190356
0.2572013379470063
0.6162646356599973
0.9384020620490526
0.3277534751547019
0.39672050281148474
0.5525638722020697
0.6033205496614551
0.6931556433137622
0.8899444042596438
0.3673188874193436
0.20267914483692473
0.36631868488348907
0.9668856998462986
0.8673537225884195
0.33532774070808313
0.9859033276786746
0.8649246621042901
0.4340576262955529
0.4774159070512223
0.9308745725454874
0.9906544696171192
0.798974564114603
0.200405486212605
0.32520457587736185
0.33537915731407864
0.7770936367921004
0.8860263404044452
0.8385640667813954
0.39517634874926355
0.4774831651483281
0.557135624193376
0.9077186803523585
0.9033748399910919
0.8591793805108136
0.7828427747737854
0.39840144619786
0.6013989149844684
0.20261462584188272
0.29255011631652705
0.8074131778976074
0.9587225187810523
0.4916746461646727
0.4422169085863965
0.7575105055497555
0.8936997312131448
0.9224882527407376
0.8016887039022312
0.33694307584677985
0.6386046773367539
0.9435320627392859
0.9393760427334631
0.34792398828908755
0.7961911997191379
0.6015719189815611
0.7195406711766584
0.3662672467379883
0.2208874747012325
0.8169035342479081
0.8595427121596727
0.41914516599905316
0.2177963018725385
0.9075666985102789
0.29071304255874897
0.20636912002780605
0.9369924196942677
0.4914133610329319
0.3061158887868516
0.9022781534847405
0.6747366368400944
0.9040965549202956
0.7027399697316523
0.34525252955637475
0.9884540626464827
0.7922125671598034
0.6799514382550199
0.9729626268174157
0.39849768405146335
0.40278259446036013
0.24089652777311743
0.8976110237925805
0.6629764832290835
0.7731479244511817
0.5936511500895353
0.8966893587286062
0.5915285950549032
0.8803494710548158
0.3494098900458009
0.7231044607890675
0.8044099014022572
0.5360312698355398
0.9665996865206441
0.5512028136669661
0.6738140127316907
0.3025297859827013
0.7205009052752291
0.7359418447634066
0.9479682075318555
0.362844729441978
0.7783640307266374
0.3338915055194265
0.21941124856909577
0.6779315609634297
0.8930256674361124
0.7014528318248117
0.8565042613810152
0.755455393788333
0.6828056163456611
0.5191426512281113
0.3029873851457666
0.7418406283526164
0.9198682990503372
0.5046039021813206
0.5338045224187193
0.9447455036179548
0.6271933294767836
0.7664878860296394
0.43022175776335836
0.8475112913181558
0.9694401107874472
0.41033436308024474
0.37466665529210696
0.9920875027729882
0.49296218543021575
0.5480148586126559
0.7619424612233602
0.4053175403495606
0.25350334490047177
0.8937201624507408
0.7855606443641127
0.8810704910351577
0.41187468186888065
0.6694510134534135
0.8307528093927019
0.40759378750715214
0.6200823594025534
0.34797792291575846
0.2247813520585894
0.3546804590468867
0.47184994792982704
0.6458672769916233
0.557979844049746
0.7216951705083046
0.9586642629034903
0.8353021361140186
0.9008878915833223
0.7588452492714451
0.2327410510026039
0.8901948401682225
0.6700174447681179
0.9026641489571013
0.36130046234415325
0.806420013957987
0.8926151848887808
0.5416764291383226
0.5763132321768407
0.7638675486067292
0.20310125863495887
0.6882193723983435
0.43156526075086044
0.7750773375278407
0.8784106333298856
0.8350164533942779
0.40851332232031967
0.9132983396410533
0.20657285378933743
0.5936580878229323
0.2634997094823536
0.6002379463422453
0.7699463189301807
0.8121839455022097
0.8250657284973751
0.3659361849363013
0.9755031547327353
0.3476117311837854
0.2389783734931874
0.9919512315559643
0.3667714009361528
0.3072475843247716
0.9544903655235473
0.2762148961785661
0.4146582805464759
0.7075198221230198
0.2230422051360833
0.25101977980415546
0.7917622461722238
0.9310963459826362
0.21024109255406565
0.7912540578496687
0.25948453866416965
0.6550388027109709
0.3208090512462838
0.6834223981713827
0.8643589127312759
0.8798131781027989
0.9341163877452514
0.9571300239140026
0.9958520415899721
0.6880210148756826
0.721462509809283
0.5105373643195144
0.41084252680385847
0.21392914623031567
0.8912089034342972
0.23461162422701776
0.7935800935660718
0.9187374059133658
0.9485867229114547
0.5418879473999876
0.4220238451693771
0.8003837028815227
0.6848425800263093
0.7895069238087977
0.9922300725761526
0.8957754586268226
0.8952474993267643
0.548771160445025
0.6177946023363766
0.8855482442229775
0.7116024932342097
0.7726253214274581
0.6753143502460464
0.7296885576951192
0.6122218092745229
0.9316584051256046
0.3475430767732196
0.6409474482895318
0.35416832445853685
0.8032313697157701
0.8193195739586387
0.41117690771591076
0.21634184945867485
0.6430729093721665
0.9130711449507487
0.960786141267359
0.2764330061132493
0.3839274538041031
0.29777871899052566
0.8096330795194577
0.8728228615105127
0.6722495704085724
0.9919052681239153
0.3964255814464487
0.9118188861405369
0.4972076375187465
0.6303359724230533
0.6530738100650033
0.6269391478698173
0.32763075560758137
0.5835323851112089
0.8435347710853683
0.8861803307728112
0.8873770875029285
0.40491653483120427
0.2597912361100354
0.5536836864250355
0.9700733677526672
0.43535979879468967
0.5869339918567821
0.8857415117996557
0.3870897905108498
0.3247263487993932
0.3413371550557347
0.32427972897183244
0.7129144259888913
0.9648620629009279
0.8251479998976913
0.6367758897396107
0.5134697714818002
0.669749651839312
0.33078572867084366
0.2859822030752839
0.7213440143512645
0.4257838271637445
0.69574596447168
0.44149418001585883
0.5921070754311978
0.8351352759972425
0.3108412185371008
0.20774379756533745
0.33150300191248905
0.5661603345085894
0.4085728329076137
0.9857004033108051
0.7405519735551322
0.3589210934465217
0.5703267071629738
0.894071053423191
0.8338809606144568
0.6729288468153586
0.9988772515453738
0.3203346213195093
0.29194949225114675
0.9304325062408629
0.9218018037858159
0.22200406291611807
0.3659660789367687
0.5748908472974928
0.3847241405861185
0.31620516879985294
0.7221483201847384
0.8191030951978788
0.7039245335539668
0.41937944671640903
0.7077908482630675
0.634230374044648
0.23234151147919446
0.7827442615197188
0.9330223773472067
0.35194219270175064
0.8718546094453273
0.43714634557420307
0.6314072298948116
0.8761986942350863
0.7384135944388339
0.2850926362231583
0.7592653029716512
0.6909671670342478
0.5316549217451121
0.2132292504529899
0.7926335432114001
0.8958638043553258
0.7933034827329822
0.6725442724795875
0.22980220370800597
0.8669146298843691
0.2568973554995224
0.3285242325558959
0.6931089543569587
0.44401712368413815
0.6521623418684314
0.8854905197200674
0.5396125016194084
0.7739845871199785
0.5558797577335127
0.5609857660602079
0.5740469557365746
0.4325736224496931
0.5321022027225627
0.5042628881583049
0.6735706768549427
0.22318194099844435
0.6756981131478289
0.5332706308117163
0.8613642222755661
0.9357439814624884
0.8660860032184501
0.4998920298637721
0.9150624886440325
0.33763589956384954
0.9878977612629841
0.6503622219534186
0.27014463753790074
0.9967826834768778
0.975003930039604
0.3453929309634681
0.37857343565385937
0.31831904716894155
0.5675451436375094
0.7743481978921217
0.8749942438501855
0.6430928056454183
0.2513195076401381
0.3155070588580384
0.7335843852662844
0.8054428380166001
0.4787028858153688
0.927210063260132
0.2674002040061706
0.4859227869984243
0.35701640614009333
0.8747555167660263
0.9434991274489186
0.20744855096042625
0.815853184065102
0.798908603314444
0.6245882211359598
0.7963938251950332
0.8222726522190978
0.6602053258720133
0.30563269036804963
0.9960145640167573
0.7185034967210399
0.8881627946678913
0.46212940120729695
0.675587185095556
0.591387198748219
0.5038193970773861
0.9256410421057072
0.8451579990499474
0.8813534065764601
0.8467073607173106
0.8953241569399099
0.8033131691166848
0.4029094005779603
0.98352390410258
0.23947780349564673
0.47357885609322614
0.755461602393423
0.6402021296872714
0.449425953321005
0.30247495165700367
0.6985148666605786
0.40964775692407895
0.418400893271787
0.9005446955865595
0.4711954331635646
0.7743673346545498
0.9095097900118522
0.6426133968753136
0.579547039272344
0.20398697785540998
0.2034468844698354
0.9295201882506301
0.3004234045161598
0.8337803387172683
0.9667960025163338
0.390483332335566
0.5504690893346299
0.5655424656482276
0.5882560574415941
0.4953871694029339
0.8577655540087538
0.22527068101647907
0.9229861286430348
0.38356497723148864
0.5240764054919945
0.5774958788337873
0.7590268628466492
0.9370567025229486
0.7522909099703092
0.6514431540014735
0.8834815926362847
0.8750023059057038
0.9917975007067514
0.5345966373264079
0.2472237914083404
0.5549276154075307
0.20112940400862245
0.778954904016999
0.6629595943541153
0.5915494613061314
0.25602068994678606
0.9911843506144278
0.2850834809479482
0.25260747208222833
0.3933936814318859
0.3109287391997959
0.27171434224619273
0.9040320200588109
0.5478194369510239
0.43780550215108316
0.7619457541983332
0.9545121691569203
0.4903867260099316
0.7405240954977491
0.6837535583257195
0.3217360695010526
0.7707193353552001
0.2548572095918936
0.2315026973885711
0.7625110702030025
0.5605914933553006
0.4446042874746724
0.8704878437892654
0.921322424137487
0.8703447558353319
0.6489296289685811
0.4538542562024387
0.2589337527049156
0.5013094164682187
0.2057021303477352
0.8413871587093181
0.6868164153307266
0.47088338307906297
0.20162093069355203
0.7691622010270573
0.3560495566091414
0.5876627871572251
0.7663545056272907
0.9266101057487747
0.3568074332164447
0.6528091947994237
0.8219208186645052
0.879201695240751
0.9552323992550412
0.8007592564485009
0.8849975293586755
0.26569433806167364
0.4455842734587432
0.8953306366299162
0.3194679123301172
0.3504778962653645
0.9343092281603758
0.6533884867538794
0.3937066600396203
0.2885679340921482
0.5673938822396637
0.4904959878323425
0.908984206575082
0.48406121061701657
0.3531357376228723
0.5957507117271321
0.8867858550815851
0.6544564364921219
0.40146777011538337
0.7330516242889619
0.5670833483186053
0.5220415958788343
0.3936653902265388
0.5337290878790237
0.4640818815206028
0.9020826058071546
0.5069808041515873
0.7517258477793614
0.4260885444478464
0.47881527072162033
0.9565896059895005
0.3061054945080419
0.7253750121794006
0.7386339628734259
0.9942897216709721
0.9795475392846367
0.31851705589715595
0.7477243248355928
0.7480101880476344
0.5756766964295089
0.2571828972690676
0.6582963483251708
0.4066537948921265
0.7599124837077058
0.2107846858652056
0.6516350057859506
0.2723884668941138
0.5054049994201609
0.6325526148403329
0.8738057371818384
0.8294483261333823
0.33425567428580594
0.2695113338148064
0.8617553696522842
0.9213044540028277
0.739568092880531
0.5005727429296997
0.9739548267205831
0.9240237043497741
0.693379065527814
0.5796099324222196
0.6607868169096953
0.8952806394843944
0.8576865770598165
0.31712337056467055
0.23897004501231145
0.27322420685476
0.3083983094816335
0.9951927211780495
0.516878108151449
0.9624712714697258
0.9525019716982525
0.5639714946419224
0.6359737627831529
0.9882289741669577
0.3059070736586068
0.5494446186534594
0.7984939247089753
0.21293143353879407
0.7245786108717284
0.8252473152097751
0.2768336764068252
0.9495838815712887
0.6555579276166791
0.267922848908696
0.6101646055167057
0.9059749068497093
0.25137667263008057
0.28111517612595005
0.9717279017129322
0.6630824945161983
0.7910467150709213
0.7833240702134583
0.2485846586888868
0.5300937607811503
0.7317574489853418
0.904438432729648
0.933528604245846
0.9986021618945864
0.7125471215712921
0.9963766859865503
0.389661540472669
0.6994233576597585
0.9564006994711044
0.5671642498125544
0.321589727023754
0.9537137741487733
0.8501168198866083
0.9705736003879389
0.9853382082814388
0.31321502844824767
0.7139889444544113
0.5672420498533715
0.40130421309478925
0.8467954276632818
0.7857231860791939
0.5137760279190503
0.4857437948529947
0.45829022393060503
0.2665281032206648
0.25129953595129906
0.3459922158867891
0.22434723049616934
0.32563177394169973
0.32468042211561676
0.6929117683981687
0.2663688951886497
0.6226576143322718
0.2503771474510925
0.38053058360657543
0.26669512446454613
0.3992297276900588
0.23422287238534778
0.4156965329319352
0.6172133442621736
0.6902555633934435
0.9584802203672674
0.689036298250126
0.8552231137319112
0.2615792440516811
0.7702724265957607
0.48711641503251135
0.500704790083837
0.21111809471368992
0.26050828008991656
0.33361471899430994
0.7608679733362482
0.7761960533702088
0.6427245152267809
0.9083085867136124
0.5722682562366439
0.324046372724872
0.29884507927271
0.9382754995137924
0.3921652130519978
0.20427559784252125
0.40989024172786825
0.8411983083766993
0.8145879957245173
0.6076765870760504
0.3297467416910559
0.5718765939731846
0.8509784523924051
0.4235489448697941
0.5462877675688845
0.6293176055282819
0.3701899931906829
0.9655585798279408
0.872814398639724
0.6299862856750602
0.7499250047924505
0.9950156409671099
0.8337294288652264
0.9112148393504809
0.8176055902175168
0.9494357530765791
0.8684228124480755
0.7634218011820896
0.7658134407641798
0.6476011038497844
0.9416315285110849
0.6306258572526907
0.9247441603134747
0.5696253541030144
0.845937162072282
0.2387372805559287
0.9021146589109446
0.512467308531535
0.6742583308613498
0.8083433044939803
0.2621032892093367
0.4747144392225128
0.3775487787206204
0.9091751165981454
0.5912084762035481
0.6042395876117247
0.2191535465211487
0.37622336758761454
0.9992650019914883
0.2915533695347655
0.6286362892348715
0.8639369212084748
0.44104203901164973
0.46089455575649585
0.32892950315759484
0.775397114439518
0.6508590805354557
0.9565477381269636
0.45706703428754347
0.6810873740495118
0.9991492662594005
0.9583009357372883
0.9983592832207921
0.9527002614563376
0.524960683688207
0.648325734433571
0.38123374003900745
0.4219412375875923
0.38003098222247766
0.969273627484816
0.8349176384010953
0.29771501568203007
0.25684431519721007
0.21255914134993148
0.6287627788771762
0.9317637993402519
0.954337981659248
0.6838320926515847
0.608255168156614
0.8041706729725259
0.8083896612128886
0.21689515898146516
0.5417872223466036
0.32396630816377836
0.8822698984130437
0.9503984918860066
0.7338181796977785
0.8779615693149802
0.32548064156086776
0.8897703034625507
0.9613080079111217
0.7531888638452201
0.7768845719522169
0.8306643082509738
0.7905314282023742
0.47926712442595276
0.31715688038802947
0.5243272875866246
0.9095062741225649
0.8284747910700113
0.5585826774700918
0.9944718775533165
0.8052354770326025
0.2554741268311208
0.9324541519861956
0.8087978884419547
0.20040913130081095
0.5614751244264388
0.5803913144616453
0.6941943931641149
0.8486749702542296
0.7207727508708968
0.2542778912145336
0.7489255165089063
0.41858634199669076
0.6162010209553419
0.8212528135783205
0.6185876656606349
0.22334561185137713
0.6196952012004923
0.6760243823445917
0.9506663785793544
0.5995370096547027
0.5762211299716039
0.8520438779191344
0.823739093230202
0.5699668204214314
0.6052345926271332
0.8975433263454373
0.4530261511508704
0.35584951467203574
0.3529000321574641
0.5561200906130825
0.8506931794308757
0.9466949386279259
0.9167441221470106
0.8815327941519544
0.34829424347045557
0.9616587979299378
0.4394874768978826
0.627000989549777
0.813546437844081
0.7912533101668209
0.5161192083065025
0.2542756697090839
0.8083561978398083
0.27116367466524915
0.7763444070898058
0.21773868074108016
0.8205434641121839
0.2609055715395586
0.5520695304885694
0.8283306832524132
0.7451057262339182
0.5814954103493863
0.23551498718677366
0.5070544711873265
0.5820746436853047
0.352110055841783
0.3440678042900337
0.7600010033612564
0.32442814656633945
0.2404469487976485
0.9763441179949144
0.26276858563244887
0.7012101680281794
0.8568823167983073
0.8148431741367829
0.3672071432476651
0.5437079748910166
0.8257624089315742
0.26456718092568976
0.7867765079890732
0.40941579858376376
0.42748269507342995
0.8852518727462326
0.981708630153818
0.550052545856461
0.6644139015126436
0.37751621402149593
0.9798909341386253
0.24291650575591162
0.7956876407244791
0.9455415308541808
0.34416302518360287
0.5797318690924046
0.9432374485168133
0.9493163829102673
0.4118719000837614
0.49321636589509377
0.20400298485479162
0.9386946183730022
0.728077300586162
0.22745875437158036
0.42141078004995935
0.6409708040922366
0.20290729506706762
0.856913655176333
0.8849554965458384
0.6125866504368889
0.7316656450948225
0.8231200522913338
0.3085454848797581
0.45946812844590335
0.9164464307891553
0.42162033375260755
0.6968647560018064
0.6132684268424367
0.339760315059228
0.39047467796857305
0.8332512745892771
0.35148136152049614
0.8409150726453283
0.728774014789454
0.2719124745219511
0.969444232285985
0.7913645602723605
0.9983084659971834
0.7012702302803259
0.750123132636733
0.4119187956365288
0.7214743819253976
0.6743553405012279
0.7626574440829182
0.8558442045401589
0.4258563222705739
0.657047395674014
0.9863293584596469
0.6700520341459721
0.6548275093913287
0.21042823105896624
0.6448732221645203
0.6771189409335996
0.7785643558771829
0.31326741866596386
0.6160000155716454
0.2980450134046818
0.388792132740997
0.9999124309585646
0.29815219401234627
0.7224070957996358
0.9523817448914526
0.7603691748729319
0.9786618382082144
0.27147181332876036
0.9086596628894926
0.23773353299656996
0.655297863963355
0.524601728985442
0.7776646628907018
0.9346733145490321
0.7932553811399279
0.24764699944152924
0.8814310660280662
0.37165244183623825
0.9420670920947717
0.7402350366363427
0.22929005945492675
0.27840165075404566
0.30504059487967516
0.340333940970013
0.2181617852783121
0.6791173256137395
0.38548353887366726
0.42347776142312377
0.3953437288635101
0.7138746946886222
0.8653287663711902
0.5395703980872419
0.5410869813835872
0.7748094456352822
0.2604826935982416
0.22876485710923855
0.7501020965845907
0.7053837513546442
0.46162424707003613
0.84154301837884
0.3437749813322586
0.47258394464244724
0.9987542171138983
0.9845215092855927
0.979968401005659
0.8672756826771615
0.9644672189733235
0.8531106314787381
0.9435754849020155
0.3896283314305291
0.8860089478000612
0.3776331190359322
0.8237858293187287
0.30361938095474283
0.8993509019179817
0.2586177612846382
0.6594203708945173
0.8182524682367984
0.31325608450680975
0.40580749065687827
0.7440792056879694
0.7105229758828455
0.753766753001952
0.694337177514592
0.6330564995346298
0.2841566759547184
0.6197908157262519
0.9964660282123017
0.5908115075065815
0.7546322128029846
0.710915135700248
0.7304173267895067
0.6013766349094755
0.3497793882420729
0.2875904260014729
0.7658239760819526
0.8948214977222958
0.9825345430861449
0.43117744758071386
0.6604718433091201
0.3869962793820655
0.22875037088250738
0.41975759386828637
0.6229133128933706
0.7312448572918528
0.6522868754747747
0.7841733085676709
0.5452546250834092
0.3591327745090461
0.40451635513606443
0.6124951597075843
0.37307800134338986
0.28773960731330195
0.877195482880676
0.29139143914962673
0.6320777398856263
0.9358909314154606
0.991740076265128
0.6358484252170601
0.7736709875920861
0.3316974196689735
0.3607001917176088
0.9977475291889868
0.5021871465566784
0.757369997481911
0.5961680242778464
0.215420766263962
0.8283081348060404
0.34139199436220014
0.8306194606641253
0.6779231558742893
0.3210015133796962
0.7228578597942381
0.7494525350859328
0.2862194934877602
0.27382697710101356
0.8792385843954372
0.8400996569485946
0.9252535270875509
0.39920293310699306
0.41636024332276134
0.9108294015316885
0.9143304056786672
0.6883334158885667
0.6349962587289373
0.8170074605242753
0.7655577246242935
0.7236724824453084
0.3779440694593361
0.8702513974562068
0.8653366963449851
0.9716623352250643
0.39973271047048897
0.20741755853460075
0.3580478892163653
0.22521788455990432
0.5107443691745139
0.22769545560096127
0.24522306208531164
0.27986241384623733
0.9169751630187769
0.7442109233958204
0.9271376316391243
0.6299758200402008
0.3061164825305899
0.3830058112754915
0.6199046370030439
0.9757562556670235
0.21260041785210548
0.30917693378708855
0.7365555854464929
0.8008112761329023
0.9742686237596595
0.34653679445022656
0.9616163554629377
0.38155788635653254
0.7583978126020602
0.7078211554457726
0.6357854007017082
0.6278760774715187
0.9489579048412126
0.9680855311481223
0.9329456237502374
0.7750559634549082
0.4535263708872924
0.4507545195064564
0.4393129776079042
0.9172818536267068
0.9930192644977435
0.32399597437316485
0.2575283148570743
0.9964693756762731
0.8445785274747533
0.9717751883892142
0.46568741346233755
0.3717635664493618
0.649802479857576
0.7692251121724397
0.6001843698956797
0.479687992683541
0.43865721093347043
0.7191157009789464
0.9607939096605107
0.7455803156523497
0.36970242495128025
0.9072893551168445
0.6777213557817514
0.9518126146357682
0.28855295127021907
0.599831436455554
0.7622784187184116
0.5389099072662626
0.29040067284832805
0.7335119582058782
0.2601189889268811
0.2773999613203926
0.8632250851456845
0.2614260475203465
0.4093638915712138
0.9427214083852691
0.6143774786912701
0.39070672202105583
0.711032900488881
0.6819162670712164
0.3731227893866875
0.8474249585042902
0.6269148151612404
0.4075171091794558
0.25298817967739773
0.3709996322015101
0.8627790788292363
0.9976520017532076
0.76598206362285
0.5839429121081665
0.7296783257977388
0.6154854925812411
0.6270670510964952
0.20904818240206058
0.9899072890698272
0.3947724182614306
0.7097747340027963
0.9443387219699501
0.9789662026740182
0.4696068952966159
0.5676907211063649
0.47184760867346776
0.3479064303517374
0.9942574183297715
0.8849570594035201
0.8102716384511416
0.7676323887334575
0.3808450690723957
0.908052786269839
0.8007384252367773
0.7941303175251829
0.7231573538891883
0.691255897836342
0.35908555204534154
0.9406487631209091
0.7736762643277048
0.43725918707459077
0.44503761169137646
0.6462446799835019
0.9494746202213649
0.7391819031555472
0.331354549891007
0.8516952421414087
0.9461914027419488
0.9820322113345116
0.5333420181159702
0.2811333375047773
0.5128312248661103
0.9396442221913107
0.22937574698241547
0.7355051984103034
0.6435753334817046
0.9841911449447037
0.9840060381822472
0.8912612984814667
0.28706644783046886
0.88665348784934
0.46356389665924946
0.7878210053865513
0.43082983066544056
0.6795576706729812
0.5897600614031727
0.9781463152405172
0.6801582263355387
0.2538035805619948
0.9641565203217447
0.7569672095646001
0.6493231580904856
0.9197480680909769
0.7789124994316383
0.6966090776704366
0.6542140534626774
0.8145429877631648
0.9941412524501968
0.5822272912752487
0.9098284037910457
0.6366666649307703
0.5368743377020254
0.8545741683701411
0.4347814416342076
0.641509446296845
0.41433432134401416
0.40872011924783846
0.9046822329326486
0.820350317831512
0.20273196311152974
0.4633178642065777
0.5697301657561427
0.37112226919107427
0.3721818464372445
0.3171379599389924
0.7674301562321402
0.4899908685554806
0.36955051846592735
0.9673435254889377
0.41289069921837107
0.7148856814893096
0.9369862694113092
0.5282956840241267
0.7948504518382316
0.42989124654032473
0.9757497947337033
0.9477893777192193
0.6834118711717257
0.506630145676283
0.9839809293244125
0.9458974612071448
0.27067576823989126
0.6212788064703993
0.7307029874647388
0.3378843684664985
0.2547793793378266
0.8845168658785094
0.39772866756631464
0.6384177876416827
0.784447540942413
0.40757161039110956
0.7862809035066456
0.8825021356673028
0.36733746478548157
0.2908585024279021
0.32181902595637923
0.7294355125787719
0.9458532455825138
0.2964604170155243
0.5301052471598635
0.7438696878552686
0.8566635973847629
0.7485735509444921
0.28031804541281735
0.8866146639941058
0.4537740494101118
0.9490664305274035
0.3101977302542126
0.3668008629554824
0.4698358148080105
0.8771952398309767
0.5927196657394888
0.2933764102070229
0.9783971627635751
0.9583835870763542
0.23323791004958683
0.22328306944792586
0.8508120967143538
0.8267665941171949
0.8298506947863812
0.7441184350278089
0.7662594652103313
0.8499278012008509
0.22171886453211187
0.7618157466110226
0.7396949162240616
0.6972928398788298
0.6756811073479437
0.5943512382676036
0.9455726295337882
0.9878122653324114
0.7816928050376658
0.9565842468264957
0.7033672417231781
0.7353886170697937
0.7996905315829195
0.9391935009906897
0.7032092554071014
0.5550554868550306
0.8627524193345038
0.4338635861926212
0.2335846403484999
0.9131386403242331
0.44025016432887043
0.7845415325428062
0.6189586120197411
0.2847941883620303
0.22022740955255438
0.7475265619727799
0.2881165786511346
0.5195248950073942
0.4816724538845927
0.5328480382699812
0.41716169883999654
0.3816327385517143
0.3598505389705847
0.29213594846393287
0.4923235722981887
0.6942409660340491
0.7871189123014923
0.9695597214020476
0.7286259255759736
0.52697496223417
0.8579523057118554
0.861694408526006
0.9915172052172544
0.3074518996074401
0.6490828824832159
0.38528553169186497
0.4744242234191327
0.3479544188650652
0.6866434942803841
0.29401783561554495
0.8198819190581677
0.266994827418366
0.3722311620691636
0.2032842694256144
0.41717804069341013
0.2990970011602343
0.9730000664901458
0.6007938195651241
0.3757401470741253
0.8984465995392498
0.9208136434646078
0.9202035922599072
0.6887239768380204
0.2628375687491318
0.5147782941790903
0.9564458212374387
0.830192033248621
0.8011633952875221
0.6287840561125416
0.4238319296096863
0.970093394332817
0.4584372690416314
0.851171400692931
0.48758926623442134
0.2762560336622052
0.25799614635633006
0.5694516607838875
0.3693960400737373
0.6884705208765938
0.30305357915557896
0.20644529080727791
0.7588834614000378
0.20018505069492798
0.6208183910687122
0.45484077934553935
0.32075474645711044
0.272815455388679
0.3639177293080158
0.571272076814912
0.7566119692326061
0.5245378672469816
0.5143939617653479
0.732548304347742
0.5280889966762218
0.6413990141141238
0.7387351255150811
0.5883360404272007
0.20913153614342295
0.9196334126229049
0.7964960143661344
0.2921149063981443
0.5113217412937404
0.34336942338632903
0.2818489425012475
0.6081509693495646
0.5117239916906572
0.48948791922773116
0.5609654258615686
0.4041703836787398
0.999510816451365
0.8582961076776188
0.7584566007452258
0.5731566272300572
0.959126939002173
0.2609513290033256
0.3578555189400675
0.3466206635311574
0.3786754378635532
0.8322093115382057
0.6720336382682718
0.5264970906597118
0.2796762507589352
0.9777415974064527
0.5673098546155372
0.4561547524465336
0.45193880673205533
0.3097297166502966
0.8234992588860031
0.6457296286655847
0.5149518966736578
0.7145071506701217
0.9782997309462297
0.3642838841848084
0.6444479657879394
0.8639281844427041
0.273523525625203
0.8260349077268929
0.637406500141041
0.24934882244300172
0.2602016500190195
0.3508757559452417
0.24944903967018406
0.6916653223843188
0.24257365848766876
0.4083413757759653
0.308420258860752
0.20100304337542207
0.5476566162913032
0.6130664659031825
0.29691798515122436
0.6109149181927768
0.6635274117374987
0.20633817883418426
0.9668447526058503
0.32930670260601624
0.6934165812409464
0.7858209857696279
0.9459603634073872
0.4343611364048865
0.4190755653336179
0.28188000611907915
0.5877641574127764
0.4953837831900556
0.3925664612154469
0.9348292548648851
0.7351376562798924
0.9442074548532536
0.3355079300680768
0.7967238412581243
0.8792418319994226
0.9417077396082782
0.7612287274979567
0.5836554875708698
0.49810638330242873
0.9971280656793536
0.42477409291158374
0.8338382557874816
0.5525532900077117
0.8741576960761663
0.37971635719450647
0.2479339415782975
0.5662665435292028
0.8116580947775529
0.8308278520563397
0.5665913846587436
0.5836111410525838
0.28116787549983935
0.5521963867439856
0.2112206074395936
0.2934707017858138
0.8478608239640575
0.8053819308184196
0.827917941416262
0.5717136022333993
0.5126721715225883
0.8729979543907378
0.7359246180807393
0.6747133353460064
0.41452451255872247
0.8258555820853525
0.4244401592994502
0.25502412855773104
0.5510353854724064
0.7819665482885155
0.9165341390608411
0.7185499513842692
0.9704221406319264
0.9947189052045862
0.9678977983108324
0.6569771454529205
0.41808254925039756
0.3603538248045335
0.7928239568168339
0.9402683922580405
0.7826539808329934
0.4140243393593791
0.7566166978877461
0.6551001220240966
0.5735665236920974
0.24279381728951455
0.3990229441240717
0.580162808904541
0.8997002776605768
0.9958197501283726
0.21431424750082095
0.20716670528529146
0.6168301621288493
0.764698971561025
0.6890559768885854
0.4796458380728805
0.9822984568183432
0.7003164010922024
0.2513722082836083
0.8552431248495485
0.484583549280202
0.6034213608744512
0.9140227695780817
0.31015111521344585
0.4397725057544376
0.22827240897905832
0.42527095025437545
0.43898781309576873
0.6860104882052777
0.5579645096765028
0.8802483142066929
0.7553758593963799
0.8764837178284771
0.7718670809384549
0.8136683223330416
0.794526952429251
0.8650303415041231
0.21386609278503088
0.2888717735619265
0.4234156155466503
0.41445299676903513
0.7392752721426353
0.8397324664418322
0.6390197069888207
0.9171000193436234
0.9219155404508503
0.5571853346944803
0.48959012328335605
0.2563222075625753
0.21748478018963002
0.9981607680927609
0.21247439742853713
0.7601292432338087
0.8193277139175916
0.6151569036594807
0.2569488431582819
0.7538681611970945
0.5859046167852136
0.3593344162023462
0.9169476713370757
0.9421222413989707
0.46229680482831126
0.6382945871334555
0.41671931353264247
0.44741213334649266
0.30875708004928115
0.6050242617888272
0.23374039018156711
0.5098970612740051
0.8839673815071084
0.41100332486160895
0.8355962951027398
0.7550805970103477
0.6149079069923353
0.5300706220066147
0.6588075165962025
0.9956883042068445
0.28255592776364236
0.9025979709002755
0.2108004505079587
0.6334190919954316
0.2923747400674134
0.29660504324312686
0.20326023894841838
0.7972873696259144
0.5849785188280731
0.8253388848382947
0.37076206875982465
0.8264671483768811
0.5761128606306133
0.24637967485600099
0.652519300620667
0.2599893703165753
0.5632983772303851
0.4144027246107468
0.267019475852337
0.4357258398614583
0.5620495335171226
0.9792962636143402
0.43824132742789523
0.4835986671264271
0.714729889172411
0.5356195860956444
0.20229658686349072
0.35659010491265464
0.4717425066997717
0.9070892621957133
0.7645738096151106
0.25803024905321104
0.7322001116391943
0.3950037387290618
0.983359790400452
0.94688362427208
0.51468593119905
0.7856122349482721
0.6518977347688346
0.5440711526786534
0.7638381309778264
0.9097418339429565
0.8531521688651726
0.525098685480088
0.21103096152012146
0.5653706368887561
0.6042040536922908
0.48386598677589165
0.3075075319548485
0.5589912252947566
0.9424162472019679
0.8464246865401773
0.47352583548034055
0.9295212723442454
0.9448992803233306
0.8160184351059938
0.831323422833309
0.3229290265058459
0.7786738122517285
0.22753731164775615
0.9790208402543229
0.5036383930172429
0.23295063879603894
0.25171529955766225
0.9366671737507192
0.8296821843012652
0.7696449917561018
0.8437306412880238
0.6775278178586295
0.6562441757285494
0.5627169664861338
0.9635819220485097
0.38671316451842896
0.7427187584172135
0.853763282513749
0.9445411482850149
0.23260931050128175
0.5519575019981455
0.29249046535433754
0.9413042758474747
0.6336540779571153
0.24592284009875298
0.9336603837412075
0.9539160072452374
0.9963045296629033
0.416073882816722
0.8964470816832143
0.8128269766684444
0.932067626095638
0.46495920578523486
0.26624761517889317
0.8019448942677272
0.9323367861961537
0.4958579390007408
0.6759943533782046
0.23601200142370382
0.5558238554808673
0.8003464581508727
0.4615936340124719
0.9155213606167556
0.9545820037172201
0.20569463758913598
0.4558635000654039
0.36005979705089863
0.9432046872961826
0.8413758569925528
0.8348333545011571
0.3280848539922955
0.43390363440666535
0.9463488979735577
0.47077829119770676
0.3085057522355735
0.5911149678562523
0.32520321337175384
0.47640050200898576
0.524657459788713
0.27799408360754985
0.8831054509615489
0.7140518945653214
0.724418820843888
0.5324630676173256
0.37428293135145396
0.5982818668434366
0.6763014872834282
0.6499907249308345
0.38396482464538695
0.23509546632419898
0.30967592800555055
0.584940915993565
0.6934439652263137
0.21103003148316624
0.7605768248415267
0.8715199248995953
0.2835105823517714
0.6743879103125239
0.6742253158053981
0.2546756689330708
0.8819182656894542
0.21678313466878207
0.6650036274092908
0.7246150410351249
0.9992703982028825
0.23991997259427833
0.25079611319183914
0.8969974976526733
0.3489028301524436
0.7451859611420112
0.2969426437431828
0.5183798159952013
0.4457608841275025
0.8651690661397192
0.4967992738694066
0.35579338517287273
0.9386672571636604
0.7511280840295166
0.35759433405841135
0.2473442086114349
0.992268254156149
0.5959436584071203
0.8043504753294121
0.8605908074719502
0.6220579900502833
0.7621400433866551
0.8734765585444668
0.24319289670986888
0.8552079678710104
0.9391853653752111
0.4144041359227483
0.31246904518229346
0.9823935445475017
0.2705408438012038
0.7845299175591678
0.5550839903858489
0.2865370386254281
0.5087260384288894
0.21275230034492576
0.5082164781493909
0.7576927756955145
0.6799153524673308
0.2682313952854757
0.373120242216919
0.2513326840428811
0.7331439543486196
0.679081116405205
0.26332348262334926
0.33296814586690526
0.5798239999154057
0.5739050066897553
0.3362246174131748
0.7496784189602672
0.2600172668287738
0.6693776755892591
0.6964951262520116
0.494113102044173
0.7880051931318934
0.6648183577363588
0.9038369686644782
0.7559232043191556
0.2537332077534663
0.4199028210624225
0.22730713773752487
0.7255656647565072
0.36284156489664865
0.9730408620089015
0.8804525610894022
0.23950079433720772
0.6123669794104049
0.4916807762639053
0.9512188372868455
0.8938365030764607
0.5397685379133075
0.5899023055325118
0.8811880482350923
0.27225563054801494
0.2818674323160011
0.8454677788140974
0.9322015438426295
0.8492504392757122
0.5033715946793458
0.478413527936557
0.9882970517708992
0.2141970421711874
0.23883401216542688
0.5030931618681559
0.9070032642644223
0.7806534656025789
0.337884619936758
0.36722039494800973
0.9209040514623903
0.6734393776829738
0.8399517705530443
0.7299921670045825
0.9908391674389618
0.8024269505983253
0.47959682705272544
0.9082501937913371
0.313164292550309
0.571383980074073
0.5293431596025251
0.2926351620210492
0.521370403508856
0.5700113949817528
0.28131802556004726
0.287254618907968
0.9674563303175961
0.23020786433846774
0.33126157624109875
0.7360043629481037
0.2517368853685443
0.6333960256902846
0.5249080561577179
0.26772268252999065
0.6751836021174195
0.3821459057134666
0.6110630078657151
0.3534116238569669
0.28479922948827663
0.40060017003062054
0.8436911053720184
0.42201589733424094
0.4174005458528087
0.7746122014635066
0.7893941578518945
0.8409400847603254
0.6838438038946574
0.8259348081206787
0.49303631337155385
0.9785004088603777
0.7604235740601729
0.2644504466873636
0.7984941480254236
0.9554648291702779
0.8815589490085677
0.279771492707661
0.6549929914955641
0.7155559069409367
0.6310624378070194
0.4220749149772539
0.9804184870990312
0.5115757740640283
0.3808385881865256
0.4074083971305681
0.6258735485089403
0.2309512712693842
0.7684912543171576
0.6677912048193573
0.772599865769962
0.4411506597903029
0.930954410150688
0.9699416755806398
0.8852260354233052
0.9216031279028389
0.5560127642889189
0.6941440214429703
0.40084038864993043
0.9488564529264981
0.5413129787040628
0.3395778065562054
0.5419035551581958
0.6005818380273797
0.39291630585242077
0.6255216719883704
0.4554626218092451
0.24968633510757554
0.9060421505808206
0.45651447055220684
0.9107770626029749
0.8826729309715893
0.9951848531510873
0.8433038634295409
0.6697663082577688
0.7244785151132354
0.9606944951164376
0.8477096152449097
0.8685993128708079
0.6015578654535653
0.8245358227265743
0.8152804257255045
0.26497877805874837
0.6157442495086856
0.20528823760928605
0.2828406540139108
0.7535838251028503
0.21777604254212457
0.7866012292229696
0.956853185942212
0.956986129716001
0.6730965501861328
0.6403980121678657
0.9834385943128261
0.3372282789430152
0.6043338280888857
0.31330262887652827
0.4529891275576934
0.318693491449915
0.4895501684039254
0.8621152050581088
0.9524339344320063
0.9488751546077112
0.49824800041196615
0.2793522675754371
0.9224657913184521
0.7865975965901201
0.897427346865851
0.6211871417767086
0.7670041171801787
0.6472334438603115
0.9405025018524877
0.8029888433652128
0.2737045101979625
0.955889123467228
0.9834713319120076
0.9804741265401968
0.40321930104182047
0.587731549263141
0.8713774402781215
0.562025821045303
0.9386933619959943
0.43587738009507215
0.9262295022406027
0.9767526432147218
0.5475775166008127
0.3996153203119518
0.45898356027944653
0.6689010004967406
0.831793054226671
0.9258173375279217
0.43591836400637285
0.8738077256546062
0.7511192986447186
0.6257893102242028
0.7393188064123718
0.23810176964346375
0.9907739791059158
0.8321975007546216
0.575944286826674
0.26476468519756624
0.6326898365621544
0.8426740685690344
0.6887257721437441
0.2732028053601018
0.8601847004342357
0.8952812492492509
0.5025987340290095
0.30038516255716385
0.9975699708520274
0.8304283108824252
0.3381325859572213
0.9846120546849998
0.9801982755980548
0.6350619591832496
0.7513508149677891
0.8055681067197873
0.37293709221087956
0.22111835211540443
0.6046282477480909
0.8953295292912322
0.6748754982243715
0.7643305601977678
0.7822002550260577
0.621925217303051
0.6250445866864182
0.7286341239120125
0.742167262739839
0.9548371170496883
0.6149484343946628
0.7135141711985642
0.6764012143926956
0.9460124690508572
0.8228590157588036
0.6719989456370353
0.7389197358161853
0.7675339548849908
0.571324018070949
0.9357555846749321
0.758562862170427
0.7645465281723152
0.9675922618823564
0.6187591513707906
0.5597729042426784
0.8594953464714502
0.8513113462624682
0.6516530047629941
0.6759791195297625
0.5201271901208948
0.9725724098616648
0.6934529394454161
0.6993828503874708
0.9293759168731895
0.3865520439708221
0.7084161010257147
0.725623088427353
0.626256144212057
0.5954182267276272
0.9225581649709691
0.7911141999675486
0.677478697185333
0.7284568952758768
0.5989447757303986
0.771829267957225
0.8722122351111314
0.29857886555291824
0.5766518803939552
0.4656663136933217
0.9430743580099464
0.5518187988582096
0.8135639515081079
0.5435324944537652
0.835103178084313
0.4348323699118172
0.8003459327125005
0.3774224773840852
0.520859049056046
0.8612935805102477
0.8304894226705303
0.9582557369918993
0.23682648866616562
0.7816303544010125
0.8352024435349924
0.880575429522929
0.6799396924977232
0.943815685043577
0.28047119767971174
0.8130538717511646
0.5481073296293567
0.2914095337768162
0.6968820488763836
0.7638574382575665
0.8345298190578183
0.9833475581226337
0.8686627651761408
0.8765018346620831
0.34562192032703665
0.9005734695541993
0.36815368253497394
0.2895540410516304
0.5811802525763745
0.6646747816176594
0.8397891899370663
0.7322100027556281
0.719986046437831
0.6549943490122706
0.3598222353972549
0.24645034554024536
0.8981472442811977
0.5791124686275446
0.8469637137145916
0.5474201131217479
0.27386696472930416
0.5702071462116968
0.21752175478748015
0.23420184538081423
0.8679106569604147
0.7792887910649338
0.42389984498251276
0.3285319796735078
0.8464206812848514
0.7873060673368973
0.8798929127801436
0.3491905166592
0.771469821293098
0.9031681884511831
0.9454232543336492
0.24616504210509926
0.54762800571195
0.8011514919066718
0.21444986852990366
0.9484405852485521
0.648413549788045
0.26256527440803323
0.2032889515278138
0.6960537511005206
0.861714760841048
0.8464644251820518
0.7172870766134799
0.8249097915894722
0.49453149971838484
0.5688978402295497
0.5387943230693404
0.24207609152241583
0.35649724266796
0.9905587238457205
0.7942807620642165
0.655958534930902
0.3923290802904985
0.39732248354286337
0.9808238024127935
0.34745946247156567
0.4100764909805139
0.3642833532977686
0.23924940334354883
0.3763218551374937
0.6479035708059302
0.32860653899355086
0.24481772874990637
0.33342475695707685
0.4160844777605446
0.22915913383910524
0.9056991170770943
0.6425315256232749
0.4816444231935769
0.31328033183283466
0.21707974982397304
0.31447747826586026
0.7400192050734857
0.8100076523863251
0.989453791698384
0.9655050561145405
0.23544813669941866
0.7991147114802238
0.6254138510353024
0.5901912559463542
0.4251466113853336
0.3926482106990844
0.9332232055222078
0.8551739898877911
0.4288286422426252
0.7700772002782564
0.9756483091534371
0.2833798828399605
0.48534236781235407
0.26469650177872894
0.3096603134626208
0.5785618917085618
0.7699853899595511
0.29988793816871284
0.7972471936246643
0.5384577252700466
0.5937169595230276
0.6371771985872432
0.7886440920219303
0.6839816291828829
0.3403497258635624
0.7978260345625734
0.6957608727648568
0.4791266481679538
0.7812314428274701
0.2739453640499242
0.7858904141298138
0.48385904227131094
0.3153753858367965
0.8589881220455239
0.5731335439172786
0.4519332946117237
0.2565585101478487
0.9591670485304926
0.23004777451758762
0.8209711980439327
0.9514065936780869
0.48734784020118593
0.30871031734548027
0.6968562337277435
0.8061333928535489
0.573253991292836
0.7239600095346435
0.6563875956675367
0.9776237974457601
0.9136337503957846
0.7338100286390972
0.7898763773500859
0.26925558707639885
0.6944127501980376
0.8105508827038406
0.30758739366268706
0.22426815096562058
0.2842283730207802
0.7580453643406054
0.5772797268226134
0.9405561799422612
0.5861428977529156
0.9018206875548396
0.8512002832231702
0.2757092445994209
0.7649479505904433
0.33826735209821934
0.7298079752030868
0.2318931899747978
0.3074302174915944
0.9942072674425245
0.9733579649107716
0.8964161823794465
0.9743705385097496
0.8196165609524757
0.5277174185531517
0.8066248985267881
0.21868037779724825
0.9277212405078674
0.3553938613907467
0.27900190650504864
0.6857056116242061
0.8649659017035782
0.251022912782792
0.763312424095641
0.917072609928269
0.6857196615146498
0.6606667728437408
0.4552318949767825
0.5158706471065458
0.7403585666008929
0.8596781007117426
0.9680733775557652
0.2757996802903605
0.5639669336363089
0.2492298726445813
0.5370224327676684
0.7845830236774478
0.7155646335635496
0.3195627273600319
0.48186570275474905
0.3047753129318348
0.6422102357028824
0.26209056168567957
0.5584384847552943
0.9220931262613558
0.9773871094524617
0.35549141676728646
0.2859080048219177
0.9352750131893259
0.5439543686005548
0.6086101958157819
0.432519989465582
0.9652098423938793
0.5725427737437125
0.9422790688814418
0.3888294523165353
0.8538053100196574
0.9202110859902554
0.44688952892440437
0.45837416276376686
0.6042104707845768
0.7018239241508911
0.947620346814554
0.37887526675409045
0.8457414568463011
0.8273149207427682
0.8485245829295328
0.8433482407630435
0.4964163956019032
0.6707765184515794
0.5361327630392537
0.9119029675836647
0.24752667447715648
0.8456166408624978
0.4249375893808477
0.3443105696948685
0.8932305350433881
0.805911157991525
0.5536252973762883
0.9228718942924232
0.7270414432683858
0.3781527286300512
0.30742557554332917
0.3238860868234664
0.735948621976307
0.9116398330520087
0.25867795883462585
0.9499549021595328
0.8986868020151932
0.8854888689188455
0.8007905737445435
0.23982382559815896
0.3814325687225707
0.6548633060870435
0.22851883733215272
0.5212451797221955
0.9716226896925638
0.9581778933768038
0.781469354956669
0.5729190778915082
0.4087824823695567
0.7807859470251838
0.2564558045526395
0.8429776344597157
0.2050339394307048
0.5932541841067206
0.41673397089253117
0.5240158429578738
0.462470611277369
0.5555243922560674
0.44319650583156656
0.5459396939904264
0.3439951492295964
0.6319268365203953
0.9835606800123889
0.9243759391370555
0.742468891843824
0.8327289770374026
0.9982275552140559
0.7132752176053242
0.22920294405793062
0.762430896908382
0.765141040103282
0.38131711707890925
0.2346090854411641
0.9066434293178358
0.4552960774936905
0.25964945468630996
0.2841127010099276
0.7332138687350254
0.4997291896965451
0.7227055687889523
0.9485298585706368
0.28993464552015225
0.864081155207387
0.21566243962236697
0.39966071019376026
0.5811951450313271
0.7004711325429126
0.7982951100016883
0.8681231231633659
0.7615494201782432
0.4335053913377227
0.7720692170219441
0.6971465367974519
0.34233293648660934
0.3460904231974048
0.28279930458649993
0.5270733757475264
0.8490249985699626
0.8710317870343979
0.40385595628899496
0.5852918363605768
0.36971850838937337
0.8122280696219677
0.3014791771547338
0.8883813363267982
0.36371960493573985
0.9732492882556364
0.24138630699066543
0.6043249439645487
0.22266298724920053
0.396909018382925
0.24301462557027065
0.8854841148374074
0.9017808613255232
0.4577552404994504
0.20510189002948176
0.8226459212842068
0.842494308214957
0.48737375652307746
0.2340054586232272
0.8552788285375186
0.9672321230756554
0.8973231089555543
0.29776177285523786
0.9169814868914421
0.7640338793353589
0.90709254815438
0.23803413604369184
0.29035030185467303
0.8769103441050031
0.980800644850727
0.30545376742774466
0.6117406073706408
0.30144268109384276
0.5603402781141099
0.7882910331896255
0.7052450358559751
0.25224501353986994
0.7233493923444647
0.385605509556038
0.8783072550412853
0.2522852326605316
0.41147925759463555
0.8460368409481249
0.7805141804986256
0.4842125035149355
0.6875034283566721
0.8527022190992649
0.5732726745783571
0.4430783743068887
0.23334819236480897
0.2151232471428548
0.2222085984093295
0.7636381517095407
0.2963735683679629
0.9948686193208529
0.5742272650704525
0.792564696844112
0.6714829015432368
0.21648944947805748
0.31983562667912624
0.485870980306898
0.29063435775194146
0.36281850557399
0.6258714517678698
0.5452618011207359
0.3321240427837424
0.34237207326551367
0.8568585054192168
0.38054430032248987
0.6964841279032983
0.2738665923548008
0.8117188252569877
0.21080982848445873
0.32428540784387894
0.22298861415222948
0.9929197401473981
0.30055620216527057
0.6746861890534795
0.7364392784299929
0.563763956647034
0.33365332501005196
0.4966682644007213
0.2816343599803848
0.6253223022171861
0.790540145703845
0.47114154172847256
0.5221767590501626
0.928007276835082
0.31163649276477956
0.6228974148106559
0.9391529316461434
0.8973979131988997
0.8000504735783897
0.5259901916448676
0.39675936936221234
0.36401286920864584
0.5604615089966701
0.3342678597411255
0.4850714693836651
0.7791001911751506
0.39959406441305667
0.5933911129830545
0.6822395589010426
0.9212665715718833
0.9474881178529196
0.7594764328250667
0.4081372415656471
0.3588878468466641
0.9849029942972686
0.7796146595298167
0.6991100521537494
0.712746352267641
0.7631552625774827
0.3713608008390543
0.26049039511855376
0.22398310922230213
0.3227272485964615
0.7458090472185394
0.26572658231943425
0.21578723497408836
0.9681839980420185
0.9636955939814157
0.45609497107960517
0.8460364332853507
0.5770797647350162
0.46245434167433186
0.20160321965054806
0.892268183297925
0.8989804652103912
0.8071185137881114
0.8649622083208588
0.7174964683384646
0.22988059870224153
0.6922710955057411
0.5853257912264727
0.936635059665163
0.4791011683651516
0.6488477648971033
0.5485392089959972
0.29645303992045513
0.722771917046152
0.9847735617129998
0.4808060850594914
0.23165007566743334
0.4944081326220616
0.8815055676613806
0.5885832169425869
0.5652831616425918
0.7311230675162808
0.8228194501586164
0.2263907141468321
0.25702006415167067
0.5268098164178774
0.7929263595775002
0.9803745741357822
0.9200687701777581
0.28329621168934305
0.7863929091414954
0.946209474047707
0.8975048401375315
0.8778427076211536
0.673299659075485
0.34468068882600433
0.8531578384321411
0.8985172082353307
0.6631288390238236
0.7812460276262787
0.8036637662283548
0.9154173140136254
0.47821505842555845
0.5851228593474554
0.7130009612630072
0.630842163419542
0.9694213546535021
0.9994265753952916
0.9747455147251133
0.6137562418875941
0.7054966167150846
0.3078993755322593
0.4128852806795015
0.7239248486937441
0.5662780921081868
0.24073267058146353
0.8813084500766398
0.9914998444716621
0.9406031604741669
0.7304887325383792
0.25442196113425175
0.521592661645959
0.9403435180391204
0.7789473478229768
0.24770580823794552
0.5531408823204949
0.6766260404333923
0.3554822425475457
0.9950960729656565
0.4230769800128237
0.9664611856574581
0.20275760567022583
0.8738394379033744
0.6292763950505117
0.29592540769253217
0.4932336493493469
0.7891656335779077
0.2553348462688332
0.2822540716851333
0.9812043671853299
0.6488883181345503
0.9138406058858545
0.7861891259339708
0.4442236962745053
0.39860670748367466
0.8992936280389924
0.32815499297287865
0.6575056778247133
0.7262667540030359
0.9554190803807039
0.8616280532071888
0.7245781382852162
0.8581087686467876
0.6151477582533534
0.8297255413225922
0.3167593513229321
0.6046711961333174
0.9550774397304865
0.9537204615754237
0.27612584382478944
0.8983032685695818
0.7323935078720683
0.2163520469187754
0.578525457857784
0.9988817017327228
0.9932457057071824
0.711711958019217
0.5526185887060414
0.7609327892037742
0.9055740111849551
0.6463978140557285
0.4361454520100517
0.7306731375603223
0.9383175183425497
0.7761598485507659
0.9899038001975686
0.7158124522088174
0.5050776022626624
0.5618942335133393
0.32762175348157785
0.9060752853344064
0.4776402014539449
0.30775141506634507
0.48317005943841884
0.942885886696865
0.4993778534082226
0.6927340033505013
0.8986757905807291
0.8028665522778062
0.31386024397643986
0.7125929570360997
0.5804029159562749
0.8902363342974089
0.8232590732026505
0.9015820726912828
0.9866166195841086
0.2115895950568768
0.7773530034146308
0.8445083739527908
0.91117933869759
0.2453192355784809
0.5516137674745915
0.656040711462193
0.7792854837927032
0.6900295668936494
0.32343500571927053
0.8556602093610738
0.9450030912976385
0.5929412226727047
0.3789150288918822
0.3871234007091321
0.9730505150407348
0.9248409065652334
0.5441421735732859
0.960167923245335
0.9879244983973481
0.8197765677286906
0.6052832889901355
0.23134843213594303
0.5200221718993843
0.8824379985596603
0.7931003302580423
0.9787937306887764
0.3900378185402129
0.9049836567920965
0.7406046028746615
0.30795016149363075
0.7659527385181357
0.6056488899806042
0.7088726334040855
0.7228350750475967
0.8187922430222367
0.8814687497289122
0.6412558925773783
0.3519431089155941
0.8631418583528246
0.6052858424805583
0.43761155989347666
0.3871375050294068
0.25427880188091023
0.7379168744885688
0.8769966059278199
0.7445967096312663
0.6354873153517477
0.9073526635267235
0.6438143941892387
0.999298754785982
0.7191478653633682
0.8363169760427648
0.5814176431362093
0.2111634281800051
0.7795688171383363
0.6816546603399762
0.2815330243977968
0.6574696201282848
0.22297001071322586
0.8233163985020412
0.5288782063333183
0.3394965976212545
0.7636007498233761
0.6615280694703908
0.9452182664061064
0.7526194036417141
0.22773764995646628
0.3698567614037348
0.45193721801953035
0.6969685463699984
0.2762510206610844
0.8647115792340434
0.30585993364862407
0.9806960732237304
0.48827504599535065
0.4974576508206279
0.674231834436404
0.916350233479442
0.3588427001195026
0.8245046596106744
0.7935158790875785
0.3836454491931125
0.6067171735035238
0.5625849472147026
0.8912626362609245
0.5946897061615679
0.9195026645495116
0.8258001664349626
0.9206387255959835
0.5675954929684194
0.5577213426854376
0.3376387542619077
0.9938452995702162
0.6396181838342935
0.7525995780284815
0.4947772708416176
0.4764575694568368
0.43943941020078925
0.3506490754428482
0.7756858666643375
0.7632960336590493
0.5946024871478178
0.35787157853908313
0.7353622701224904
0.6695743887589094
0.768330808863123
0.6563414364623924
0.3634364563146826
0.802859864344201
0.8568186034129612
0.804424796834775
0.9670785893996153
0.2962742748463336
0.5498604890607102
0.35376783851494753
0.5456077212599322
0.2361761526465722
0.5910839255409
0.9159544239184062
0.7511835511875552
0.8335926624887932
0.8431938882515264
0.7500853691014556
0.7528989404105485
0.8294860140350153
0.8975012614147851
0.8623135357936438
0.2919738967254837
0.4778131824363515
0.6663404156000655
0.32090548895466486
0.8077578962968737
0.5064770189881146
0.4868151394415511
0.606302085029975
0.8602753219780471
0.9943702240764098
0.8635168066228448
0.6623346039580443
0.9276653692504779
0.9110469826592843
0.6218934681542628
0.39557149765086963
0.7844832451075084
0.36364288068496187
0.8779820191980638
0.7670148397470391
0.7866758407327653
0.7712062541578255
0.8036842244410828
0.7958219060986782
0.8101779539889077
0.9731713500795636
0.36307283757227893
0.9179790669326212
0.7379762548558081
0.33843079769655227
0.4028421036384908
0.5688921550293251
0.5497116358503891
0.722313545692581
0.8761673453731627
0.5214826961707548
0.6009299516503082
0.4267610721648365
0.7918895267530152
0.22171641722857038
0.6974312560103343
0.24671734682636992
0.5312123365893087
0.3352618351719384
0.895781683507662
0.29419604465748694
0.3956613806926941
0.24621576446529936
0.7968568428345453
0.5457865867961043
0.22711207344945095
0.9798095215319222
0.9668856175859002
0.69087991248516
0.7158659299902241
0.31983836371313057
0.23337898980737148
0.521370946844211
0.5413634531951448
0.36273010539003925
0.8221997420473581
0.6820517642603634
0.6139092421601101
0.5292132778860428
0.6793246965255056
0.991316592596466
0.950056078741685
0.22122401343139242
0.7499010889022857
0.7376991011913044
0.47530807995050994
0.9665798016189271
0.36589459534417224
0.2883378455552562
0.8836256092487537
0.4005147157143474
0.510302993040647
0.5125094480263245
0.7002065549090555
0.6581367341283504
0.3600590108945805
0.9163205365029297
0.968364679461333
0.3557508272138289
0.998403627722163
0.46160952158683455
0.5576556243304928
0.6137387259452376
0.37892888825999127
0.5958632880364663
0.26673637813671325
0.5050391948941951
0.31893106583644726
0.9141028331218982
0.33033542331099375
0.9784364024712086
0.9420097075077953
0.622362225898336
0.624511425575234
0.7017831836987901
0.9292525230164626
0.2749356786938947
0.23175546196428276
0.7948813880395915
0.8574422242969452
0.7669244833069065
0.7910259822041293
0.7387358554864389
0.7216572790256296
0.9484019814328869
0.3337232910917858
0.4260499314059646
0.42858494125210256
0.7803946624166384
0.8863927627828198
0.4020011973910794
0.6948166177745111
0.9430698494273282
0.8644551449938054
0.489169224180556
0.889593307780731
0.5977383253076405
0.5363915771694759
0.9630608842417238
0.5185548931835461
0.9231959812485183
0.3685598383670149
0.9278993031560252
0.9260860239696149
0.7343275795170711
0.47737944057931336
0.5231501947937232
0.8617952848657384
0.8291115794718509
0.6822868931238494
0.4954649876161641
0.37264715377348023
0.6525943605268492
0.5854218425244204
0.8639936347212903
0.7165737874821514
0.23926868147208635
0.645798298169387
0.7526107748942866
0.7993607698952638
0.7180841177933733
0.6937110612924636
0.7097728696104811
0.9961721595622784
0.8224620059340354
0.44357713368890883
0.6107071183528056
0.5536232048402892
0.5938725173441313
0.9007817043530723
0.4194182424734738
0.383677555704774
0.7349509657090317
0.2940373310578408
0.7929115093450337
0.3669548397028979
0.9735911160044328
0.23589137186526943
0.8030423932509575
0.7840096756618702
0.8316515495399268
0.76227299394338
0.95851546710754
0.2745302242951513
0.9462118365672021
0.8137675028699217
0.6143033732227244
0.31962503127281516
0.9673399487112014
0.5735467321875627
0.43094302944553464
0.9053020789031561
0.9212412209319956
0.9498909217453194
0.764872452862084
0.2621506772860346
0.3881573192031429
0.6015560971905679
0.3876956983338934
0.21008105187940906
0.36079515386647587
0.46831833025189495
0.6367455350909841
0.9675851425861594
0.9728161950399599
0.4646037127686712
0.8442670212256292
0.8623165440926177
0.8212469958640447
0.9078334239022519
0.4833035455569795
0.6036612178701528
0.7824902369677257
0.7003873946433065
0.5876186234944782
0.34094091206977173
0.9839668473894415
0.3314909045758797
0.765663238713962
0.9775978801080588
0.2382763212066754
0.8044660990908286
0.6545140497138671
0.3325526845554776
0.6335214876140323
0.9303596831172876
0.8592521582638624
0.5338659876064978
0.43453736526255127
0.24628850926970813
0.7526192607488951
0.9681293851618792
0.69272021441187
0.9181771912353968
0.6897399976522582
0.29645069588499107
0.6580406207434126
0.9260977239764014
0.45686684106035147
0.9790420441204107
0.8003920562170971
0.8819815638479997
0.7533125256884722
0.9007483714154251
0.22377212071595676
0.5833850852715766
0.9128931207164016
0.7206227519844236
0.871439744933262
0.4380517314880624
0.510543141275549
0.2216775752777319
0.8870161430053711
0.4837191367660406
0.4178580654931193
0.9407458562436017
0.48276067607329864
0.7479835250071595
0.6751775823900652
0.9562514000591791
0.837429131639424
0.4431097492589906
0.2101364017523426
0.24414354711606345
0.39503540128845893
0.7487734297805415
0.24325947713880858
0.575744803520622
0.3376090690165511
0.6156637115342881
0.5517094300894824
0.8910849912924667
0.8990095070653495
0.357208378070092
0.3570672607829133
0.2051184804013989
0.6791614310741979
0.8056814717948518
0.9679195476105782
0.747609409384901
0.7738972004520368
0.7344172289906437
0.9419742509854567
0.2942273499245921
0.5400741659554471
0.5523245478860673
0.6977729384519635
0.71005088901845
0.28048292051788704
0.3441782885336465
0.2078603991762531
0.7710104436130746
0.3045586326335695
0.9843757580915491
0.7019636289927851
0.34207745449630467
0.7575101585262559
0.44041727073769155
0.7872499964853114
0.814263270727311
0.9716204894803434
0.9869004154055558
0.4664283258202764
0.9143438831203293
0.5363846686264512
0.4454186310008377
0.2279278163577112
0.5099270613374002
0.23204147571357647
0.49584237175302437
0.27219344741459306
0.2023276752306824
0.32031565033628584
0.5963265577523675
0.8000330400470961
0.9383979129613103
0.5947474604445832
0.6493132361052197
0.3982518071177553
0.8707975692453891
0.5995169301578522
0.8756690864909645
0.6664024051119378
0.9569282157223881
0.5737497351360747
0.7038525134791072
0.9026829940455191
0.7613422155886093
0.7050264085787591
0.9318675752354957
0.8959960161940594
0.23244404932344886
0.8437057021100361
0.4663489995930359
0.745068803326856
0.8783723243394962
0.485815518225279
0.9105194217644487
0.4214041021526813
0.23323987986668737
0.7439826793415498
0.3445510593193317
0.7063948841555947
0.8962601202035416
0.21806959627482936
0.7167659256421417
0.7190282285654593
0.5776884447372208
0.386422415777396
0.7901912496721267
0.7879503881674246
0.9885698539709437
0.24136852638991102
0.7707632374279438
0.381470319371659
0.5521493860170816
0.5478296174764685
0.2259797223909885
0.2989149945038547
0.4707684917515236
0.7944924437700497
0.9630287294651148
0.3297492863126109
0.9112004611269626
0.7033897287035542
0.9334053868161577
0.6773157865666911
0.4650086310978232
0.4944573405151691
0.5637651075779355
0.2829464748306856
0.47658025174995033
0.5978913969142964
0.9256622273110333
0.7664294170146212
0.7533183731993928
0.9196633946762278
0.8018030394915685
0.479596205766592
0.7133966428395571
0.7765955758940575
0.26537544451194106
0.8094853107206742
0.8194529395336272
0.6064996610844944
0.22485599598988393
0.9642710326051839
0.9317101208121532
0.2906789044912763
0.2934100397785441
0.9803249353833959
0.8023597598479043
0.4779906076034067
0.8965800541046834
0.47926174575564096
0.2274290623099603
0.6755212203582583
0.7333975245777848
0.679557697857488
0.6258612888106393
0.9724740109059637
0.21440859537475976
0.8723546663237459
0.24346912702677836
0.38660673273517787
0.3203892057050245
0.20214129917677215
0.2692016869988447
0.7449200474597136
0.25699147991503
0.3098211839189291
0.9584328665637578
0.2980447526060026
0.3315202854313428
0.7711717194343832
0.6270073439529025
0.42132835770628496
0.6254497343264603
0.41060519839096643
0.7229440009702662
0.3815141409723699
0.6454901760827809
0.5587983836856609
0.8998172547581984
0.5091812661900574
0.2942114875267031
0.7590242086702623
0.329042478346263
0.8692036925072274
0.45867783792550376
0.6873017957971932
0.21634702881595536
0.6881422115713055
0.5798593327627858
0.7702687019503943
0.7814415604325005
0.6391116695828969
0.22243571556309538
0.5934376342718597
0.3613515155489795
0.5478621946868801
0.8498596213289185
0.30158874302405125
0.6591149388961872
0.899591086596306
0.44280761209364417
0.8299315600737256
0.9230150707990615
0.40022970742312514
0.6742804631226956
0.5903489588523477
0.825124192206362
0.9449510990359294
0.37991805056872485
0.833207681435653
0.4377493728683951
0.9551502866903302
0.8995284955080629
0.8102478693537717
0.45559498675916565
0.5059984063859296
0.3427025126479064
0.9848787358443146
0.8931368343883463
0.3714518329742146
0.990244561339955
0.7352265244349672
0.31431116357731304
0.35116487928571993
0.9622791979316798
0.803525918494449
0.5279457804510143
0.9053758837163568
0.5896738536693588
0.9007388590762093
0.3783911553463182
0.29373105590582027
0.948196553195915
0.8991995221748704
0.9417642040888546
0.2752972260603508
0.6070944188419434
0.6814730298169392
0.24220112074705058
0.5194048022183805
0.9608390091453916
0.678906169497165
0.78239454523065
0.8882729769059075
0.4338031464221662
0.9421884139779862
0.5640277741034476
0.44249120391263197
0.47651828345322256
0.8430838101098134
0.7197778941390134
0.5620724661219921
0.8677543837426474
0.9464966527792337
0.6555448081435152
0.21134393077347224
0.732050782726009
0.7766432597371505
0.25746997991362874
0.7945904365849297
0.23008782542850215
0.42762908444684333
0.39788091715453155
0.224827764744012
0.6429985531858813
0.27325113635495923
0.8311749616139401
0.9163142373305027
0.9142409908510102
0.42103612155302084
0.3362704873066299
0.24248249990945936
0.37546013512216103
0.3024650090509281
0.27453003313581514
0.9350463725227012
0.8909384093029051
0.6544933588057266
0.4216584515441577
0.2743228886153074
0.46491166528866024
0.34020914273527836
0.9506870969397913
0.9019047366126702
0.5140591440294857
0.5441868218556976
0.9088605192010827
0.7169893891244609
0.5986434124508621
0.59849780047701
0.6826557918053602
0.8763576943321535
0.610296032586078
0.7660466695049889
0.6401392674962381
0.815249037320643
0.3063209062652137
0.6705092521706286
0.33373115646585727
0.9862699487556348
0.253816751058502
0.3956429668734055
0.4022754174905492
0.9196689445200279
0.5006978603197265
0.5142073556427693
0.8414046583703475
0.9743894682129258
0.597137272872237
0.9626449225344702
0.9679200566405568
0.7635231210699734
0.9942890337536306
0.7380590671862666
0.9586237224151485
0.45548085370302527
0.6911622606600077
0.22666888787053152
0.48604912009540324
0.805586098418148
0.5342736252830103
0.9098030804529572
0.5049656604182244
0.4404173256458749
0.6701599110842845
0.9504794800954832
0.43571780703994234
0.21656233158058336
0.6010395260542352
0.9018103483627571
0.8738351684595949
0.25207881694158973
0.9516264582597035
0.5824110394717492
0.8057080858450711
0.9948566569595412
0.8507266138381567
0.8782151295015775
0.4933258516119702
0.8830389378702388
0.7425761665532579
0.8700689518849435
0.874123771786857
0.7032680538549986
0.9122666307018676
0.7992709912624042
0.5848928639665488
0.8372385409521335
0.5870449060670243
0.21622293909029466
0.9551264531433534
0.802775533247627
0.47048510725020987
0.8423520140937583
0.3379493350267233
0.38971749837056857
0.6023159779027525
0.8852191027921044
0.3005251452591833
0.4438424951168145
0.42265909007028657
0.830149000461983
0.9483998099775709
0.882268163985392
0.6792485953150351
0.8987440322456255
0.9562657621506099
0.7869073600220022
0.6484185466670648
0.87546125069881
0.36013474082205976
0.9163337878807761
0.9792518040573972
0.5506412536779314
0.8892344600676324
0.8611389525671876
0.9406641012121489
0.7957074040359345
0.8842331455585397
0.9797106616364936
0.24799041414451406
0.8988062266653789
0.2734838648166371
0.25589587118232304
0.8918483980071162
0.8000437421324751
0.682033674701302
0.3007331368103666
0.9638282088820461
0.23243156814032695
0.31444228454820433
0.9596077732529863
0.2624583423812905
0.41058530462588627
0.8572322699133738
0.858088737566804
0.38445311627369294
0.4192206341276826
0.9561663559558012
0.6600494603232391
0.8706799467554016
0.782150469130405
0.41883273780721353
0.5937571190329164
0.7655481146401697
0.7577402987598699
0.9641265355470381
0.21377491234591584
0.26416884252377437
0.4362065768179285
0.2485401683846521
0.7694206062886417
0.5478246609582335
0.6838150108519708
0.949465667071098
0.2697007730946305
0.8940064884703419
0.6640219654715046
0.8187973022654621
0.6118090541652799
0.9791561482923004
0.5099624755123724
0.8007209439490569
0.22875813650235932
0.9538770825367487
0.26380319865136226
0.3570177750390413
0.8011130512374084
0.7674499053204662
0.7323067197095033
0.26735791885990834
0.9941267746098442
0.6003158862244481
0.8888768439700807
0.865693020412277
0.47703638635066137
0.7597660216826037
0.3389648738093858
0.905818191064926
0.5169967115954003
0.6157618379101351
0.48613173734852055
0.8102960628243202
0.6446433087225897
0.4397733112819622
0.8712764102573194
0.9296167364742436
0.35931673037862677
0.716198542076286
0.9010609608083082
0.2747019090677607
0.9996497584033778
0.4312997121344837
0.7971194328504726
0.6600730511112349
0.6515543672250808
0.3099550550878951
0.5691842845531662
0.9323855224933879
0.4011896675605606
0.9141450785284113
0.8622675362996031
0.9095920050851627
0.7474042500494282
0.6967695119595811
0.5161815820394902
0.7632435753446454
0.3870492421440571
0.8110982051214273
0.7526452330486895
0.5211526469797801
0.828290865295009
0.6735443914587597
0.8272344777136059
0.33157358608011767
0.5405230246809036
0.8275455943829306
0.26916508320070753
0.6377304614823491
0.5916636965889451
0.5054532386649186
0.7612100617432469
0.7950465527619389
0.7669711002649786
0.8595461464287947
0.921818068415332
0.2942926455148567
0.33296689977108773
0.3768599190525226
0.5583570454253266
0.5095900478622364
0.6421024143839016
0.7656172539555042
0.8589861771651267
0.34166822754046233
0.933539291251832
0.8101405239053157
0.7670134473040549
0.9487519682281876
0.7250702934857679
0.9883401965898356
0.4759015269199276
0.4010925263457751
0.8550347450077892
0.56436872377126
0.37323233310466686
0.32650228482725097
0.30131992928665063
0.9514552102155152
0.574359227915574
0.20232533362689664
0.3096972151757583
0.8009362329328286
0.3143382500918036
0.3652897159776548
0.8929338955755555
0.27453421997790617
0.6557300560118468
0.7355069070666952
0.4694170905622306
0.31540196332309034
0.579286637108721
0.8682715454585327
0.9705394704956425
0.9881568530817474
0.6162830602384406
0.25748995816764486
0.8234784287452865
0.31128086359476526
0.9171336235690711
0.31484221156790937
0.5283039295947008
0.22285776074129482
0.9195383849237904
0.2827532736928341
0.4973799034393729
0.9503893517602738
0.7728282520866946
0.29224886428740404
0.713109250628942
0.8264684506057562
0.23959343654227983
0.954271141966387
0.3234004046259873
0.7857457001392156
0.35636581860601235
0.9841840334946295
0.9687445191761761
0.6458741792215141
0.2722588233962293
0.8740264150571989
0.8001238696139901
0.400860584589396
0.9656848107579029
0.2556602463586757
0.544765036697207
0.8095602922783004
0.6124055426872652
0.9978054074214056
0.9908257800091121
0.8952702227844215
0.8164035871897497
0.9655184065902241
0.975297946476457
0.7963912496796577
0.5195859063271314
0.7217728501264061
0.2548433396244981
0.8879143632252915
0.34412658157481946
0.6392672617688413
0.973619138034152
0.9296858224719453
0.7389298244523109
0.25542075255766006
0.8200204353045522
0.421810589367721
0.38967641094774486
0.8467188539946041
0.3176312237988286
0.2038064949635453
0.359856687717402
0.25936320117161427
0.3362786809618814
0.42582428153700425
0.5529595676321096
0.8604869441693913
0.5138092534920745
0.6663593339596887
0.2959284781606819
0.31325138190946455
0.8315876164634487
0.8575450055323734
0.8882937403181077
0.9643651905921488
0.7499539879129081
0.8869715451223271
0.26974464540241294
0.22788963229505788
0.4974963685634666
0.2318612701399222
0.5848378715869227
0.9332214728012347
0.9238822097105793
0.7269879850954979
0.41325210094093834
0.3015643864859592
0.8689752480145693
0.824597380436742
0.7067161867439548
0.6391441861979493
0.9710089142101662
0.8309976083253362
0.5106551558995416
0.6668150017296144
0.2032022529544748
0.6098898056124882
0.8859878875974315
0.3287220316550086
0.7281520249451667
0.8044914327704465
0.5967503427527171
0.6687061915599949
0.4820465131479016
0.5785892919369277
0.4256793645961221
0.6205424922604191
0.7432259208807878
0.6750433710029461
0.8939445590006534
0.23669429317996626
0.8870121773240743
0.45666986521204345
0.32851535082169414
0.2922079099496042
0.965555667112974
0.798732998672881
0.4076445793107851
0.6988609380319956
0.3791995057811395
0.42992157146961996
0.5549724056460676
0.7715482141697334
0.21225725035388066
0.3225390871324443
0.31475100272417944
0.8284048506789112
0.9931380946148227
0.3705459215728728
0.37246002981880055
0.2670885458516542
0.3812566003909946
0.8415000169721436
0.7556164105996555
0.2115915484750509
0.5194659478443059
0.8050716158812166
0.7658075112962065
0.9035662710013975
0.5076304279502599
0.9187599214802552
0.25917313444491963
0.8793984452825285
0.33351187320090736
0.6466368348801383
0.6610657830186936
0.8996782694782199
0.8996698530361505
0.7100138206870193
0.2922059390519919
0.38851628488876944
0.6000340802471581
0.8219906417154943
0.41116889308920634
0.5022710080876338
0.7257996840249661
0.4641301068136021
0.4358613735242839
0.26551767674487026
0.9150860165539606
0.3169862511160718
0.45249215547479926
0.959245177178889
0.8260597500429191
0.22306451206810163
0.9718942642205809
0.7440388078821328
0.8718065929093529
0.8745444071281219
0.4025328953424443
0.8409926874452064
0.7706637902667054
0.22448967833283762
0.23334364031080412
0.8026282784680636
0.7284326237404696
0.6867149854786617
0.8536233699355371
0.5697604970521448
0.8333952139313084
0.2395388376479496
0.6952470866183194
0.7495466697933534
0.5394604349728723
0.3358337212154241
0.908972311911607
0.6477024225358609
0.883115871283458
0.7951305329347066
0.36828712197885805
0.9528188596992815
0.249553856236579
0.5234448512289931
0.8843473939645805
0.8851770907972497
0.8312597718183925
0.7574501193523581
0.28998616349326845
0.26803955608762
0.751006629062924
0.20151910526213856
0.6540145588532873
0.7919697575567651
0.8285751821444628
0.45751560243248934
0.6767966085958912
0.6554802700806747
0.9140906379555689
0.8040373938061538
0.49676052307642304
0.714788381810789
0.8821161679674964
0.9116304406131778
0.5689589649437287
0.7494402936783167
0.47020100677327326
0.3624437688677393
0.35956989229209335
0.40480971324097015
0.5737354473599569
0.8124791543879658
0.9892751056672405
0.7886169934885355
0.9586099949780147
0.2643402988365894
0.9859907738089577
0.8538176481230951
0.8596882663309102
0.9000241604783533
0.9120816963163563
0.20933818012723027
0.8248609356079019
0.6643958934065198
0.584983580948586
0.7848643630230796
0.6283083487927669
0.9001050053787836
0.8438821917003351
0.48552825851480985
0.6575631050914643
0.6181030679815431
0.8144650191250141
0.7278953138330656
0.4533958701180739
0.8927041906806159
0.30887682717190146
0.7071693364632936
0.2133496434896729
0.8122328481468064
0.2725697422963018
0.8972568241825932
0.7587394981084613
0.7173243536079236
0.7300534807145147
0.583466820535787
0.7944481483291198
0.500188035850684
0.20334644287891934
0.7744226144440175
0.8070682053145906
0.6567970474685555
0.21433384948231182
0.43916710809629633
0.7575135450977613
0.8149075093713268
0.22067686382280416
0.8666619607691293
0.8523793487305519
0.6758440973568189
0.9465305888935055
0.44069547616556126
0.209745438836472
0.7786224785647472
0.33420276790304393
0.6160552998501652
0.9134010857961671
0.9408931372503305
0.2647511884829843
0.7848226953377575
0.6199154185686379
0.8617938801490792
0.20368205557933272
0.2697174080926954
0.6588565696394769
0.25116541532037306
0.9222560473833582
0.5086260593845504
0.7596292917361024
0.6550024251112525
0.4636446385044207
0.6253930301826076
0.4677112706293791
0.8619204199430912
0.22675759985013855
0.7470909490675514
0.7172833371599071
0.770931763338116
0.6068107381422223
0.37560297020717304
0.588254712998115
0.9167158724272678
0.9199233286972681
0.8181799471811044
0.8306341060882417
0.9533050366173026
0.34206840100510016
0.9631131065570561
0.2933657766108466
0.22356042960235756
0.9842364288314711
0.8683009426320057
0.2418991744290403
0.9373884996223636
0.3955064293656628
0.716548695667332
0.4070663624133445
0.23222876419292993
0.9298822728156023
0.7446399936977273
0.5279890829137143
0.8622450329426862
0.34299119242165277
0.35234942128283653
0.396095368069991
0.3079253615304841
0.8473289088555168
0.3662525324274457
0.321073293860506
0.7232805088109496
0.9012115876473082
0.23045263250978942
0.6133302016196027
0.22695918022477912
0.33858872370280924
0.9799810273875711
0.888701296438646
0.9624344825709693
0.7881961671805027
0.8680198491388745
0.5636257964413325
0.8311903992823803
0.321402220820608
0.6131250888513161
0.8588196574280609
0.3335489854468153
0.8101506125666803
0.647835114627473
0.8943736993758142
0.5709060014340268
0.6827644989131137
0.6267421947350438
0.6122183495180396
0.7231005903787464
0.24692465137546016
0.9239517896058789
0.2024915202157418
0.6768908195795739
0.7122009403085114
0.5985983525862177
0.9410220424447397
0.8041190673623675
0.6665149916673235
0.31086877654389833
0.8838597904590644
0.3080555040741181
0.3734047348129772
0.8476988598472184
0.8386408564185495
0.9517872706170764
0.9398264648988452
0.6004243215200571
0.8988130608855616
0.3297480641237742
0.4509081003588865
0.9947663319509624
0.6387757410686734
0.21253320720005564
0.8432946213150566
0.7960337429105595
0.35021629997800063
0.6356922947312168
0.958982963962499
0.8468106711083705
0.948608324115623
0.7895088762568601
0.3204072623965152
0.5658979177239449
0.9390771513591002
0.9527782339526241
0.9482788300256394
0.8222492807402084
0.9911463065313159
0.6999573838798152
0.49233171849189183
0.8516670521802807
0.2668789642086853
0.21735619210284218
0.33879902525754035
0.8950089656781346
0.4428716696720991
0.4878554381339787
0.2800701520338249
0.861996455071723
0.43628519939371135
0.9501282894448855
0.85890177924715
0.4549081951873555
0.9031401531457091
0.22733449958004426
0.6771615332176726
0.2693507544530873
0.278795590533645
0.4413369346997795
0.38833092190044327
0.9970212492452396
0.7714461134931118
0.897904826948057
0.28823382573867506
0.7415105839100072
0.28033771487004433
0.6070726089044373
0.55406435320138
0.21634075293527155
0.9868178270223535
0.7303597939277501
0.7717351895164668
0.6982978540848913
0.8563045497777415
0.6396183039835474
0.9537147024319423
0.8826170775734593
0.8276120471707877
0.25472981097955527
0.7495605739479316
0.589607267722813
0.259169978973142
0.2478704735850874
0.99397022243196
0.7013864466560792
0.49910458831964855
0.7395591696037702
0.6501794242050345
0.9714064500860217
0.32473032785355616
0.45578820011342824
0.9101595822364794
0.3014095737861453
0.23512434933833548
0.8242191335777151
0.5114133970088692
0.5093307774448389
0.5964430722600637
0.6484305751351677
0.5221072245601427
0.716800755950725
0.45036020504888397
0.23868004630375672
0.8627303823017511
0.7373585304955342
0.5948517244566368
0.9203374008594291
0.8139579912817734
0.7933615110673432
0.8769703969888287
0.5627604281475211
0.8236142762106969
0.843051271169839
0.37953463194815584
0.9722046554791434
0.20353613281556115
0.49974688521342225
0.2966688366047018
0.8407859745680969
0.6034523465514298
0.9514540947552839
0.23760308480579073
0.5860142966964037
0.9095848202237831
0.8048802213550885
0.33681846745589883
0.8729585023027192
0.919923804949103
0.7908385554124067
0.770336896709812
0.7923872565850811
0.4187545400137449
0.4767646136382794
0.5267770182308834
0.5570597981021188
0.8340410683598304
0.6256242963275845
0.9733774137264916
0.7811223528731032
0.9680571908344934
0.9114007397851948
0.9405423053371685
0.2574006951318043
0.8151137617430194
0.9713987713204842
0.6077221793065753
0.8974102193633816
0.7444994909388394
0.9476380827799126
0.8569542076879316
0.7453548617058088
0.6674783367371693
0.7588541626724005
0.9683000216944667
0.887650546464299
0.6944120103756246
0.9901403548833773
0.507011762615541
0.5572526970537159
0.2206015720544816
0.7782611664744082
0.5854859905138244
0.9644873748897206
0.9981101649751047
0.9658958786275046
0.6567829439363708
0.43588457127925495
0.953561271185199
0.5989741747962744
0.8262605222064568
0.3814479622047381
0.612070945199129
0.9315343895580664
0.34016731261245337
0.6608031720283225
0.5245341082868378
0.9161501012206733
0.6748101900895439
0.25552396061161087
0.8843247187370228
0.996413646116419
0.32845887419818387
0.8367484005389889
0.643856599858867
0.7979403734569008
0.7295995783801351
0.9024001720346541
0.4441528840194451
0.22260913115321168
0.23724378056438755
0.28008252177864235
0.28495085912036533
0.9408009003641867
0.7563645937206369
0.971571842226967
0.37826148707643636
0.9081352457935771
0.32343347280928825
0.34578719377382006
0.5088574481378635
0.29143387306511326
0.6555055676606921
0.7856988240280193
0.4934255871857324
0.958286708728975
0.6721416907516674
0.8251123878714826
0.3806119010088158
0.8723674402031841
0.2928892648073528
0.9603911327809979
0.9938697120116082
0.77050557421742
0.8696083287335028
0.2706961016947843
0.7983021115347123
0.8422952447436529
0.26973393068053575
0.774069507185966
0.8518679411492862
0.25384542758092576
0.4393550340893959
0.9259338721345194
0.343015101997005
0.5750204042302232
0.9245386508329145
0.5826033748877234
0.6083900322916088
0.8723237540394644
0.7557238332807953
0.24876483077696832
0.7681377767814518
0.24164242003335445
0.6152691568748716
0.34046278171503275
0.6390198680649751
0.6621675053503386
0.34280678894964645
0.411652828437461
0.7566241489605074
0.33898542404877474
0.906023888865377
0.5446738178082016
0.28557530240092754
0.9428274518961668
0.3217826800577418
0.3243708565110831
0.8893245648689371
0.8009271246598423
0.5519036117689424
0.3152832183122637
0.7726210790630613
0.2006016007547028
0.839480033323015
0.22329168795532128
0.6893412262031324
0.2713149555684278
0.7822952845010521
0.9704865941354861
0.8628898088892161
0.8868209310219054
0.5212665418917644
0.871047075646277
0.7193603304496863
0.2902583657856945
0.5674341928595351
0.4030539861385781
0.9492307308639933
0.8642675480184386
0.7925048929187652
0.8855338944524597
0.4897050832990031
0.47878258688789443
0.24835217000902354
0.595380175299229
0.928681067655966
0.9322050736807876
0.3365747888197188
0.6498281312454516
0.7844027429082133
0.2098082480037391
0.24068034051107634
0.4656384146351795
0.4932721007213353
0.9012168902226959
0.38447275669532255
0.8692945413745358
0.9755687433638014
0.4020965565471134
0.6925696710077199
0.7709977678159454
0.293636954532672
0.25184087754342976
0.9363396412416154
0.2729842449382073
0.7869758053871718
0.6893971902318331
0.3387786399027174
0.6058056202119437
0.8535988448354659
0.9945094631524326
0.23777031987872255
0.28079468565504195
0.6744301294655342
0.9423859197777745
0.41797597023745525
0.9831643145777863
0.4400107280879446
0.773687602364859
0.3868938859551818
0.8071559720438398
0.9461327100163982
0.7149201916652466
0.32861176968303085
0.8913671139006623
0.5182324548355433
0.5050088456323018
0.2594576545930758
0.9114458092905251
0.8814311247482176
0.641476816892786
0.731268901187441
0.7916283444376025
0.7239809176953588
0.8786885620888448
0.5314992532399679
0.4661687055283641
0.8675441277288554
0.4694803069850192
0.6845256876219764
0.3453576380191017
0.9985959684215733
0.28348405232807583
0.8545009240254153
0.9847249418189863
0.7846619268347923
0.9527275108390706
0.8218121306396059
0.3995858531395503
0.9315825155167263
0.5900402442836367
0.8150107522949338
0.2648677733157331
0.7652143140251711
0.9129526395167953
0.6808053973983101
0.479453693570731
0.20595670144531308
0.4822419304527812
0.4566847978201033
0.49102255210550716
0.9783818847792372
0.3656133152298364
0.8154238781901892
0.8197030869410227
0.6346921243646135
0.706041859070731
0.30575011683493136
0.8857510457660928
0.9554566783750668
0.952413952922926
0.873873727997165
0.7701766410923331
0.9934377004868303
0.9454041057824221
0.3230179196542088
0.24709748443036827
0.778678618012507
0.900473480570576
0.43345270830212834
0.20611463845908395
0.28822238054222105
0.7973957778363202
0.5320736880806581
0.23756274442538128
0.2875113865191251
0.630534846261023
0.9287978368258618
0.3648993741046648
0.8999624639734145
0.8108098621248135
0.49574780838582
0.42736540094766484
0.24798518665994618
0.3360699685330546
0.6698733538281001
0.3308454612461923
0.23103655150499725
0.9417379702026267
0.6450119333904457
0.9127311123308803
0.9987398407506624
0.6373343308999738
0.8561229297004725
0.978492296822771
0.38228629015351034
0.9707014467642395
0.4599722381584683
0.6389590830368168
0.6146015065126488
0.20240055032860582
0.6538209618587769
0.5811792612674545
0.9398725135416025
0.586488283508015
0.5970142095867751
0.4633815513041848
0.6874719767984564
0.5819728658126528
0.9278293243346184
0.6722753246598799
0.34107200101462487
0.8051733703756802
0.9557309338598075
0.7617395358002993
0.29545255494331735
0.848437541978196
0.8203075936233595
0.9794400346400389
0.8676522370357985
0.6528429473019919
0.35231921092505636
0.6859899880230492
0.9366616130156844
0.6050425945208493
0.7171758490785641
0.9979909955370951
0.9651725165671428
0.7127047092629594
0.665656082715551
0.3017893399992321
0.8926527175625222
0.4940100779856772
0.5174511846687091
0.7559323873130929
0.8540183871740232
0.6896678346367419
0.33174466765613075
0.3615654802960283
0.5515005682158854
0.7997385816290803
0.3468471201212374
0.9984922828435655
0.6677804304370409
0.8622794889186791
0.30464719470614154
0.6664337134420443
0.667198741622741
0.280566808478511
0.6018724008740186
0.6083915969006534
0.720732333198291
0.8109042923325672
0.9230297547305895
0.8934912390018748
0.4580095208312245
0.24793131639433974
0.6679295281817729
0.7671246203450339
0.6524303709675898
0.9749009158225925
0.689095593447764
0.8172802514022824
0.7901363010725286
0.35912747525638844
0.3028991436243851
0.2003587631874788
0.8616695693212832
0.22917050598136346
0.6545181647208939
0.9409008746606924
0.8544213089991214
0.5438234178880367
0.7294291778174925
0.8530926236335588
0.7266390675691091
0.9965060647499097
0.32510587999233864
0.4192310678644492
0.7903536743067893
0.2690661810309706
0.9438154079670077
0.25900099871554294
0.9311780176088245
0.8197699043436177
0.32896367646761127
0.664194555080183
0.3954855249828687
0.5399605596535589
0.8111602615333571
0.48199320653262456
0.36304514151677136
0.9759236554373909
0.7825822064972193
0.507494368969092
0.958412294307278
0.7237804233864908
0.4630898389820456
0.4583247139436316
0.8438499017289335
0.7096350789792799
0.6778171742552102
0.4087000229318153
0.6421816961894979
0.2995149108033027
0.40183489907040526
0.3007855948354107
0.71012920004671
0.6453517776636747
0.8148837474818245
0.7955860032994417
0.2883612487356445
0.7065506801013667
0.5549755271649225
0.49875925539677446
0.6078812376812294
0.9875179840639124
0.2588272530625243
0.2758288124596513
0.6073577624754568
0.2865204989469371
0.8685299030880802
0.5993979264909816
0.555048551632593
0.5994254678757192
0.650190816317992
0.3139924954638861
0.9417857297189256
0.6717924776599784
0.7033267478267281
0.3157710407633044
0.9247083893241196
0.7215937743391907
0.3028118372737927
0.4846979063189981
0.900073900695829
0.8277840265513334
0.6265100235241466
0.9159685595861025
0.5541423554811824
0.8501452557488912
0.26334674015288195
0.5971098198547086
0.25903807487221375
0.3865963956656253
0.63820253160362
0.9638937817936193
0.8002847710937242
0.24474720584924037
0.25464582857209606
0.789117017448891
0.8884288790895564
0.9109256618680038
0.46330513166904563
0.6681925659079213
0.6207778556508278
0.28412505394982746
0.8102213374447609
0.6803911776666
0.5907984448087895
0.23488860692712987
0.9216638542620702
0.7612472053321614
0.9763837106940175
0.7502604875472018
0.23031988689510652
0.9972930502399314
0.8205127561983132
0.5747610948875699
0.29228244970238326
0.8968979580696836
0.960431949886695
0.6321252578013715
0.9668259279214035
0.8281779720094277
0.42890438695661137
0.7324535839595628
0.9524364232468768
0.7768737214561932
0.6318345285222654
0.823796989556859
0.768466370338582
0.3824193884364163
0.8409533494073336
0.8498329266878365
0.8771705256771215
0.47605263803052367
0.7935496143864628
0.5427855907047368
0.8804492572072148
0.34252227367527466
0.4516169020870333
0.874685890660083
0.8180591554302555
0.671793682235782
0.7602186752041067
0.2446992764187873
0.7949148169261905
0.913160093060976
0.9681211157922559
0.7557694239137703
0.4741353536120022
0.2042498106396473
0.3522425263770076
0.6501452803637738
0.6968545787647399
0.3027746496704896
0.5888889402087512
0.7012811731303252
0.2626247842698959
0.4694344697845523
0.6947848096066974
0.4876657447393755
0.5400664358741719
0.7708343589237671
0.9078716894227143
0.75998205016088
0.5357288961514226
0.3477765511641303
0.36729147515578753
0.453965481359604
0.23821700253128208
0.5791319550708093
0.9074517553323012
0.7425212733721133
0.5600374365901077
0.9408003970273722
0.9950313074885652
0.39130064326431746
0.622905914842639
0.7730084852924739
0.8592261416138489
0.9896716949642123
0.29057491548186043
0.29952172424335377
0.6154299953013735
0.5379112258373888
0.22032100816484435
0.562450779043415
0.8753457815322623
0.48009963728621463
0.7584830283612842
0.7202679014706699
0.7656539237228643
0.9669238160492771
0.8420654875194925
0.9916111011745187
0.3107586140417815
0.9156734710734713
0.7954938322091463
0.9788437932910351
0.42482823861384433
0.5766576843319804
0.6579984192354976
0.22860390017533505
0.9086683027563717
0.7014239452514723
0.9640917754975684
0.811305605416117
0.7062431118757982
0.4578238833590085
0.29288551203718816
0.8932023572072153
0.3412495700848539
0.9519651014105723
0.9867474897194625
0.33258360269788867
0.5770484644714032
0.41007930372872947
0.7124265972516167
0.5036815529268872
0.9132221274152996
0.30847217714846853
0.8999971373635886
0.4433970686217714
0.5714850064391869
0.9131071366016664
0.32948080914011846
0.7939682616795939
0.342443739147259
0.5809105956078793
0.8567682182932195
0.4892266957560003
0.6821149558027979
0.2909865705112945
0.8543059306955327
0.6473902680427407
0.84488384462638
0.7852284082048556
0.5433719126519164
0.325567437055327
0.8020187243235275
0.41863809034648314
0.9740916221314768
0.6236249787307274
0.907577167555471
0.45953293411507956
0.9066952154704542
0.734114565535969
0.22748075614460572
0.8199529001466355
0.6395467920433107
0.3187142075525127
0.9759135740365321
0.37605933751531095
0.2700127061773355
0.2509258918296289
0.6712207909268314
0.47370612308277227
0.5071199704465014
0.9979918727152782
0.7254224136453328
0.5106446172015896
0.6226817848028438
0.8724794347562479
0.48197771996892114
0.5892238514652371
0.845029601569317
0.8547651885874568
0.24054374191100247
0.6671373425220872
0.5900005153491233
0.9594252180760786
0.9264520551657767
0.9699927453417007
0.5323112882750239
0.9294016469485983
0.2288953048917719
0.3521647705916465
0.24451801413709595
0.8842673951247269
0.3015657251653908
0.5601447019937218
0.9438079887071688
0.32701672795129344
0.8507579242807783
0.9809772267974227
0.7672011694566098
0.9892717870743165
0.5145593234482186
0.9053406921797451
0.2705992590655536
0.40141236845694295
0.45191576735821426
0.45650949407409624
0.7866305759329492
0.8765427002099038
0.7297443130908218
0.20255408833614208
0.6205959633078496
0.7202080859903177
0.9947770756894881
0.8706066291714625
0.8337745449514965
0.9755640686948761
0.36676163998839884
0.3616406852414472
0.26227160305182573
0.8821333637326736
0.3525571518364209
0.9671114196803476
0.3123333674068678
0.9339680388343092
0.89677796383787
0.769374594344385
0.5901384243158196
0.696471465361423
0.7825829996631415
0.6586669222914451
0.4742228025386438
0.7737618072733429
0.904075435612337
0.3671648137453304
0.8530853737597767
0.6898033183885998
0.9306847606660126
0.8145312488954166
0.8316192692421697
0.9490855354282648
0.7771957726620922
0.9149915596562609
0.6800869649196236
0.3261796255476088
0.5797768616063536
0.5763102504090039
0.6813108664408553
0.25838414715603475
0.9582379097784195
0.7766942871794398
0.6346292506333855
0.2074643166051825
0.23082155199076793
0.848200332186198
0.3312534639126007
0.6877166527007157
0.9098035880290357
0.32818709998522577
0.8865533476220554
0.2851259231872315
0.7776245429247826
0.8075106285612706
0.6020437402347025
0.8941559389567564
0.7288315368037122
0.843845044345559
0.953843111191755
0.5006056911122074
0.9319545226264696
0.40858213673267296
0.23827138482677523
0.7080982486965011
0.6398027517210138
0.562374975439828
0.8477866152011383
0.5556702830537756
0.5917850382782082
0.7550617244495971
0.8219087142998166
0.847537154992583
0.7160007451459706
0.7147528469632417
0.28244203936485257
0.9310369617447178
0.7862451026910536
0.5629634983443854
0.6584930073596383
0.6899229293251139
0.9439256379349747
0.8507987627492622
0.42427605615019026
0.426385613068075
0.27661938451653945
0.29619024081317846
0.3396749975364277
0.9128160195462657
0.717107871516994
0.28103635876151667
0.22174027702183408
0.9136255715731912
0.40668872574608017
0.5126462321182347
0.33681348449777593
0.929403294604912
0.35793824590578105
0.6534535799707849
0.978524854438106
0.8567122225611966
0.2517871791158681
0.7279114581645872
0.870027464008217
0.7153806377058646
0.8999646882020176
0.7181624065166584
0.6351734165942912
0.7887872494792599
0.7653578212007011
0.2526609123087902
0.6940689676386552
0.29548364172854247
0.21949845896174802
0.7363156008477468
0.6987945807257865
0.988047880082244
0.3176829959125431
0.20943550749098327
0.30696425632730606
0.5701069671360093
0.908304188210943
0.7451038528761443
0.9529899326418285
0.8823540751634676
0.7900791431795948
0.9591763153333972
0.8872644768933172
0.25067048809492576
0.8199506735388408
0.9132900462147577
0.6305295350980035
0.7021660818125772
0.49096383896349294
0.9359627854642888
0.9600915417283633
0.5624984157654842
0.573300015774055
0.30828549453494725
0.572668500599723
0.3882653547320115
0.9040351932184955
0.3134968909731496
0.9261415984262261
0.5904143427729525
0.4760931835159872
0.7439535615946111
0.6654871910945335
0.4444837911072982
0.7455713711846534
0.9854115889134957
0.44176288854608736
0.38139771857027616
0.45241883756211554
0.2720132548221791
0.926312098009091
0.8166661776137187
0.8237239069224018
0.6847872847051585
0.9354080196480551
0.6258064353872416
0.34797740325670745
0.6502569778898369
0.761591471448379
0.9447120206675004
0.8153480126770092
0.9111537199850003
0.9439025650211537
0.580531932552504
0.4305889633043466
0.7565892687892019
0.980799811816338
0.5926785128207683
0.22608693275529235
0.4464725205580651
0.8655333628360324
0.9922762667180728
0.6773909848687732
0.692355874090825
0.37310354047164995
0.4001223465593391
0.7019217787084765
0.8130724001322728
0.8853278216524615
0.727223414003669
0.7753640239783229
0.21937578125534585
0.8841702577198773
0.9708101449564196
0.23928138270485577
0.9202823366729831
0.5404061481340549
0.6714768203559471
0.4533171282308157
0.9646229248796855
0.38645128202801815
0.29224717350594764
0.9594534343206066
0.9605422907838566
0.38764164822437563
0.22173840857059424
0.3108475204340799
0.3104221964879903
0.6796988568181482
0.4158198921508759
0.5179356071655394
0.21475832289121288
0.4293308734521122
0.9554774007001207
0.3963843808136619
0.7769833597697812
0.8215246912848528
0.5616031243957429
0.8998848793440966
0.8082948609899988
0.24636134571118262
0.40548526378976135
0.24967752628694906
0.6399867833629985
0.9824200749381274
0.7236331890791
0.8597715254995163
0.43010596411401136
0.5519836474152138
0.3926562688030245
0.8781639150090332
0.362123262152945
0.9448916238317386
0.7894173122280499
0.8975929621091613
0.5455416457295235
0.876985736466131
0.9961315895690369
0.2051648117722814
0.3724271107897813
0.8223573122426414
0.5719604292241645
0.7180626784218623
0.23209770688357856
0.8636149252570376
0.9677239124417361
0.8497988313597571
0.26798574542204323
0.3212195184372527
0.7535386972556567
0.5654007420245757
0.86667556656341
0.9868487494395226
0.2663777516664856
0.9017837942252536
0.9968947744352783
0.4797079891331104
0.43579383664042304
0.6515288364056698
0.7233688056863715
0.5607644397489457
0.7284002350449162
0.49624508094456254
0.9592423651022083
0.9243605914532241
0.7752698871908866
0.21179538727214353
0.9153986425567536
0.28130839574494515
0.47495376573394354
0.9005733143627374
0.5231411662504644
0.35742610102495465
0.20662677891610437
0.7762781667309495
0.2552613364034596
0.8229187505601825
0.8182969927679636
0.896364877991484
0.2261004380763736
0.9944602139007689
0.733216453458417
0.9651128302106375
0.8163490681909741
0.21158354199013996
0.33113706673163423
0.6803853606111904
0.8262089098000105
0.5061066045397233
0.2934012493218505
0.5881109857610952
0.8460090266646729
0.9109734349269955
0.8818180998739712
0.38683948887872954
0.9955353699540755
0.423611044114373
0.5058749505958028
0.4603626993848279
0.7905301585719938
0.9178876740563958
0.8155865632718567
0.37289364365857425
0.5617079615296644
0.2906187274785117
0.2533517511735943
0.42800703656718797
0.9980141730649859
0.3228451599238481
0.6472854379497797
0.431373653660982
0.5642928078277443
0.883482722796556
0.7880478432059965
0.3305042367198223
0.8730272897522561
0.8467507694548778
0.5993568193809847
0.5858976506827712
0.5088208788076398
0.8220663872824735
0.7682148972247905
0.35971194652147764
0.9026428078188586
0.9015151944385894
0.8552908249265093
0.6522410801598684
0.685949903643156
0.4552984951494522
0.9098148333432332
0.47507995217503884
0.22874533210161818
0.793970761653498
0.8297687413945153
0.9826162691744653
0.24028477440533214
0.316885284437035
0.23834489949934157
0.6463993639139555
0.5512516812693404
0.9773681179515985
0.7797232437330434
0.43723906453254513
0.7753518432611585
0.3300001178308146
0.7868924540667191
0.29140846162822087
0.6387682976407851
0.35282164143101047
0.2764554323814534
0.28710595280505624
0.9091506604954689
0.23958926572665595
0.917374867895652
0.5566702624292104
0.8147153181258546
0.8508823095619368
0.33274268442932853
0.7556567293487213
0.9826393381420445
0.806347487496708
0.3659619616318983
0.20418219429081252
0.8724022820185627
0.6276534376511407
0.8083021223393932
0.5676113298149599
0.939068270958862
0.7427554066683563
0.9401659014818217
0.22658225234448826
0.8036542864315226
0.408190746533885
0.653847817500851
0.3279499023268797
0.3693021955982254
0.4051354327082005
0.7637519923855056
0.470785893296196
0.3419165991782751
0.604938777720744
0.28908401839638886
0.9228979140299286
0.2984082216196311
0.768870761878243
0.35917349165380164
0.9153954432502048
0.5860336927001789
0.25994767303580224
0.8502356351860078
0.36495383356148736
0.6913191102964737
0.9600579174634628
0.2526310691446554
0.7811991696360817
0.7668016760458746
0.3965443587772015
0.23929642056748768
0.9280158256840649
0.5227641601020269
0.8017650778341204
0.9567390819223601
0.5584105443711914
0.26399938847625803
0.6730830248888967
0.6202628114545548
0.523864985425027
0.23460538483312354
0.6154349408290851
0.9314635219996398
0.8837608809860173
0.975413761971261
0.8773787931483099
0.6827760268477976
0.5700424830547715
0.21819778144529878
0.4513415510220876
0.2829630397690043
0.8729096804008137
0.41590586951329944
0.44753430741129363
0.9890579054208947
0.406872427182265
0.9296105993962052
0.9937603555678082
0.9112106432038084
0.8081499017456137
0.7963725980534686
0.44436649127748395
0.6587366039148704
0.9173848512921202
0.6690733623199171
0.8637111171703666
0.7526574730338387
0.8204151835079369
0.6915739349081073
0.23544331927044426
0.7412448762184107
0.9488984868689717
0.2215579957198669
0.3889304828579915
0.585294219246431
0.37949409708190485
0.48192603487457863
0.6861185598858719
0.9193685435752977
0.2699074510333147
0.8104219795152866
0.4451121517387615
0.20651894486262512
0.9681516901192033
0.9894303435922416
0.8848442191610044
0.8926006470289852
0.7658401297583368
0.26712810512914076
0.21639126078388748
0.30035012330537036
0.6040286656802841
0.2043728143760679
0.37599487386403097
0.27475023371725593
0.3154743321877249
0.2923337649006921
0.8859633801887044
0.5039685482387746
0.3340632289109208
0.9329766579303652
0.7598763205046354
0.8310217707843055
0.9046441246580781
0.5107347603207519
0.4435650655726314
0.2809432686769331
0.607826286763206
0.31504359364087287
0.7139522690823644
0.9311920783084991
0.2834949580283015
0.30324787813647247
0.654570592771415
0.8172974948855222
0.8989306654682013
0.8767535264944935
0.6189483860536833
0.7858665935291016
0.6729389763612309
0.9793391492673575
0.22319917225448938
0.797645828264859
0.44504095860083404
0.7274279993637291
0.696373213941253
0.5488720777317132
0.7150937166928575
0.4294059938557321
0.8936189313968997
0.901154485421345
0.29476831547380966
0.547527666298335
0.43290774193152504
0.8234024556620508
0.8358480161206648
0.6132653695904512
0.49468127380037774
0.7825693063776524
0.9165825008697034
0.816643095245372
0.3012007961770927
0.2425714146501211
0.5542360080784839
0.935719409994335
0.9379934668488321
0.2893517828649289
0.6893594667890665
0.6795173319073938
0.255406555374712
0.6624547707305555
0.7701769019089699
0.940865506947014
0.7777591954227824
0.5968058082360889
0.5642902788407151
0.6257962458009302
0.5539268158287729
0.8148999585211478
0.5487229093584529
0.9496197028670461
0.5906766405044915
0.4221271420239383
0.21872914137758026
0.6795697526787359
0.516516425852421
0.3690107012497422
0.21045103701446444
0.30670840377000086
0.8677189511467752
0.7296601015075518
0.9453074565855242
0.9539367037200018
0.33934869873149653
0.8232259146527858
0.7103477068606712
0.4363901033853145
0.38087424329738684
0.8760946199080903
0.4969156141101134
0.593023883285145
0.7957257036800452
0.6803483220719053
0.42090474722941895
0.39129333799700305
0.28166933555097984
0.4374643796941149
0.20648798374129518
0.24446558304315058
0.8673542104868938
0.6434628031209526
0.46809740337096106
0.7755507926397931
0.8877536667056191
0.7332966304386537
0.8440249564681717
0.6148132814652728
0.7171611637804107
0.8330679580447884
0.4037628133119736
0.7541753024705649
0.9278520865597003
0.8236478201982266
0.47655735406651833
0.6029709949740205
0.9499434131523582
0.7336888748707785
0.32142197195403055
0.7494259473289473
0.25826488130254877
0.4261234667697056
0.9522848454373094
0.9872086205442879
0.2316120576466928
0.9255407634154774
0.7715516202898867
0.6359138913011895
0.9377251313134399
0.22607648243316625
0.8782264954124839
0.9135047755837333
0.9257614223742543
0.5971077803602187
0.9820141211759968
0.5839675942359942
0.2082326230107593
0.8218690384750312
0.6379658415187899
0.7536150613215301
0.4208255970531696
0.31736217399426514
0.24082510054594897
0.40250283446798174
0.26550893190847735
0.746125485976077
0.9149193863989421
0.6958974185779749
0.9997778524790657
0.5272926425305269
0.9958264043350906
0.5561226112843626
0.5005128875610897
0.8594746379333879
0.5444122847334922
0.9887212379425877
0.9636411537820724
0.7250354866525927
0.8314645367097366
0.49283466386299746
0.34943649639532604
0.42015677135817353
0.35013706773441167
0.9932005488993497
0.9917757072334473
0.8334922307859367
0.4431294508792629
0.7178377198055552
0.7825138293222371
0.8321177174042805
0.39134690794344673
0.6885684018288974
0.7981756386538598
0.9198359037277031
0.9601476828420163
0.6163327386109313
0.5845726474222853
0.9557583844912311
0.31927259910451233
0.3424513285638544
0.5457531738648308
0.9317093750673088
0.2858148860417401
0.8462230245189031
0.7367108828072866
0.3107971547993026
0.7593407662602856
0.7663967067392212
0.4134385758497361
0.6201058665568332
0.6541835648230973
0.7030890121999303
0.8877207517446378
0.5782533376479749
0.5025140322105636
0.41362308540542425
0.8369440179056157
0.3622052781005747
0.2844441413805324
0.8885684254708439
0.6677514167422449
0.8509125749951714
0.4151834345362466
0.2892991649471567
0.7222738778205786
0.8999299359394051
0.21916177171367612
0.7121110206867401
0.23911085679359856
0.8497258403799519
0.36390607659345686
0.5892450141106316
0.8250005418461713
0.5415588689628645
0.2985489204122348
0.2189106124789627
0.24287535099644253
0.28209189161175596
0.6824675418407171
0.9643253568688208
0.8777206879788018
0.34751110717200484
0.6095132724672203
0.36627148454961667
0.6206253609172286
0.3648851278485914
0.6840261893040438
0.7160424796835061
0.3276594267497772
0.5781355202647253
0.8518534867907094
0.736418281003165
0.7667879645128554
0.7678977226879172
0.5570374989691509
0.8877479654890092
0.46135845737673087
0.9280934135896897
0.20038129205334232
0.2981199555818117
0.2944890338180761
0.5902176881993841
0.5182640468977475
0.6034854736915484
0.8705874984953538
0.506557555433815
0.8064531420107328
0.7139170626249121
0.46728293401494536
0.973201008663067
0.9163446518667966
0.40887824657346783
0.5203583504184033
0.889350770707252
0.44773760582903077
0.9406587404784725
0.8893815922473338
0.8420997143029108
0.2878074914281482
0.3319382855424161
0.9745394012133771
0.9361049285204418
0.758876878345149
0.7482475954153863
0.5194153997994376
0.20346024329190382
0.38190531791879856
0.2156061981344466
0.37982455306878826
0.6583792074052276
0.8108870273184015
0.9194043726350379
0.537880483710861
0.6727145566176803
0.23113938076643425
0.8953785115585652
0.48939608560873427
0.21558386763657755
0.5281484308759476
0.21672905017007116
0.995679462775155
0.8955578297670976
0.8309739631178219
0.24537227718919363
0.7176960933176618
0.26718998562708174
0.31835550907540644
0.9645780732583208
0.9926119867046915
0.392532256324865
0.45069199620563405
0.9317891709679581
0.3308651698307541
0.8437147013920219
0.9572158169960212
0.5502770925838488
0.7634123057208113
0.6374726907850873
0.6824518807102906
0.9716104134312162
0.5927950358824121
0.48846287712097314
0.736143516134225
0.8416471285862398
0.9515186563189936
0.21473843330813225
0.9508221490521706
0.800219778623192
0.776592303887322
0.21032970076295265
0.6969657770336785
0.8364523720825751
0.5205109398409561
0.4422338237395568
0.2514940527779941
0.7976496757216718
0.5041960858907563
0.21901455479920784
0.9614081900961966
0.24155807837129106
0.9026581621386188
0.5753438943658934
0.365822632293071
0.20775105536953742
0.22994233329657665
0.7789756030109946
0.9802062198457482
0.6645795660225984
0.5598889810362229
0.9698302089199268
0.8516835474534834
0.201859453262344
0.8627139902875639
0.2736618193684327
0.746155645821788
0.8053821254573946
0.3007810258953336
0.6865468202079275
0.2960292437597777
0.2693953510340944
0.7633478070116785
0.5908859722151435
0.9858351441110677
0.6612316639362431
0.7211388814701192
0.4629670063637582
0.48602325092406884
0.21065971992075394
0.35329614869164794
0.9700753039190649
0.792372978864866
0.28762049467537176
0.4982325558880911
0.5183853654106702
0.7795619541806035
0.4902966322249984
0.2086322455054812
0.6776119542406555
0.24096544294546496
0.3367253428658935
0.377112548882072
0.828873965052587
0.9312122945164699
0.8756141513067154
0.5859417301440465
0.9209183551618203
0.9348626087659203
0.7060736621835221
0.3911140385220455
0.3428854595479375
0.948997307886774
0.44585091753027273
0.3824042434977777
0.22124887076183253
0.8118165426219367
0.20585238209318835
0.9415910855980348
0.36456455606572824
0.5580447128807425
0.5129950127850763
0.8320481367794
0.7210617421161489
0.4742930563923283
0.2975932772410629
0.6936230078588232
0.6301468774349073
0.3477416443684451
0.46431988904200283
0.36936497396549495
0.8232227256258299
0.8635333508776579
0.21021255041456877
0.9937877665306774
0.6379704203759559
0.645002062342257
0.20439356939231834
0.7492605708047694
0.4320419411025044
0.37245499252356895
0.8537058635220246
0.9674525730866798
0.9356599979117014
0.9211848459253476
0.7364260942122315
0.23479900190978276
0.6196800679778138
0.2857364195101578
0.9677222866980291
0.6825886401568171
0.8897295632649432
0.2593044801598068
0.3215490270290481
0.9169285953528657
0.31035386958003597
0.737538935320624
0.9964158996145787
0.6215598875912378
0.9678797379216739
0.8803028631862199
0.5120132795395868
0.5549242227781173
0.5357206640319971
0.7489883382080404
0.9069330594556383
0.8843121498158519
0.9511602117042267
0.9329282951565543
0.322478170682053
0.5392084683582417
0.8572822533329274
0.3968352662494151
0.5420218478888851
0.3129545366821851
0.8151266703613599
0.8988186694023822
0.2800391190064647
0.4140295037959745
0.3779450704896573
0.40996949085016765
0.2656618721455195
0.48594014202234614
0.4499241690169383
0.9939562355109468
0.3737646326167876
0.5784269466087162
0.2789977322336574
0.8119186821465588
0.2174737585003449
0.8644802067144614
0.9659143873506753
0.23985217195700115
0.7311211437736858
0.9835047740690338
0.4825550850905561
0.2571360637378006
0.7645411479463394
0.4798315820905409
0.3608976492550451
0.679802584571086
0.8558565461519103
0.7501523955506396
0.6784048329623934
0.8917643902026955
0.8373864977880602
0.5271315639799207
0.7750678499242665
0.6666400490917107
0.34175758445868465
0.8188926595354673
0.8833296125324814
0.42258323563656364
0.9867307191419263
0.5688689189732619
0.3198141323005368
0.9876901094737893
0.2656135028215779
0.3840011411153794
0.7202896426742754
0.9776012379023926
0.4612772570935766
0.33363933616064356
0.6018445613910135
0.7041202858948529
0.9949438053805955
0.6686054837874947
0.8212712434744068
0.8171377892038643
0.49657998504312695
0.7165066343113095
0.46131529801978555
0.30578264739110983
0.8229639575596266
0.901337347696402
0.5343790812742308
0.38882588275418184
0.5806392455718882
0.46972954241054365
0.7187652022355459
0.27300425184520016
0.35314671510719087
0.7166795535821829
0.39958606142836506
0.35525531094988205
0.6963184062073562
0.7128019614143699
0.41265398293888145
0.6701995429384998
0.6886792333275346
0.9730738179621009
0.2790637121748476
0.8445439505815077
0.22635617953215648
0.9604474613034919
0.8779224950598258
0.850135400240838
0.32924366375610326
0.46256583693861997
0.974006053464911
0.9975586927561928
0.517889208987595
0.7098001749058896
0.5637881193229499
0.8077632556885062
0.7691909016379745
0.6629512858385753
0.6909302739369674
0.7778863524079769
0.6353171168037651
0.8080938081490271
0.9712705973561443
0.9650014352818383
0.4244019628113963
0.8885613598302585
0.7459877400631765
0.24098671272350636
0.7502036496662453
0.4055416427894779
0.8294556293123772
0.9263876771136649
0.4083399402748602
0.36107018008632286
0.9582360277590339
0.23120917124974072
0.45279702319988735
0.9164532418090402
0.6172895596744753
0.9258815604950998
0.24664916964702044
0.576303009301702
0.8903955014724645
0.24831267756146203
0.647783601220908
0.20000226495308293
0.9649563602400684
0.21396557318120646
0.6090804543920053
0.6230900291038323
0.6970918387853823
0.4251953571045568
0.6686420768270656
0.8228962060865437
0.6840755163690765
0.4802174002966002
0.6472407565368299
0.5858630521160636
0.9099970813970741
0.43929680263732074
0.560595854097954
0.9208003584867209
0.29028686678228877
0.20915457611048993
0.5260218080503194
0.5178471339323397
0.27059416232325184
0.9094776433992176
0.8960572695172075
0.9033443583586743
0.6101122485091773
0.2044209894185206
0.8430333020794668
0.27140252143719423
0.7569336821282232
0.24757829377925278
0.33627949901412457
0.6439559450990299
0.8686406697492688
0.3100193120419794
0.9027813919206196
0.8037068054327603
0.6250091720297373
0.5610186446074967
0.7294885544840976
0.3861172449265218
0.2306688611893314
0.29478877449833174
0.8066573493101068
0.6808349600648117
0.8994739039367656
0.6268924812777328
0.717161518590748
0.27124550219794263
0.7982771151572873
0.791733139448689
0.9147781296130199
0.9329296509210515
0.9641911172513219
0.8235154832775453
0.483350703416763
0.22629688859813024
0.5643807054619028
0.9442288362138708
0.4458679264960739
0.3125238857833076
0.8378609544763985
0.7859227643482749
0.745783318492639
0.7491863763726101
0.7713759344067754
0.25221059178471994
0.9415383621454119
0.9539894572690335
0.9445153418566635
0.6572592686434365
0.479496446160007
0.4784373073865784
0.21332050535905345
0.7192262044258559
0.5690323169852536
0.40520914208453895
0.7951076128786911
0.8744232893584082
0.866290854589882
0.39576471713497907
0.7677449330795764
0.6815594433616534
0.5995108361210212
0.8418466482897129
0.8297007856319402
0.9303732247746898
0.6977171412041946
0.8107400146773837
0.4332222769237718
0.8586876524944181
0.9595723271744414
0.3166602972954943
0.9982030465773234
0.8504077181051579
0.6753356314024147
0.28041354278174646
0.9470661309866869
0.865129784084318
0.7741001539396085
0.43244538537239163
0.7995989643372406
0.8715712557233057
0.9099897349837681
0.35504235512107896
0.4209305131699883
0.28593853664220037
0.7841100791696648
0.7977011358152266
0.8119118698824911
0.7152038996788097
0.4422062091229906
0.8882897693734553
0.7724690413483297
0.24449490266233265
0.29060674303856526
0.21019377810454298
0.6247728981759315
0.3605350114237418
0.8115411848067715
0.921531330023156
0.21486412968382018
0.20414389949469802
0.615245755353862
0.8023783729316257
0.847813683031432
0.995538994226764
0.6839700046837749
0.35626324926466524
0.3718779213723339
0.9813225869056471
0.5468453079427277
0.6334695710285339
0.6093531680482249
0.9588078755544135
0.24253636784102506
0.45122335290094606
0.6533772624284083
0.6699805808962822
0.43883758863337985
0.3328286803126109
0.4217365498131621
0.2662424844811998
0.21610481108345903
0.8263681254678962
0.7521994163012665
0.28384198730294563
0.41196257537974623
0.26498732965459626
0.9424469723663261
0.6033603539445374
0.925448383112205
0.4835589067618181
0.5929913846750947
0.33715640937749847
0.8339746773456722
0.2528885073920757
0.8731779917304823
0.6191599934745541
0.33327577620548376
0.6346883439012766
0.41838332345713214
0.9441116629362304
0.9092514329905982
0.28858850830350935
0.32400491494363526
0.5310205104295281
0.3871215440434025
0.93996622658944
0.9599013402755684
0.9560098586614575
0.37854322093638126
0.2520497940677101
0.26823842662479325
0.9670547315130686
0.5706193723434466
0.7564588003834919
0.8844324255651741
0.8355817705727194
0.6789757975457978
0.8676353545278942
0.8357454747085877
0.2562345104772499
0.7180664666448572
0.8525639465936193
0.7370975263122356
0.3055872504087803
0.40178358532112113
0.3881324689777388
0.6208180066522334
0.7836484372152102
0.8831421204297404
0.21023847762215997
0.8133247884796031
0.4581349576911422
0.6150912353692103
0.21998183686264294
0.6730815573104155
0.20222524863570412
0.3249738978374791
0.9350158187565983
0.9779936047714952
0.7793046867485033
0.23354182289561687
0.6825075718071798
0.9299712240583985
0.6652988200772398
0.21807579717469228
0.3210873767711403
0.8272752976307444
0.5588267524540986
0.46097209973338904
0.5944067491275281
0.7090737421610065
0.957145237662724
0.4299045220860458
0.8492908394936401
0.7023973723312688
0.5528900155083364
0.8797116564796752
0.9306417780574394
0.6062528365704689
0.6775033051036689
0.5267309029141025
0.49643686423435807
0.23386226250861597
0.7825703266330306
0.49033745944184914
0.8187378709118018
0.6913756894885861
0.6915879607671094
0.2232382547223093
0.7065484989191568
0.961933807766669
0.924533955143274
0.5240706478399243
0.9640320839192739
0.3956449399340073
0.5593894229381237
0.4612031426944725
0.442936525468818
0.6979915590918937
0.7691133979015027
0.25912727029359695
0.5268307664025358
0.4879514834340515
0.5560992170331197
0.37001248467549774
0.9675809885914048
0.2273273815420378
0.566259447789847
0.5366325473072235
0.34518557190110943
0.8769721495479778
0.7628403231849953
0.7804992321892986
0.8086662084520128
0.2728359604509858
0.7204338144936535
0.7505906080728301
0.6985012746815172
0.8927682906942891
0.8786444331409019
0.4168282000948289
0.705208857768062
0.8538739329690032
0.5912511121423608
0.8050572789206093
0.4660971463635535
0.510469774738291
0.9073198545379223
0.21092737209927614
0.844443272704528
0.6895446835038389
0.8993390646572093
0.7504982123360581
0.966204033048987
0.3845341215300938
0.9058448813787535
0.8429422748450853
0.6808982252695518
0.8905912773860477
0.3086662276038341
0.8924186843661838
0.870092711305135
0.8966604490256129
0.764927388775187
0.9183989382563978
0.7898131908648752
0.3241134804037469
0.5128238598401563
0.449947869913603
0.3709582143228113
0.5686781853131664
0.23599209859350423
0.5119859197978424
0.9797945929550301
0.28744522582676724
0.7149041162666542
0.8450226347906832
0.20655618995505376
0.8277533116738568
0.30341996622948775
0.9580976272079087
0.3079803823409709
0.6033295980627643
0.47146435048761837
0.8064103333962857
0.5174922576427087
0.6080684249462807
0.7339067256369716
0.7768900578861321
0.35852046259528303
0.38330917672216025
0.7864220597860533
0.6554423717623593
0.39666895520910306
0.7651681502021965
0.8861716467153482
0.8305865738792085
0.9996621717391889
0.2181232357684424
0.2081274156445373
0.34382172308705516
0.9731486593856941
0.4961363825347981
0.9662433055602804
0.47630820762286397
0.8690531950252092
0.6835703509660974
0.5905622876731369
0.4724848084553177
0.27038428361769695
0.3771648393422705
0.6686382756813457
0.7278189943810192
0.8599186028925844
0.6308275283456973
0.7614138216848176
0.40779447442590266
0.9700497198451693
0.48412263104461284
0.6307118912974411
0.6666211888801435
0.5134879378383915
0.2225851784287789
0.3579717663696601
0.7435421987561956
0.43835719603395895
0.30109135480157423
0.9129274492464365
0.36702986072760446
0.5745179604830533
0.8689137821618199
0.29782854647232904
0.7252596703057629
0.4660156002905389
0.711250901316876
0.2508159931041013
0.4205076322228628
0.3053189039687709
0.9903112042689216
0.9147025455825161
0.9043579237241852
0.6448341437542068
0.7161115082505338
0.8158830192421141
0.6192178320273326
0.7642217003921792
0.3923204614933523
0.36798586314453985
0.24591037255658188
0.614763764251609
0.5356142194045002
0.8885682257214182
0.2731241525192365
0.364592815165676
0.4177316011799115
0.910952352169772
0.3327541637177942
0.34916366302816026
0.6953949572376042
0.941099945928053
0.5875723799794342
0.24487543845534676
0.721994996545267
0.9097712092291361
0.2318161140942845
0.26012354286507045
0.4461406821939393
0.2864074975726766
0.922992138796789
0.9617507076936765
0.33877508307834603
0.6934003979207429
0.8464546184891163
0.3499839528826394
0.5748497517354175
0.9440713554682616
0.328976658601278
0.9381332482078886
0.9874223114235912
0.5028635934104506
0.9364633568446386
0.5797596748532746
0.2884331877121459
0.330251627720901
0.8388989098462931
0.6077560617162331
0.9377066780852358
0.45987627498457007
0.8156883223191126
0.3761949417642566
0.7479935815963491
0.22298350397293765
0.9564385755660938
0.836024418688543
0.7850746943085063
0.9898840361491567
0.7309460104032922
0.8799734466006692
0.9184172382569803
0.9127581310902909
0.39642171308351504
0.9890933890433149
0.20226322437441935
0.7343191119407518
0.2746389450723269
0.8783274333985144
0.9639549713749116
0.228113653189849
0.27262163601996203
0.25872060167580346
0.9002615845091234
0.6296701907887872
0.9164530239653168
0.20645671897970042
0.5782298797292125
0.7211102306089461
0.6618460547150753
0.559147847853066
0.9083995083267722
0.8139153763080836
0.2624565985036268
0.4889623143442048
0.7777964272979595
0.4255075282409917
0.2792658260303502
0.5258779594990886
0.8287855375137834
0.2740043843803227
0.7573422436884527
0.20890411234742434
0.7262581797700768
0.9441712663766432
0.46814717314685406
0.9513528430198191
0.3509475763485195
0.23677469456237565
0.548466883401799
0.3035504623516715
0.8348796990400628
0.757552246132744
0.583764028173688
0.6978795818319914
0.6396011529928152
0.28861880877394286
0.2344020411641069
0.6511291838882196
0.6241570885878073
0.8656442444879479
0.2519159877267222
0.9186355452848375
0.9379331184044984
0.549338574816728
0.3617491509025659
0.2567293477446767
0.7376399717571216
0.8328248762762034
0.2370283121235509
0.39308293571823383
0.9570771664095297
0.792846583506447
0.5069050371815563
0.9354019847699715
0.6639721823014232
0.6321879553606217
0.3224899371321984
0.6634185155963402
0.3426779253014711
0.6127180524960298
0.7590290943354907
0.6309263457430204
0.2548674208413705
0.23969306884219788
0.3134783406638936
0.6857484819033801
0.4590985746988856
0.5734110000936223
0.9177618180880556
0.7861465126509415
0.23496845095337848
0.8379955625957362
0.3230299622454986
0.8833998956565642
0.31953281390110666
0.8377120038096284
0.34096711530130597
0.8511868795618078
0.9777581533785948
0.3364293297502605
0.7702017412284666
0.9123833244877189
0.9902637719893862
0.321398480490507
0.4056618094126859
0.24892810452770497
0.6202793713220521
0.8729254866814521
0.7427919465440421
0.9075502002402002
0.4459062799312762
0.2963057095987346
0.5529466331434516
0.7504538178945307
0.7189096065629492
0.8613128993185561
0.3608722758847758
0.2755106237564475
0.38372638391859903
0.7244934275761162
0.20382296902219643
0.6128439817480063
0.6619226094683308
0.7300145918511275
0.6609195605493013
0.8950509464292782
0.4679904883424595
0.581061388203372
0.3074095686435948
0.26374109013800884
0.8165990480621731
0.8185193700834826
0.3365507390925183
0.39155918827975533
0.549266415044411
0.45128773539239786
0.6648062275827917
0.5435858214874731
0.9474243512563226
0.38720265526359976
0.909455107282909
0.36740467161350776
0.8697340656992941
0.5304537132329028
0.8562172457888324
0.26521766578353567
0.9423033377731056
0.2375528548449206
0.9540682188225262
0.9017706684156102
0.9695162711523285
0.8649946099260694
0.22288009793085783
0.857270941665588
0.5043697644815579
0.43556743494408057
0.6125559872573975
0.8841523171962085
0.8065109645240857
0.6567857524188051
0.25669248542668066
0.7675087253291107
0.732635070514905
0.7997134549320571
0.7877160193348821
0.8343402801782256
0.5567889746230446
0.7625245988185656
0.2019158138454341
0.5668069845448792
0.39207900671626317
0.5211067069530843
0.9310225065410944
0.5987675820311158
0.7194382918067698
0.8060069719599398
0.7284955393808644
0.9188472762238771
0.8177018742243062
0.24763706679997277
0.7019785953302701
0.6868750045113285
0.9924549132538732
0.9567230752825467
0.9248185027435832
0.5992143241875261
0.9095860311208137
0.46233610844542516
0.3819339392585074
0.4369155090053033
0.2845225304945087
0.2721630502913026
0.6475849361273788
0.6682046645484278
0.7125089587199102
0.30437701854289656
0.8195705088574365
0.27366901754426265
0.9268676823848117
0.9531298628788453
0.7161566277030149
0.5356365232728824
0.9919840676185897
0.9470282276817518
0.9131771482416542
0.31169393133379153
0.8186005024021432
0.7134022806328667
0.37373940412403317
0.6024713784835198
0.8096336399416877
0.845955049305592
0.7270730461490297
0.3271184083392895
0.2681209135278354
0.5958470265478778
0.9320578643641834
0.3023909647730121
0.6365099716819042
0.7227676813595765
0.3972849041117943
0.5218332817799307
0.8888663426490437
0.40692093656814843
0.8379925404538628
0.6151079450291749
0.9949687148558956
0.8898090357917628
0.6440705281743323
0.32405415859183506
0.7451251161539898
0.8474145979200318
0.919444102965738
0.37912003566106145
0.5607667448593254
0.6016900988872785
0.5506101908166914
0.5566905361997118
0.42175384113904124
0.6670530013384414
0.8310915729623708
0.5313188648654968
0.9109016591943836
0.974190054002537
0.7674671822178607
0.9195168240816814
0.7878225715418985
0.636207300212476
0.7480013264518419
0.9912170105566566
0.6271680245936166
0.6999842988746201
0.8336487337550044
0.3248791945491164
0.640385066136087
0.35916351642532685
0.5535229502841169
0.3371687790377106
0.8959057841384347
0.9341143549488016
0.23367706307864844
0.6743060020408519
0.40587697360183883
0.9532253160986286
0.9646834120410257
0.844721958660959
0.2734353949269055
0.47785978022813913
0.770479382723565
0.8898387001425038
0.932489304031774
0.7832667817322012
0.47500575099952447
0.8811020514887141
0.21688588883953053
0.9753362553777364
0.4522202009390287
0.9331393132378462
0.9307474903731191
0.8299632137213531
0.9126983310473276
0.49799101692618375
0.8359055901481481
0.8801633276807049
0.800767333766141
0.20521776022040894
0.28185707243329083
0.5899011497930992
0.5784121623511385
0.8348228236913579
0.3189008669750695
0.48368692975490546
0.8445929297597964
0.6936779534573818
0.8215978686807621
0.981731469550267
0.2228079249780358
0.704765823100856
0.920637648697657
0.3967766661821742
0.7048138379669275
0.750704885650479
0.44990592192622536
0.7053816601974244
0.6117071478231451
0.5557081945836237
0.4150857157273665
0.6398207348525782
0.39260898328198857
0.962858106634455
0.7002050344814053
0.5413476954864006
0.9731648721909669
0.9660924106265997
0.3568958728589555
0.3652488599380256
0.5526176802842937
0.23351617960797721
0.9820225077738306
0.9557666864884591
0.855686474388837
0.729146716682129
0.21397609507641968
0.8483388715770336
0.986921165363739
0.6301515390589902
0.976413885179438
0.5927324879594913
0.7057459943163201
0.554590997120813
0.619727119774406
0.38335938040991324
0.36149684293149065
0.9085039076349225
0.4780169421305074
0.5379692914715168
0.5674873690847513
0.3428522654010804
0.4648364239158984
0.22660882451862674
0.3608554022013474
0.6104431313090436
0.2099910833136931
0.7174167646668915
0.7202231567693945
0.9441500414700993
0.8775660512940661
0.5519046747141269
0.6972117018209538
0.49580136796885566
0.6010141034363558
0.42188211627710304
0.5993060986731031
0.8745929292291031
0.6458153664005832
0.7613471572313821
0.9540006182701344
0.8041243975734719
0.44086801756658234
0.8356629469492951
0.34945852777220954
0.6787790279419369
0.7398424130658141
0.389190702586685
0.32072405998386244
0.34176209203016084
0.5132236819707274
0.2928439513112244
0.5037713154136522
0.9527503134456045
0.8174148173416371
0.23532411870287495
0.928484382921313
0.7677119253635332
0.7851755330583334
0.25965894204050466
0.24489710639152118
0.22761171752821374
0.8325149817654427
0.6632888724207859
0.41649456746550495
0.26669114352890244
0.7721906400670112
0.8325689915137277
0.4461494876519947
0.47391139700506335
0.47825035055554155
0.21450417728527238
0.47285861291790243
0.3585091195523622
0.6302510807206951
0.9263910535104605
0.6211678733273972
0.4616010107220059
0.634737243262764
0.22691177434867316
0.2377070413941328
0.9383706359596603
0.993250974520765
0.49814321388142635
0.6659109434694692
0.7790745650051344
0.6084710027535414
0.763264346987108
0.9070490376991772
0.896637062937692
0.6143544565625652
0.9230717484746623
0.7556739674756929
0.7299934423976542
0.5529017515677731
0.617886804318727
0.2656032721301873
0.23011003139888409
0.8919350392269272
0.940534278921514
0.9666827780945269
0.44465213618404453
0.3386075957627399
0.9551316097553214
0.8555660041427497
0.8067097992594858
0.6375680027321072
0.5330890127924959
0.6024062486026173
0.6915079349078148
0.2855584913019795
0.23184662033711512
0.3421545547189856
0.9605213376564127
0.9717459296165921
0.6853966743696995
0.28291538398872795
0.20221735576977873
0.8818249159595182
0.8037030317683462
0.46458222303439123
0.925084912277078
0.34912873316572
0.7965447420940296
0.7144380060251873
0.493770860276901
0.7344331955630637
0.7937044713952087
0.6526063417505161
0.8352609211037562
0.6841202944879492
0.5125507848972436
0.9592724394014788
0.5097864612904485
0.9572344761408156
0.35033967545130296
0.4426737705950864
0.7439817742836431
0.399751741401842
0.9192310920182414
0.24368475577024595
0.2681232661057559
0.8177158255356483
0.31185135914319073
0.9256225014325159
0.8306220293458627
0.43213243014629477
0.9612541400217853
0.8117255404359556
0.460214687972198
0.4533805227623021
0.22687804764633013
0.9607178152182314
0.7128111176222954
0.6624701718700025
0.8363992697928411
0.8628600209834084
0.7042059355909971
0.8464017350439414
0.3403568799432334
0.670888003972523
0.9276206051903073
0.2273307358711527
0.5244217343904078
0.6955571952162367
0.6084543706027943
0.8052283493983914
0.9272517556129315
0.9847686689175114
0.3081642147247461
0.27350255886763497
0.23400881264763052
0.734086513670657
0.4405297370216783
0.5853382925719041
0.8837156260174032
0.8659974153898141
0.44791714785866377
0.8522938134496061
0.5522083953667929
0.6822743425488511
0.36193162130214807
0.26058008994020054
0.7226347941106273
0.23981728741774855
0.8015957386644568
0.5785973458441354
0.9415483806585863
0.9625074065879385
0.21675252719087956
0.376399251236592
0.8205227998358414
0.37522562715951613
0.7433970157895733
0.8593179008150069
0.7824807416231482
0.5552637542018097
0.7625271087054278
0.5381236454921167
0.3299437904467388
0.27797999610914315
0.4832379658573014
0.4527618567064847
0.33490921048576494
0.49111306443435754
0.7954853419142436
0.2106395924473008
0.3654471927857591
0.9129439905734748
0.8300239519737497
0.9568224690446993
0.6708631724095375
0.9793115852958906
0.42800713493155285
0.8188199867224969
0.5938902244445184
0.35662674824151575
0.5023062227341553
0.6149356591222823
0.6062431097421788
0.40772739843445427
0.9852200847397401
0.907392683274338
0.8670391319585231
0.49118300740149523
0.7674631947801966
0.3069329741857679
0.809527160924851
0.22110633317610662
0.3943403058474254
0.954553380973496
0.636827707301418
0.5868180098781659
0.32998115883189316
0.8970571953036374
0.9855202167216927
0.8643754835605452
0.3207371698013788
0.9066578942335588
0.44424580774053357
0.35284790977147684
0.917649797003653
0.6676786844521034
0.35807893915597255
0.7352635770590762
0.7964026678024938
0.9401081467677779
0.7926907470583935
0.3669759787946594
0.8254070974807122
0.5275714079035306
0.6579193575482639
0.24753719208784752
0.7499751545141432
0.8352994487258191
0.4712748565780873
0.33589350702506127
0.4276520586738436
0.7593990370038903
0.7438291625663191
0.23198745942000432
0.8093244843693023
0.6181986749141738
0.8819356811803668
0.7351633822667398
0.899557156272145
0.9561258247742608
0.8281662088841638
0.8138417221976977
0.770090281683781
0.9041634772810353
0.35792966275205396
0.7576307066816441
0.4765786656786546
0.9541429973400656
0.45740190924783963
0.3925462435083559
0.81988955339716
0.9564963376058407
0.6796968645816561
0.9630045101000979
0.46299148640921794
0.5941696323727773
0.41259843024976284
0.7546424804902637
0.639652516343961
0.4098356495011729
0.7604783621199798
0.44827007322152346
0.2904012794205736
0.4088242105349422
0.5530973543573102
0.8153070316993832
0.959686340827487
0.8027101001339261
0.8543572348887103
0.21797982692212214
0.7332856867413058
0.7963196814395392
0.30534425440405766
0.26514076208863036
0.4914709882461833
0.6369931539948419
0.785296618069684
0.3403339826687931
0.8546017033025209
0.5633912121569878
0.9139956508604083
0.3719166312965346
0.6886034300196764
0.7164099773033291
0.4109197823017495
0.4124385289165836
0.8273695104911738
0.7584712658691459
0.584810226483642
0.9921213544838974
0.3368832869519851
0.8592874786542837
0.3659401571249967
0.75314996816705
0.777894766845521
0.8564872959820754
0.6188219083666886
0.4871483319492431
0.8677426810732811
0.3293559594717149
0.8136495132925732
0.20509071314835814
0.2899993383674626
0.8433096297944753
0.4976215807343344
0.5798716822943355
0.4782381138723646
0.43888579667679894
0.3602110640966879
0.8451758972647587
0.8174000524143239
0.5179378698174558
0.9338375938312666
0.5981390834602834
0.9642573179813034
0.9720716046365502
0.6620333915686857
0.7474861984138256
0.6992116314422802
0.9230092354263054
0.9024330470828806
0.8233571162282937
0.7092396908184371
0.6095106253022218
0.44202685435240296
0.29297420747199965
0.9954286379119681
0.8360779967305391
0.9238691257471441
0.2920791863725828
0.9753616972074811
0.5311279251551293
0.6794238743096239
0.8586158457807055
0.9393367826671507
0.532334779940819
0.21588998737334542
0.9392230854020318
0.9987310232735996
0.783728180768166
0.8655395497441914
0.802472212317277
0.4521282981562763
0.9072134210052618
0.326227428619124
0.24373383576326224
0.8919636967450911
0.8550002345843719
0.831865699876355
0.7791757730076434
0.3025731996999985
0.4148453703330576
0.8875709106019972
0.2119523101394014
0.9766642088782083
0.43945725544394487
0.8967324978931763
0.9620911387214288
0.26763970208237187
0.6215024479852037
0.9934523813911028
0.9941601712042427
0.7277594868988873
0.4442997746927895
0.63903705896239
0.589850858578978
0.3224625332676324
0.4139745036646677
0.6360901466172079
0.6104685231557436
0.7946745030830311
0.27279216710837595
0.9442540816939203
0.3392466241437
0.8913300016201166
0.8377056385373367
0.3513629441646283
0.7478885761989901
0.889296008025639
0.27719832545526946
0.9254671182262431
0.9856511036887616
0.43034524350882
0.9711073083619619
0.32725432490817574
0.9220467061057066
0.2766525306107278
0.27968125646123576
0.8259039599480328
0.6830209358140823
0.39862334341309025
0.6944710254664506
0.3783197194623482
0.674218779142755
0.3845559142811199
0.2869135870097622
0.9449237703223419
0.22388856614910357
0.7703135078362665
0.8580637081060456
0.41361675037531154
0.32190748805130176
0.3813889487529015
0.6224868521473903
0.8606772478661475
0.9472771044071727
0.3704422759555811
0.5076804909466266
0.8090019540498309
0.8030833060721897
0.3411950190460966
0.4856572899099909
0.250512445350204
0.552136064619864
0.8725199935900306
0.6272436149652408
0.9860271676410151
0.9772487732687205
0.884531746492657
0.7956789851787485
0.21999762721728577
0.5500627023463215
0.8031795691737343
0.6916814661566355
0.5686528621554401
0.7579899238928223
0.5359750503589601
0.9854359499384541
0.7067096309427452
0.757848480290932
0.8732227241039588
0.8303956143474477
0.25594264410612577
0.6658035733961535
0.6118311793244707
0.3833836149990637
0.6109988163675307
0.6621006765251961
0.791910328668207
0.9323063696447842
0.9600319458423938
0.2837971142276139
0.6545169845608854
0.5084132843111967
0.7074368012236737
0.6838537349909842
0.21372385468687283
0.3158675239168305
0.4678295243111963
0.48721863795939946
0.5916366101606298
0.8759147508607286
0.9464558015995111
0.9497872168098904
0.719821576437305
0.7976669009958902
0.38904165258725076
0.4205260060944156
0.705800490581027
0.8780276954516482
0.7573743234020462
0.9157387483644336
0.7303808608808188
0.46839800488769046
0.8162749721331196
0.9205381770073282
0.2670330468542367
0.4963304195178001
0.9969480976208676
0.9072976260943123
0.8018379896756264
0.5967980238525231
0.49247301547917244
0.2974909964293201
0.8757547118617587
0.5776142567593876
0.7732386410036404
0.7282014901864285
0.308565167674153
0.9943108092778683
0.2573131281449782
0.3632017339863791
0.9095820453487798
0.36106163679137615
0.608380317832998
0.5052227883988797
0.8320166829272503
0.8886023887860821
0.3247915584432154
0.525145504337484
0.516323880659703
0.8511305213070467
0.5119949569527084
0.5698293056790186
0.41342442287272363
0.49691344460556763
0.4942485414495159
0.2988679811812389
0.3449442417388532
0.9966061506049976
0.23431302992226066
0.8078162766000172
0.6593031120426892
0.9545468096117026
0.3124910824858246
0.276932396720341
0.8866428848594656
0.24963947442761658
0.9748960081524157
0.8623487495779344
0.7131041524236313
0.6503469363270402
0.5533179111498558
0.9633904990286443
0.24986336833920486
0.8946597499922484
0.5690220045661281
0.3695255490554301
0.22789225918690947
0.6475333781073583
0.9519265469329553
0.6556050722726202
0.7040466168080225
0.3732656311346466
0.9461350942396849
0.7305637158282923
0.8989046390490667
0.28057789803290145
0.69739929356087
0.9774383391543114
0.5598325690638044
0.939985685614713
0.9294353096482311
0.69779720279649
0.8101142727331709
0.985700789481618
0.6240550199104359
0.9203070878782305
0.4831800515822351
0.6206347387712294
0.9969906978294456
0.6454860503266622
0.31688369009102446
0.7172610303053158
0.5163871562893488
0.25297447718541455
0.6869951179264765
0.4146196393236018
0.9208159559269711
0.8602485736698036
0.47713073728648936
0.6737003051168533
0.6493700163893373
0.8366422294852035
0.8744164590499909
0.9803923895011663
0.2924353075684626
0.8730849919468793
0.2156956734794384
0.4015443383302846
0.765986781366351
0.7778788781490467
0.9511710979101746
0.7188075008175743
0.24094326873959138
0.7964621993448305
0.3476975101157791
0.7743958058572752
0.7083880074986949
0.9843129080675881
0.6484890098442798
0.4669702416005497
0.9007401119387534
0.8819405307962037
0.9801225865675244
0.7540218752866082
0.3059853196687804
0.8742269459361833
0.2529280541718373
0.8706073573782415
0.2749575975534245
0.6004961556658888
0.4272493288173588
0.8578853468165598
0.8805468755969591
0.828676646574281
0.8982261363773193
0.618615303656319
0.9815786934777355
0.2341318598874994
0.9408952699961798
0.37999172564397676
0.7993730291462839
0.2897335725394997
0.75967123923594
0.6409009150722175
0.287327185500563
0.675746968883323
0.21185082400978428
0.52005825599057
0.9398808255519043
0.479337393347366
0.3548386216176942
0.9250949754549143
0.3534751037296763
0.4721466636288756
0.6757797029477877
0.2706945347829567
0.9239617919152721
0.4554953378025236
0.9900376861500121
0.8922911288198252
0.7226833401905682
0.2750354633304676
0.3673546096139848
0.37885536921802165
0.33894401175604205
0.35435883790271905
0.9719457400140776
0.218386923703204
0.8651168354972618
0.3890930300850667
0.20220361079195237
0.5662059502156429
0.9253223315625789
0.7869306200337869
0.5288192020272162
0.9913675838349649
0.26935366721706044
0.6959644241988772
0.7960186742642175
0.9887973725603082
0.8896234540115322
0.23876263998062275
0.3680532812729346
0.9537812021780206
0.5833904633162245
0.9317942498778884
0.6610288598473575
0.2939738977082522
0.7181208974415246
0.406884398906905
0.8677637450614015
0.5694035101429029
0.8459388207050184
0.9557252465216665
0.884769346647757
0.763206787245052
0.5399332497325425
0.3865273127022786
0.4328194940403014
0.7981221385622081
0.6265780174795336
0.9863654765030614
0.9718375068183911
0.21409841208089186
0.8266985642822661
0.6267049110401054
0.5552110476131626
0.8526181675911619
0.4215430983260441
0.26761532235684893
0.5630181273790451
0.6062032540877453
0.5540566909054272
0.9178369927092348
0.6545739417503095
0.9573373839396865
0.8441535996393096
0.5351610749892871
0.5579579263755302
0.944627959477016
0.3956926177680995
0.9216306972995415
0.9384168276577951
0.9522095957500715
0.7952711546070371
0.583753189072312
0.7315485475055289
0.9687294836504614
0.9789811754853059
0.4213440990807582
0.3247774138680578
0.8873925209632738
0.5376672003913615
0.8827101507022386
0.8179751120100092
0.45194393884716044
0.9137508108610369
0.7836207827410361
0.8192689870825298
0.6389684884131825
0.6145220867257747
0.8159858478645198
0.5938559620304564
0.5572788935127064
0.9993640902144606
0.9700534075990562
0.8761191989901828
0.22264894209622965
0.3680965971356732
0.7720424174406032
0.381569904647341
0.3355437062826684
0.4345204584414293
0.6322473671131081
0.7968282237015702
0.6435409218536058
0.7766828180687888
0.35252850992879703
0.9376697381312437
0.30763165857118824
0.5869473184762738
0.28914145366263566
0.7701879168552589
0.321558845711048
0.5825496810739411
0.9632997562166944
0.31510283222427815
0.2811189950421594
0.4422534234063523
0.3620401561934323
0.5778211478739446
0.9515658704540364
0.3992268999556018
0.9193239251829469
0.2376338049056559
0.5666955123332701
0.7170515850378192
0.42827535731951216
0.25249662841527365
0.9794208085980008
0.38417013335716577
0.24147224705259185
0.7823117004201057
0.5587133179501035
0.7691967598915518
0.7254100922109415
0.20724865760410294
0.21638166126069336
0.7158427985049556
0.4398250104892576
0.8529749894644153
0.943953689578763
0.6276182455248505
0.7030820484367478
0.5885267626324033
0.9849078024916972
0.7397217843440038
0.7151137945804535
0.5502577984550272
0.6765023640397119
0.9217343590728022
0.76983457752113
0.7349087045704298
0.3321428893286398
0.4869061399242737
0.7121078241353731
0.9745957242765325
0.9259698378289606
0.3908623129994936
0.8996977703507977
0.722773552963292
0.41868151341532334
0.6932985474513993
0.804783428708749
0.7108971030778298
0.20890948463519254
0.8922000609760545
0.4254800127144689
0.45308144636896
0.7851808327565474
0.8046829547671962
0.44901560985273536
0.9016506615815364
0.9727644369102677
0.7927551103837925
0.8697760628654172
0.2221261661664541
0.6046246965364386
0.4206333798534335
0.7449441617606107
0.5776548565879138
0.7745663133564492
0.7925024909933658
0.8168657928092252
0.7822527092034984
0.7089118063307218
0.7563048289040647
0.5763822054291187
0.6917609813210899
0.3477740020683563
0.5171659296931879
0.6896252002287747
0.3311573298970055
0.6097092503677287
0.8973491811771519
0.9375005081413731
0.49287609678932154
0.2393908660643752
0.6600468944777137
0.7069083681171874
0.2703984316358863
0.9714724347517698
0.8859872590779383
0.32278923511205293
0.648231851238659
0.5193584036060347
0.7369855864197307
0.8884173796680568
0.3931737562992472
0.6782152039218531
0.9395964176531089
0.9912154481570361
0.7449594121920305
0.7039476655167524
0.9461254744195163
0.9677353765513813
0.43521718797115383
0.36457331643966884
0.26907245191853424
0.87601362016536
0.8064071305786578
0.400482084691696
0.642740047337353
0.530869423533351
0.3658081768477075
0.3591811447513852
0.9515876182156775
0.703676346169939
0.5706021232048584
0.3920040679240546
0.904127149308008
0.9687926239187389
0.7572082855304766
0.538095950175123
0.36469515645670914
0.9501198787171387
0.8968180203838669
0.6166057275660141
0.9120488966806688
0.9736250496343184
0.39872426793514404
0.9674479309142606
0.7005766151623631
0.47433362500659837
0.23550687829956107
0.42468650930700425
0.6348861180468637
0.5591935471345378
0.6050087030226196
0.6356820179174179
0.7342967040087325
0.9053454447720622
0.964986770233828
0.20291270160118324
0.5003525768712467
0.9365105791285739
0.8808199223832295
0.26151243338802754
0.2395320275981052
0.9380405317490454
0.36904833395346126
0.6494977722537219
0.7182086156200156
0.5268143577488784
0.22859171841099413
0.7149736758215215
0.9607688195654142
0.5579234594052672
0.29234643627821566
0.2259578584857359
0.22832830001441295
0.6227291157629086
0.20374072606539806
0.424983888811164
0.6637927975280274
0.7183967522738464
0.8877042038181296
0.24524334765997702
0.33355046872421956
0.7995453039365538
0.8038405168114132
0.27186135847951143
0.395598341452586
0.967481040699848
0.4418720069750619
0.8917488391004234
0.6717324668652022
0.47782737867919567
0.4403695747098928
0.8185025889221561
0.8371452351745706
0.9218268482708026
0.7000432229532866
0.4169332297309267
0.4638324672573294
0.8874913141876059
0.5931507015015002
0.8120055005105462
0.9012381746659727
0.8966198506790812
0.6190583674495485
0.5376988937988068
0.803521212076695
0.7361921111009928
0.21825285047977372
0.36088656948254616
0.8038435268198864
0.4207340441072105
0.32233328107784487
0.8634771387306974
0.60308751147026
0.901362101391507
0.978575079318156
0.25122868156751144
0.6511962889290672
0.33964183412886273
0.6709625611277356
0.5344822913719199
0.5004906186465955
0.555578650078066
0.9638567203326207
0.6075398998158839
0.4807935337228004
0.24501546416855036
0.8978879684359157
0.8183567323657555
0.2330001954288624
0.6174157734059378
0.6921242299381555
0.7131415084905541
0.9865309297680862
0.9909331759942523
0.8645961915839144
0.4924515942666472
0.9706959844204189
0.6860070790283527
0.9327286494247999
0.3582355122307249
0.453045831752394
0.9050600653878856
0.7571342880437654
0.5891817601874738
0.9433543597920976
0.9628713921668517
0.8395627395742912
0.5369846062608123
0.7030318925544022
0.2939716971405689
0.9280342939854584
0.8055924229886219
0.2704722878321488
0.772624810679965
0.6624859596979878
0.9536079627293144
0.6613165394334275
0.276383896977599
0.2658863263811444
0.4588960823722237
0.4628456519738414
0.33487659616324106
0.7935105566217231
0.5807263019536025
0.6518693099147355
0.703638229168147
0.5937477569640889
0.7860777831377739
0.3663836260531451
0.9417294294983098
0.8129962734190355
0.6628480034496107
0.21404203122539212
0.3083580876108378
0.3684323467220211
0.40900978574614244
0.612109882905737
0.3320829056423925
0.2544659319146637
0.685985545083806
0.6826798233696423
0.41569581632972674
0.8788382850248779
0.9267970907130071
0.976964824655145
0.45657291739360106
0.9680229280734804
0.7800078963479943
0.26192401197205106
0.21883412322124485
0.9737908110287163
0.6084393461925047
0.31222499156290995
0.5863424008494843
0.9385363830530026
0.3530715574300949
0.9686826939446762
0.38677151669887855
0.8375225670571871
0.23668880714454832
0.9157667386157154
0.5489708921097505
0.31978444800780204
0.8989519777356715
0.3272130188294331
0.9842355064961484
0.44166934220701115
0.3421729876300752
0.8274951689713262
0.5827873364779913
0.7522783783928481
0.9557798086443028
0.7592884540209777
0.30091615732755717
0.39602782313969975
0.6576176646320129
0.8382326491493538
0.9701873770448303
0.7585839180145016
0.4421037243865743
0.7524370245432093
0.28855020339990556
0.6302871193667611
0.5317220780798908
0.21226847721253417
0.7736918391991251
0.7652859521813429
0.7935294964828509
0.7361746303332495
0.3312813017012092
0.7993445349760128
0.2694073893372805
0.7913404139479162
0.7024959964963601
0.3228302726122475
0.2018280236383263
0.23551961795747323
0.3062922350801567
0.25833818381186946
0.8774236060018501
0.9542143027022356
0.28235615314208573
0.7054345577653853
0.6039114327694977
0.39106445952935964
0.3090787695298527
0.6959905290678755
0.9883697734656063
0.621659919155258
0.2204222627391602
0.577837933266221
0.8926096056550673
0.4660169983462107
0.3758750568839486
0.25400764298393996
0.22987698953269264
0.3164004865959341
0.9996822929030439
0.5444618682428957
0.6576732216126087
0.24034567032431164
0.8493236090157269
0.450214447986774
0.2933194239541357
0.416455520997835
0.7674237749142375
0.434642751396631
0.565425206337238
0.4518952173983727
0.5746281500157476
0.04850841530451666
0.8006027685041087
0.9159550092482618
0.45305546892708226
0.25805158230751646
0.980445585493589
0.6383077223279444
0.09069798705077403
0.8114881605808106
0.6791060188317486
0.0411505607085465
0.06027291921430977
0.6511901906670701
0.07815505528534616
0.23063806633180295
0.03625956218457671
0.9355987396604625
0.8542444590482078
0.6767587278691825
0.18242052426911493
0.11184622977716496
0.9140705369121451
0.9849853335211043
0.8699847705395591
0.47833817489468544
0.86131375205529
0.5081777623092794
0.29112746562367864
0.4000581216938808
0.3728366481011133
0.1493220596047986
0.5725688941413898
0.806487172069204
0.8776822735241441
0.15429299780354422
0.4565205362894108
0.40084246503620924
0.10323259058767076
0.6803905326355177
0.20661431177404121
0.06410847595763114
0.3190976415240334
0.2418747524813949
0.9552768861091075
0.5511491696681659
0.45298740525662373
0.7394412076720491
0.008362693388713094
0.35064591245879395
0.26780598462552174
0.3591327858423409
0.4438433642210329
0.22520285971867315
0.9254396070115921
0.21007405427683157
0.969703318076454
0.6556675338990513
0.3854300784939959
0.6600217398791531
0.5811166119154375
0.29652045351990586
0.2725579418439201
0.06164061994371184
0.9015640204900326
0.43908768404693244
0.8581871655116944
0.19745293100954187
0.8753165981320749
0.3581078328785151
0.9085841692336342
0.8623500408678794
0.41457120137817216
0.5512933725538005
0.11027132955315222
0.133595744128307
0.507135323448896
0.08133676768023856
0.8418212129717518
0.06482583205630987
0.30205861179846516
0.3838552457597
0.7166298038624958
0.36149088425147524
0.00995681782422686
0.7387390704412564
0.23146079071108538
0.7254609290574109
0.25321967991133754
0.6074903836972831
0.3409625473252236
0.2725245975847749
0.7088193868643118
0.5161005181686833
0.6751489810975889
0.9380503363043226
0.6245488001251458
0.7562465223332037
0.32326889900514866
0.4941284154329495
0.8496360355733262
0.3101479345048249
0.5136268690182365
0.3249754948725727
0.5391522769696194
0.04976649132249977
0.3771334126093737
0.20821198132684615
0.7802750130603683
0.8034671096289645
0.023567714315463673
0.6714376119128712
0.050976381041312524
0.6574957615610941
0.7044659029442567
0.9718463449909661
0.2490901740392215
0.29991336036191873
0.664014685902537
0.09616272070627385
0.9513005748737419
0.9063119287140539
0.7404774873916131
0.33245017106096364
0.7640121722093272
0.15658874210859375
0.7577412183425891
0.47728129343835857
0.620442796498405
0.7427475869883517
0.8198047587961991
0.45990426373551896
0.46166307165851284
0.39507408959663304
0.7437581072756441
0.05541802167629806
0.11582686979515455
0.8123470440225948
0.4024383893825896
0.026267483103878386
0.9687122482802847
0.4870004608331904
0.9333700992254155
0.8430875814222863
0.41994453063518666
0.8066276172217781
0.32163420906625606
0.7992659828863397
0.03044845548870745
0.2667724515380828
0.8804495165820725
0.47873131907568367
0.8593329375133546
0.7825677175105519
0.12923388855410112
0.08544790866268359
0.32279481941056865
0.07704677646017621
0.6271723811910436
0.6415867624643005
0.7947757864990224
0.8018112471587386
0.9571924878281497
0.06498808401644618
0.9915277205751908
0.8947712413986864
0.7473228363059509
0.8224231974115287
0.3503454502847727
0.7260751369868412
0.9674402971236439
0.21633085299579313
0.2520164985514697
0.2731011728118343
0.6131110535426546
0.6470457623796201
0.5797258596948653
0.320610049971636
0.11217859667429586
0.2568674557545797
0.3261418681727638
0.25600279329540543
0.13907343175109965
0.2114001769826368
0.4335445180418901
0.6477503048054485
0.3213601722064583
0.27475389039237064
0.861303076865586
0.15495337567208167
0.844459059558262
0.04930824721912319
0.8046917364811582
0.6342469230756368
0.04603342541636213
0.9132481345537918
0.7380492917870176
0.6555807688473646
0.41917123325398065
0.6843108987344824
0.25846323804574056
0.8590168877061545
0.47396923803951263
0.44245974687173184
0.6417654408960544
0.8913070835637154
0.6044040435517128
0.3885576493149573
0.4263003172671499
0.6357316586308577
0.30443230210184746
0.2527697296575674
0.29416294244945285
0.5319730549281368
0.13566444625790408
0.48788833776607465
0.5421105163971927
0.2703013748444112
0.19147712075800105
0.8372896626183131
0.9438071250335351
0.3954340826313826
0.6447579537368169
0.534631108173095
0.06113478068998379
0.3604857988234611
0.20924523295187125
0.7936180287574203
0.20254589174517812
0.17905380225442802
0.04602045268732646
0.8773534703061822
0.7566848746795444
0.06726946663725408
0.5696230474153064
0.27417743884089807
0.4701684087745832
0.30882194494733284
0.570005247787527
0.6020733894722665
0.11547451561534594
0.5107399982654741
0.2324519111042962
0.7743462650884594
0.384165943586779
0.4228939694674445
0.5778849221100489
0.36904157087750966
0.7870088647423633
0.024140605091744538
0.4679121424645867
0.5939994742332737
0.42046272380699556
0.2316225885917209
0.6945548239414657
0.5000807506777705
0.6340767420176653
0.751089399330526
0.6241401379603712
0.3218385776737509
0.8200009983800823
0.09826513404419068
0.9020887811927651
0.6466512845212713
0.03927665474493136
0.3599198983017756
0.0267386343051208
0.45220722056021145
0.3422810467252714
0.41834490171930083
0.533749079257516
0.9696581965401131
0.9731624502246242
0.3578573931587288
0.5892508137564643
0.1458160260060023
0.6628808886390163
0.3202816754193796
0.37459691745061285
0.445450165103769
0.735219733098972
0.7394771883870401
0.3151017132781656
0.6046605812043728
0.6766155795587079
0.15003274188160032
0.8120726566056757
0.5734696648989982
0.21323947180416836
0.0954201576668614
0.9386609415884852
0.1524472925733794
0.02107640813811118
0.3971038728656834
0.9867811744589648
0.08263106786835117
0.5542532214465737
0.7318783642123476
0.16820398925535907
0.17554532696716618
0.9583119985501047
0.9514726527719011
0.09076791862765943
0.9540875996088177
0.2397593498893842
0.028589801090586286
0.13548627111997158
0.5913321023120418
0.6431017242016406
0.801358170519346
0.1095774656402726
0.3116186308120096
0.9917708714620838
0.3185736897392878
0.46042104550995233
0.3228945466323382
0.264751357608746
0.4886029860182096
0.653608129751949
0.7261027201320177
0.31582632649596865
0.5244906309775139
0.3187878372839895
0.4498033249333363
0.2209427979017078
0.1490771439112688
0.26261962272355766
0.7502641187026448
0.22570263605418528
0.7470974065705214
0.5733116680240168
0.3685997308551875
0.545496279055581
0.22442770159317205
0.15960204524558452
0.4241512523676205
0.43874996384285325
0.036666095568011925
0.661913450581639
0.9217406301136318
0.4752710997123357
0.7530996000589588
0.12935840975875024
0.6945573870347772
0.959600789817768
0.5651009014749516
0.032886919680945814
0.5476764845578963
0.7304006882305858
0.29827319124893614
0.48810822188919045
0.6412348627820073
0.2971914912792295
0.3907793008472532
0.7004917951420165
0.3920269625231313
0.6918803249280088
0.7778560594390606
0.786571792803675
0.7747633004074854
0.18438099271592545
0.723879627330674
0.17506075479500482
0.2401086684428977
0.9147431027757498
0.08187520268024273
0.3114838544048394
0.8197860810375189
0.9673166666148435
0.19706598627852678
0.6049378346671778
0.24797315885476312
0.07118844327138096
0.2750068416563789
0.9656483630775449
0.04790039030085835
0.09277520877768552
0.23519845771697767
0.7018700243525188
0.7912811603093701
0.054899665396697106
0.8914224744635317
0.6833278168808452
0.3625075256078537
0.16113923109781758
0.4470914063245638
0.8664453647900868
0.9649493927923234
0.8472567227425787
0.7632443729344839
0.734329563076269
0.2509061959236887
0.5046692351841534
0.6897627086667697
0.757969850870724
0.3549771778240459
0.9345439610810578
0.20157558299964162
0.18696000288138437
0.9533141104035314
0.5738089873063063
0.39666649128488685
0.21021661071067277
0.4405274676624682
0.02486117738930027
0.16921993302390026
0.5846769453977364
0.6958880060191572
0.6336153996577081
0.6135031653520673
0.7401306782922412
0.5593918748099642
0.8772648585993006
0.007845673005499765
0.9503662639800861
0.4241115333803276
0.29107343509172734
0.8051259055528333
0.48041683723333284
0.5363384389638849
0.7313176796429746
0.8284724414028275
0.160000889624763
0.1736760009716174
0.4830116137962631
0.5567707545465541
0.33730393586469964
0.058565414275030925
0.6909258688842458
0.1292972677563069
0.9937546198969638
0.6358142041576463
0.3453745477846579
0.7369847569935661
0.45945438509682035
0.827183536489109
0.46830817473633424
0.431168722938872
0.5215252856711494
0.4417127927906257
0.8434740246907068
0.9451194899301426
0.7444111067245093
0.8992851749401929
0.09948132945623989
0.18428458850285845
0.49604209591376847
0.6840177343811124
0.7414330487411512
0.9238242165292937
0.18578076319698744
0.7530090506968998
0.5952500555382934
0.8268325480226933
0.8411261007285479
0.5261785130024663
0.7147379905576986
0.4114767443483517
0.8683885731164304
0.6867151560771989
0.6927739664454388
0.9545577537961478
0.6009937989983895
0.992116166594243
0.5154160094206215
0.20839527508451616
0.9783211550256945
0.5263706528046376
0.49952296352523406
0.2836051301727527
0.30276549673041786
0.5521060432972333
0.1432666526098063
0.8531867103512116
0.33720966686139464
0.008619648933601343
0.11080809237593459
0.1932594749492066
0.6113741139195988
0.8407421303532712
0.4648741380467275
0.917577763406516
0.6704658313293188
0.9477473862124951
0.8399498180787652
0.36785534652259444
0.6933159227734321
0.9011485172889666
0.014672662694244387
0.8046892688631312
0.8956200890818291
0.26426400057167543
0.5066618428060443
0.36040478015248556
0.23367698514783175
0.3154600385955678
0.7472609362703382
