0.42777872179215404
0.5632144525196363
0.9961906698571258
0.5397526001405808
0.8082869296102645
0.3472131302804837
0.7701160951975048
0.5344910354228241
0.24813619063271558
0.7308514421599297
0.9928372522310465
0.7723060537939628
0.3470594571205457
0.709524300322853
0.20851172883697738
0.4727543522931657
0.15154077074285885
0.2778888929125567
0.977979239731058
0.4392508178104871
0.16627575186102375
0.2895949806910371
0.9212069889253186
0.822270722895258
0.7131418872178287
0.7892147440807977
0.36386740095509496
0.4749405967347007
0.7617481041560465
0.7579174176223652
0.762619537754849
0.635420409838425
0.7123261659428707
0.3610706422980962
0.09857692154126287
0.01654191748819131
0.913575793366705
0.28648112605748954
0.9970170693274872
0.9518998366700373
0.4222980219339419
0.5619999238598241
0.6857239955764415
0.6286522910300373
0.7777965033088478
0.6958107118085056
0.5878657630127739
0.06403620929634407
0.00029898947129933213
0.7535862487128132
0.7810050688929311
0.5403352581941222
0.3196545650213889
0.9602227935830545
0.8669051154127215
0.14412453190041236
0.5690303548596467
0.7119436079858045
0.8449084971507789
0.9066943928331667
0.35379368426526125
0.19465421681936487
0.2907208339020633
0.9126946101112297
0.035334148590338926
0.3530736024795698
0.9876843265447867
0.9085714338773642
0.908544970523538
0.6319151761298691
0.9118631036778491
0.9747813523423783
0.7914697003884078
0.7399098017476956
0.8390155260961167
0.2450864051715893
0.15029049334191302
0.1606678421966998
0.35811881767306336
0.7819958197186342
0.9881648453379464
0.1154229354637726
0.06420009638232026
0.20274086062540797
0.9574775688256121
0.8567482945064863
0.8443978008488701
0.3456889339539686
0.1410436403918062
0.4066266095058224
0.2893739884731202
0.31849946284034425
0.9564301771373337
0.1182150514271176
0.6275292234352033
0.7358627656897511
0.6904521147933862
0.9896351864180782
0.06970447397816634
0.9877618595288037
0.6238299251319221
0.06370843512439169
0.7592159790373096
0.9928535016588345
0.289419951140292
0.824395683780564
0.7765322978269408
0.7793675908412654
0.24959585351744398
0.27724216568659404
0.92904803423708
0.9121755569607441
0.3900907275193809
0.8448922477229909
0.37593747591602666
0.6310358499518552
0.5341878675272363
0.922049637823468
0.2997870860690406
0.9290197138057924
0.9108783883538958
0.5209756899274904
0.06965990411909066
0.7817451142613335
0.6354032318719062
0.15807118363617623
0.8907439545164588
0.739877767161485
0.16985155451311607
0.9571131173737953
0.5451158398493539
0.7273216021750091
0.6527111938129607
0.2881961370931724
0.14105849701149809
0.2896107658494597
0.9139300308924836
0.7499129494939928
0.9519360496805362
0.9425610583855869
0.07573208314878627
0.8993236523885266
0.9747637101064941
0.6106729955866554
0.5613313759736889
0.08845306375996903
0.07337080915650614
0.10707444373565989
0.9514420670757808
0.3700417192451723
0.44895265473865814
0.18213008641909967
0.6339017847442944
0.8383455854018855
0.7766994347984746
0.2480897636961784
0.9602390430108425
0.8053146771331552
0.5692012059861035
0.07570886968051768
0.9212603799023363
0.19918595009475737
0.11404266264052274
0.8837929135781147
0.9747627815677634
0.9516472741352751
0.713549515720625
0.5010186069876253
0.8229782694080844
0.6353071281132743
0.7498428448198217
0.6276211487695469
0.04189056056811714
0.6276072206885858
0.7129988922532943
0.2881803519347497
0.556867890295006
0.2513456847555297
0.25844204200523513
0.06378271822285116
0.3030314003942575
0.06433752011447025
0.39042871561737147
0.6643903539682495
0.7357323059980816
0.536115049662894
0.4818716740903338
0.6278899607320971
0.2907287264812746
0.24808465673315933
0.26193334763282977
0.8745455963586425
0.11756182443003971
0.781019925512623
0.28936516735517814
0.31031764381439997
0.9516737374891012
0.17974931311347395
0.24798762443579667
0.7498939144500126
0.6131034457143759
0.5209009425596656
0.757677390360468
0.6070749080050253
0.2696708608761134
0.9875352960785024
0.9802393030016872
0.28944502168602204
0.01738967334935991
0.5632186309439247
0.24506365597268612
0.3639175420465551
0.8050133663150291
0.9330857849077172
0.792034716206065
0.569029426320916
0.6866882830483184
0.772292589982367
0.24495315986372765
0.02048727855511945
0.11411601720025145
0.9251333149482664
0.7726055075346275
0.3815672062405231
0.9953781984677254
0.7326110230546882
0.9664087186072662
0.524966549392225
0.8477228980436617
0.5815568066067388
0.844687504932862
0.3902351152920115
0.9392675315076405
0.6193501900254512
0.1578348705292021
0.8053490330661928
0.48397156442990974
0.47501023713950646
0.8871635091707127
0.6277065743327753
0.9655994971034234
0.8044297797227569
0.9655423919714827
0.2881938157463455
0.5253240368035611
0.013943401850206275
0.1590094720235923
0.7499979107878558
0.20067300487204273
0.3760368295602162
0.5976209909179627
0.36246159331674965
0.40916244877948227
0.9122335906314156
0.35307499528766595
0.15780794290601052
0.11405426937465703
0.3198880925121708
0.7119621787604193
0.656900296296709
0.6286457912589221
0.5100063976318548
0.7576820330541217
0.8606602281791077
0.06455572671619492
0.912104059478477
0.08953016868763121
0.9512902509933043
0.6278597832233479
0.26275696148699906
0.03442557344230664
0.08853988213129352
0.5792651730192644
0.7980117200158594
0.9633403623715251
0.7701290947397352
0.7761251335935099
0.6070823363148712
0.7985191664322107
0.9378361890541997
0.07087675412572972
0.1126879246323683
0.9527424855681867
0.9848717827293653
0.5455188256584964
0.7623456188292798
0.4233714127066811
0.2905258407686072
0.6154507916256949
0.30452727628948495
0.06378271822285116
0.39709190954918516
0.50875101326789
0.561994816896805
0.04184552643967609
0.9759875241536138
0.45221089714483625
0.9135790432522626
0.36053951814411106
0.39695773570259274
0.9789165995797434
0.3555337658466741
0.3577534376825159
0.11269999563586797
0.5799573986430335
0.2584513273925425
0.1593307464244295
0.37603125832783174
0.15782929929681763
0.7502839007169247
0.7123261659428707
0.5255807777626117
0.03676131261949133
0.9381621061486907
0.2706685757422971
0.9527304145646871
0.8606639423340307
0.5808520457101046
0.4276436194068309
0.8261106948162469
0.7635188275155739
0.9134318698634398
0.064528334823638
0.8019844729753445
0.67549057022492
0.9424965249438002
0.8658540095695202
0.6276963604067372
0.1639771542330688
0.7765304407494793
0.9159547095948692
0.2776841501224278
0.9334520934369954
0.4277666507886544
0.3350409160591702
0.9134453336750356
0.1716464198796428
0.2451012617912812
0.8009412597113544
0.915931960395966
0.14008910257660212
0.03378720306492064
0.6089863049822603
0.5208735506671086
0.2894329506825224
0.4609498394092265
0.9290471056983494
0.15155887724810835
0.05423641153207962
0.9123984062561226
0.6755198191949383
0.9245799058647435
0.9511653625340193
0.42424098922802217
0.7924465231331497
0.33029051191268766
0.04632526154614698
0.5613323045124197
0.7840729608593069
0.0643663048151233
0.7449847301805729
0.34712074067677473
0.24333982381906122
0.06429945002650977
0.9119276371196358
0.29917007208246166
0.9424983820212617
0.7920231094719308
0.865993754648497
0.9516379887479677
0.6106688171623671
0.7994189204623009
0.2648011395027304
0.3186754209298201
0.17678448894621068
0.014424849182096659
0.14955230505097214
0.8220042322795347
0.78027291610374
0.9518891584746337
0.6276494692008345
0.501014428563337
0.4479363690978596
0.9587663805838837
0.7645615765101986
0.1965405432508698
0.29033038336578576
0.4003761510398241
0.8833054307444745
0.4421659651556556
0.5910032953839555
0.34215770116095195
0.06963297649589911
0.8241440497845326
0.6527260504326526
0.8053703894569998
0.9126249697064239
0.9346800859084033
0.44793729763659035
0.9127721430952467
0.7497128493975177
0.5776959425643082
0.8117285584157644
0.6565706650472951
0.9789156710410126
0.9387958338324229
0.9576525983763572
0.42761622751427397
0.5632724861903077
0.9763765818817952
0.5776750504428666
0.9134179417824787
0.3128279482729644
0.9401245727561165
0.8449033901877598
0.7499830541681639
0.804847157882226
0.29453016404493754
0.8048457650741299
0.8222888294005075
0.6840660896726993
0.9121500221456488
0.3472112732030222
0.5884697774571224
0.17933657764765856
0.3186754209298201
0.9291998503195567
0.6284331558895819
0.07620378082400384
0.29957816485462335
0.7511595127400157
0.8053165342106168
0.7634937569698439
0.557218877935227
0.3059590830122911
0.1539475431329454
0.5779327199406478
0.5249823345506476
0.3407477150983183
0.16397111873131895
0.14993950570169207
0.5632190952132899
0.6350647795045503
0.7119487149488236
0.5311269396013412
0.9106968590320356
0.8531506711942215
0.7764867994291343
0.2997819791060215
0.19576753475752603
0.3920940498309595
0.9123088022686058
0.28947009223175213
0.6393360576659693
0.6161216608586569
0.15811714630334803
0.052589183823741066
0.2884589135539727
0.9194724785762901
0.8881045831743211
0.987639756685711
0.11402177051908101
0.7694266551899279
0.7130754966985805
0.6276322912343159
0.8015030256434541
0.19992645973252512
0.23165509243138796
0.0850573976216409
0.8495957606635709
0.24422657830692104
0.8610534643315775
0.9527410927600907
0.3438420704185203
0.24801362352025746
0.8443982651182355
0.5304881049545899
0.42762272728538914
0.019084720802331746
0.36525649489628687
0.08849206238666024
0.8241361572053213
0.4489020493778326
0.5632905926955573
0.1938319957732917
0.4479447259464363
0.4358885790664657
0.05531444499847255
0.7999166172219793
0.06378782518587024
0.28943434349061853
0.11261967703565867
0.3640795720550698
0.19316762631144488
0.6354171599528674
0.2904891634887429
0.2705084028112439
0.1835730356066747
0.9122335906314156
0.19935030145009894
0.2896525500923432
0.6755300331209765
0.6608786204885785
0.3815672062405231
0.9518204466085587
0.15390854450625419
0.444526310609205
0.6395561213451555
0.4843555151950721
0.7996361985252948
0.40519944547667
0.06447680092408174
0.007720335276764897
0.25140650404239334
0.7129413228519882
0.6844918246807452
0.8871709374805588
0.2583993292236209
0.9124782605869665
0.04631969031376252
0.7329299761086985
0.5270181557178022
0.14094150113142445
0.38449721020538347
0.6131220164889908
0.6395375505705406
0.9121184518288035
0.8052807854694831
0.6104835736855838
0.6513801335424403
0.9197742536637817
0.5584088003186745
0.9513060361517269
0.647943147430594
0.4254202334160661
0.9938874295355171
0.5257172729560309
0.9513069646904577
0.45166955906481293
0.0029815378644166314
0.5455383249718421
0.29431102890448213
0.9747850664973012
0.2836569755079339
0.6336975062235308
0.9515353852182206
0.7212837790783511
0.37619003845078886
0.9574599265897279
0.7121557790857793
0.16932553732215
0.3421395946557025
0.5065652330957203
0.924436910900209
0.35421384804092254
0.8801586129859855
0.19950211753257546
0.4277917213343844
0.9293275243950339
0.8002597122829889
0.5632385945266356
0.5460791987825
0.912242876018723
0.05423269737715665
0.15807071936681086
0.8009440453275467
0.20738169720166283
0.9927286131995495
0.77229630413729
0.3060347589188466
0.7397315223113929
0.7985205592403067
0.06428645048427938
0.9387823700208271
0.007568519194288373
0.17656767515258212
0.4497094138042139
0.3530736024795698
0.9558916246735025
0.6354157671447712
0.9124921886679276
0.06423584512345387
0.07349848323198332
0.664477172339574
0.7315617742889483
0.8037500893718529
0.24760924490301878
0.6341965957913054
0.6161304819765989
0.977756854705045
0.07051276694327835
0.9527332001808794
0.17655560414908247
0.8032412501474055
0.7511441918509584
0.9122433402880884
0.8032491427266168
0.34753440468132085
0.4634113955844269
0.04619294477701607
0.08898511645268492
0.8580013575236244
0.24508315528603172
0.9217381130793038
0.2707075743689883
0.3523029153330529
0.9516249892057372
0.35804732019079616
0.792401953274074
0.17631511261781996
0.9090937369134072
0.8050082593520099
0.7120132483906102
0.9574459985087668
0.2478998775257414
0.1527358000893254
0.9245636564369555
0.14093221574411702
0.4839701716218136
0.2896358363951898
0.6751107978840459
0.5259280512479096
0.3760363652908508
0.11403198444511918
0.39100998086281674
0.9347785110138621
0.9970235690986025
0.9205811538207976
0.805288213779329
0.10702755252975735
0.3421428445412601
0.1789674835021881
0.39709748078156965
0.023542170979264802
0.9401398936451738
0.9125075095569849
0.20163218538090052
0.9120246694169983
0.16598558350766648
0.23506747226686947
0.5397498145243885
0.08845817072298812
0.36106832095126934
0.9194799068861361
0.07087907547255658
0.6578794403882777
0.7358896933129426
0.29978569326094445
0.929014142573408
0.5477649608481644
0.19936097964550248
0.34621773676112694
0.8015081326064732
0.26275696148699906
0.7398726601984659
0.1104965732278142
0.4843527295788798
0.03442510917294127
0.6266721821867273
0.396960521318785
0.36447095113007805
0.47493456123295086
0.9108964948591454
0.8053829247298648
0.24338485794750228
0.16396833311512674
0.9123046238443174
0.7315380965513143
0.06453204897856096
0.7756678282686188
0.9927081853474731
0.634935712620977
0.992734184431934
0.40519712412984316
0.6398244690383403
0.6117097090795303
0.8049915456548565
0.9121579147248601
0.06451904943633056
0.24505622766284016
0.33495316914911494
0.6866901401257799
0.9125669360357525
0.9519615844956317
0.8052436439202534
0.35307453101830055
0.7398373757266976
0.1756990271699718
0.7198143665369499
0.5815400929095854
0.2450687629357052
0.4349702542617606
0.8800704018065649
0.9514829227799335
0.25139582584698983
0.03532672028049298
0.8626148022073222
0.8048652643874755
0.39438011218604946
0.8833054307444745
0.2610359149495664
0.037078408596040155
0.4388914733216895
0.8049042630141667
0.6579082250889308
0.35425609655317136
0.03806358818935876
0.9123728714410271
0.6839783427626441
0.9163460886698775
0.42231009293744154
0.36107157083682695
0.8047891242115546
0.45215518482099165
0.9120037772955567
0.2518633450979191
0.06963251222653374
0.39711140886253077
0.40918659078648156
0.5938590162503563
0.4333420615974023
0.8606648708727614
0.3101778987354231
0.9124610826204477
0.08434102999087247
0.06644205314769987
0.3021088971652641
0.04645525696845104
0.8083403205872822
0.5632037743242327
0.427697474653214
0.563287807079365
0.4277559725932508
0.9347845465156119
0.045297369171214186
0.7202647078213603
0.6354088031042907
0.781031067977392
0.7985609506750941
0.8580227139144314
0.9290271421156383
0.26249697064239097
0.9663404710105565
0.06430037856524053
0.912460154081717
0.2635620045665535
0.5432109426432341
0.04619294477701607
0.29429756509288635
0.5905339190555647
0.7312061439550736
0.7723028039084052
0.5734618059521189
0.5554941172428713
0.9515511703766432
0.2513670411463368
0.9292054215519411
0.821999589585881
0.7279943284854327
0.42851691008309495
0.2506288528553959
0.4489596187791387
0.46345967959842554
0.37700993815003514
0.9928595371605843
0.18356142887254043
0.3943893975733569
0.9121504864150141
0.24422286415199806
0.1315934374596666
0.9334590574774759
0.6161346604008873
0.8019018330283083
0.24746207151419597
0.4254174477998739
0.5884595635310842
0.9708174205008352
0.6307795732621702
0.12056007599160973
0.07362290742190293
0.730390886949481
0.9518065185275976
0.5815581994148349
0.9100473461898806
0.2821286007571305
0.7912514937866831
0.7653201926532158
0.20738030439356672
0.44066405375867834
0.10698669682560465
0.5270093345998602
0.9119109234224824
0.3471174907912171
0.3902351152920115
0.5397484217162924
0.15852895323043267
0.1792929363273136
0.16622793211639048
0.416489083634412
0.9245594780126671
0.6886581779655903
0.39709701651220425
0.08434102999087247
0.27067925393770065
0.9760896634139955
0.5317680955949194
0.8914807499993036
0.0038241867625661468
0.0696394762670143
0.1756990271699718
0.646592587846728
0.9118375688627536
0.525588670341823
0.05244340324301437
0.9516342745930447
0.7640388092047902
0.5361182995484516
0.865592625916816
0.11404776960354182
0.3816735239251932
0.42777036494357734
0.43940263389296363
0.43255744636992427
0.08849531227221784
0.935524127614649
0.6286365058716147
0.6328413935137855
0.44892758419292805
0.5976205266485973
0.9194831567716937
0.5253379648845223
0.9334548790531876
0.41662650736656204
0.8995279309092902
0.844906175803952
0.5397358864434274
0.7499166636489157
0.11758225228211606
0.9633213273275448
0.13411534865236532
0.9516649163711592
0.04636054601791523
0.7576838901315832
0.8009384740951622
0.37700668826447753
0.24494666009261246
0.18703044957059725
0.6755184263868422
0.14955601920589512
0.24338485794750228
0.7358251598711559
0.13010313279682365
0.05906481293194461
0.25015622664144754
0.8951781912251233
0.36106832095126934
0.39711698009491525
0.24074316525853767
0.7320938269816641
0.749996982249125
0.9245799058647435
0.9955230505097213
0.9512907152626697
0.07078947148503985
0.40452114793386207
0.1493860966181691
0.6755058911139772
0.381146113926131
0.4374095255074232
0.8050310085509131
0.9004091141647654
0.8018930119103663
0.15753541678853739
0.9222409168020012
0.958765452045153
0.9118041414684469
0.6755179621174768
0.9122010917758396
0.9568294487915533
0.911999134601903
0.20301152966541963
0.5895830953952835
0.24508779797968544
0.11048543076304528
0.29131417015100824
0.6518286177493893
0.6582206783718259
0.9122024845839357
0.9159342817427929
0.9120385974979596
0.46346060813715634
0.805221823260081
0.4479414760608787
0.8124049988811108
0.05531444499847255
0.21265672573101532
0.9001676940947723
0.805371782265096
0.5808580812118544
0.31946746446714414
0.880156755908524
0.5249721206246094
0.15844631328339653
0.9133979781997676
0.7498888074869935
0.3753673531353503
0.1316078298099931
0.8440449561311877
0.7623419046743568
0.3115363508985005
0.04300202142881683
0.2514167179684315
0.37612782635582903
0.79411464296293
0.8183286117138875
0.9519560132632472
0.8122276479835389
0.9290062499941967
0.40918101955409714
0.7131664934941934
0.8122178983268661
0.4277090813873483
0.06437744727989221
0.4276617259120804
0.685977022380569
0.9091058079169069
0.2847767932172103
0.04528576243707989
0.8249022016581845
0.9392679957770058
0.9568452339499759
0.5681742421499014
0.8053611040696924
0.08577701513796693
0.9122888386858948
0.8994610761206766
0.053559506797367776
0.4276366553663503
0.8936953148721263
0.9100988800894368
0.16615922025031546
0.37359430842899605
0.023545885134187775
0.37680844524546386
0.8083556414763394
0.8560918176238508
0.28945152145713726
0.4483347122133485
0.8053991741576528
0.9133924069673832
0.9621899028841342
0.9159291747797739
0.24015122181768886
0.37536317471106195
0.2478966276401838
0.1593335320406217
0.3162078292528699
0.6353150206924856
0.2706769325908738
0.5884669918409302
0.6754803562988818
0.7745930446877834
0.4394100622028096
0.9925387270291125
0.713064818503177
0.5633723041038626
0.6868693481008133
0.9558591258179265
0.19576939183498754
0.4276561546796959
0.8768831926132887
0.9107098585742659
0.9212032747703955
0.15781397840776035
0.9245497283559944
0.8014960616029736
0.7276577331955382
0.484382907087629
0.5884539922986998
0.9085779336484794
0.15807443352173384
0.5591623094986726
0.4192194517721626
0.2905388403108376
0.03532532747239687
0.9119615287833078
0.5779382911730323
0.9943958044905991
0.28938977363154283
0.9293191675464572
0.7120086056969566
0.9163576954040118
0.46671885054333445
0.6565655580842761
0.1411778142383986
0.15477440687267227
0.8610534643315775
0.4488909069130637
0.1870346279948856
0.13973532932018895
0.8278540262832174
0.46341371693125377
0.8047626608577284
0.576859793437274
0.956842912603149
0.2502384023191183
0.8018475135125599
0.9513255354650726
0.8051930385594279
0.9122818746454143
0.31849946284034425
0.7358474448006938
0.7307813374857586
0.25659332139232527
0.719824580462988
0.6131080884080297
0.4332120661750983
0.9067059995673009
0.9355227348065529
0.8606527998692618
0.7358883005048465
0.31620643644477375
0.20851822860809258
0.8240131258234978
0.2707410017632951
0.9117999630441586
0.990129633292199
0.4740422355127066
0.5633407337870173
0.07636766790998002
0.24346935497199992
0.35425331093697915
0.33504834436901615
0.05316116368187892
0.7497300273640364
0.30799026148579195
0.31988902105090156
0.7129139309594312
0.02883577028323217
0.7765016560488263
0.15394986447977224
0.8936939220640302
0.24759206693650002
0.991643615692676
0.7397273438871046
0.7291122891172476
0.03442510917294127
0.9510302601486962
0.1964082264817389
0.9608945913547473
0.4281705651365277
0.8082841439940722
0.6901405900492218
0.5209970463182975
0.06645458842056491
0.21082936150891257
0.06416434764118664
0.9125455796449453
0.9119633858607693
0.4740408427046105
0.5792517092076687
0.9121323799097646
0.8658549381082509
0.520995189240836
0.942490025172685
0.7130183915666398
0.32475038557570796
0.18213240776592654
0.776090313391107
0.9334497720901686
0.9106963947626702
0.18357489268413618
0.9334288799687268
0.7576801759766603
0.776433872721482
0.8052807854694831
0.7612100159615808
0.2667069652475809
0.4265874066006104
0.5253440003862722
0.9091039508394454
0.24746207151419597
0.8047951597133044
0.9122479829817421
0.5207621260194195
0.862691870921974
0.7007398596606562
0.7780551013453597
0.8047566253559786
0.2564048280299844
0.9109257438291637
0.7635220774011315
0.951625917744468
0.24780980926885932
0.6745123546720819
0.24802755160121862
0.9212882360642586
0.5341725466381791
0.5633825180299008
0.8229829121017381
0.9763830816529103
0.08959888055370621
0.6335879386533031
0.04619155196891995
0.8050356512445669
0.2893670244326396
0.04624215732974546
0.6240838804747805
0.4318977196017312
0.3902351152920115
0.9392666029689097
0.045947810552099844
0.8052617504255029
0.24507572697618576
0.9912007027181114
0.05343833249300578
0.9121746284220135
0.7802594522921443
0.829361508912579
0.9125107594425425
0.9125757571536945
0.30597254682388686
0.2502374737803876
0.8658591165325392
0.15412814391607496
0.1440242497174921
0.7531191937312494
0.7214499875111541
0.06445219464771705
0.29430267205590543
0.14408924742864412
0.06366618661214288
0.3647253707423017
0.5054036311435605
0.06495453410104915
0.2896325865096322
0.599612706495407
0.9518311248039623
0.9119466721636159
0.3030388287041035
0.7311968585677662
0.5952402176123369
0.07052251659995117
0.8239536993447302
0.9655869618305584
0.9292007788582873
0.773500618871064
0.28210817290505413
0.5878406924670438
0.6354129815285791
0.9119327440826548
0.24507479843745503
0.9515117074805866
0.7309117971774279
0.7120118555825141
0.8047278406553255
0.044088876013151826
0.6102941517845122
0.42425770292517556
0.951307428959823
0.9124253338793141
0.9334367725479381
0.534171153830083
0.8049451187183194
0.1639641546908384
0.779249666422461
0.7311727165607669
0.4395228796585949
0.9118747104119833
0.360563195881745
0.9663362925862682
0.07352773220200175
0.6197749964947663
0.6493266701394015
0.07619217408986954
0.8048754783135137
0.8278377768554293
0.37707725720801405
0.5895951663987833
0.8569084674375396
0.02048727855511945
0.0218253028661205
0.9633301484454869
0.6307990725755157
0.07572465483894031
0.9518877656665377
0.9067018211430126
0.9127545008593626
0.1410928529445356
0.03378116756317081
0.8390294541770779
0.4277759361759618
0.2836959741346251
0.41643615692675967
0.4222947720483843
0.6278244987515796
0.9657787050784569
0.1440177499463769
0.627663861551161
0.9519597274181703
0.29916403658071183
0.9076178246008908
0.8048972989736861
0.803263070807578
0.5643152351849324
0.3052858924325022
0.739765413975065
0.805331855099674
0.7981380012832405
0.861200173451035
0.4682760099947909
0.07434623909315194
0.857818435393668
0.4843856927038212
0.03726225926472732
0.5776885142544623
0.9759875241536138
0.9788984930744938
0.6643764258872884
0.08593208110600105
0.42763247694206197
0.8446740411212662
0.804729697732787
0.2906836923528336
0.5208962998660118
0.9950875658450028
0.5554662610809491
0.9124499401556788
0.6979598147008109
0.3795374205751183
0.950797661196645
0.290503091569704
0.812859982859175
0.7514970365686409
0.8041154693624003
0.8666168041368257
0.014764230088183323
0.19466721636159526
0.8383544065198275
0.2071908824924951
0.9574603908590933
0.03708072994286701
0.9960964231759553
0.6335870101145724
0.970807206574797
0.2895829096875374
0.8612549572361488
0.06593367819261793
0.2667125364799654
0.24497915894818847
0.6278300699839642
0.16310247074870862
0.9763830816529103
0.03442696625040275
0.9133942640448447
0.634123705500942
0.6310386355680475
0.7329304403780639
0.530805665200504
0.9965852988176916
0.36107992768540365
0.15393547212944572
0.5983573221314421
0.9388000122567113
0.9214609442681768
0.33516441171035904
0.8838272695111522
0.2706857537088158
0.460951696486688
0.9916515082718873
0.912299052611933
0.19907638252452967
0.3471012413634291
0.6338158949117007
0.08926507088000402
0.6868972042627356
0.14931274205844036
0.7756576143425806
0.15783301345174058
0.9513190356939574
0.9118784245669064
0.303036971626642
0.5878490493156205
0.6277413945351782
0.39412940672874874
0.2894673066155599
0.4521626131308376
0.6277181810669096
0.62767500401593
0.81240407034238
0.14109471002199708
0.3920021244966159
0.4318122940385028
0.11911341264911171
0.24803173002550696
0.9085588986044991
0.6844969316437642
0.5551115592858051
0.19315323396111836
0.1440400348759147
0.26275696148699906
0.42764083379063866
0.0929690118769389
0.5568562835608718
0.9516533096370249
0.6353981249088871
0.938845974923883
0.598214791436273
0.805116898383507
0.3079893329470612
0.2584104716883898
0.30302954331679605
0.44892804846229345
0.7130643542338116
0.6643815328503074
0.7498070960786881
0.6140649475700606
0.805118291191603
0.458644277740791
0.7307711235597204
0.6527153722372491
0.9927332558932032
0.4138116422043138
0.9107093943049005
0.5878541562786396
0.5304829979915707
0.3969619141268811
0.13412416977030736
0.13008549056093954
0.39012044075876473
0.6140695902637143
0.6529953266645682
0.4579223388776381
0.9127057525759986
0.23691851422660617
0.40017419386588743
0.10701316017943083
0.6365950113328153
0.6772190450721985
0.798168643061355
0.9119768496723651
0.8051155055754108
0.5633959818414965
0.6578803689270085
0.34709938428596765
0.2984722752263081
0.9519866550413617
0.34707756362579517
0.7129547866635839
0.39635047137268664
0.2904589859799937
0.9388380823446717
0.004074892219866829
0.8053727108038267
0.3755344901068841
0.6477021916299662
0.61067253131729
0.9518301962652315
0.9126012919687899
0.16396508322956913
0.912516330674927
0.2904951989904927
0.6953352999783651
0.7980247195580898
0.6038575213029999
0.28962330112232476
0.17651985540794884
0.24795651838831675
0.01717657371065433
0.9211252775170131
0.8048583003469949
0.24505344204664792
0.8611597820162475
0.06371772051169912
0.45220532591245177
0.8051062201881034
0.06366618661214288
0.14404653464702993
0.6958654955936194
0.6647603766524507
0.7535816060191595
0.8051860745189473
0.956220791653551
0.7276503048856923
0.3115358866291351
0.6278356412163486
0.9515706696899888
0.05260079055787535
0.27974875599023546
0.5341850819110441
0.28210120886457357
0.06404549468365149
0.7320933627122987
0.804765910743286
0.7780602083083789
0.8048550504614373
0.520978939813048
0.5209821896986057
0.29958141474018096
0.6645876684485325
0.7357248776882357
0.711941750908343
0.6699286232277678
0.8531492783861254
0.9513598913981101
0.27065743327752817
0.40916941281996283
0.3538577534376825
0.7535932127532937
0.9519490492227667
0.4276120490899856
0.8668939729479527
0.04350157526595671
0.4206433659157574
0.43190514791157714
0.08950324106443966
0.20303799301924583
0.3302997972999951
0.6276675757060841
0.6026996335057629
0.6219825973271084
0.9621899028841342
0.28960612315580603
0.7359709404518826
0.6868428847469871
0.9134160847050172
0.019089827765350835
0.6219821330577431
0.11697963064586368
0.5065480551292015
0.17586709268023634
0.7691847708505694
0.24508779797968544
0.7760875277749147
0.9789291348526084
0.027033012337494115
0.90605509391705
0.3770062239951122
0.11543129231234929
0.9126718609123264
0.37533206866358204
0.9122270908603004
0.3632573510089966
0.8047905170196507
0.9951144934681942
0.07571536945163289
0.889748560997102
0.16600090439672374
0.16793551484222735
0.5953261074449306
0.8002643549766426
0.431831329082483
0.9982000276704541
0.6958803522133113
0.3195603183402185
0.8610372149037895
0.7920291449736806
0.8661980331692606
0.48329233834837104
0.9122020203145703
0.7502922575655014
0.7694503329275619
0.5306422423838932
0.6307967512286888
0.5591428101853271
0.022244538103051086
0.6276387910054311
0.9558971959058871
0.06973279440945401
0.16310989905855458
0.9633180774419873
0.10437796726158143
0.9124197626469297
0.1582109287151531
0.9515377065650474
0.20460397358864435
0.9118756389507141
0.20841748215580694
0.10698669682560465
0.7780611368471096
0.6278704614187515
0.5344859284598049
0.7633103705705221
0.4521458994336842
0.5301645092069258
0.07365587054684432
0.7131590651843475
0.9664063972604393
0.8936957791414917
0.17631325554035848
0.3652625303980367
0.7315450605917949
0.34214516588808697
0.9902735567954642
0.9101272005207245
0.6341223126928459
0.40880913979243444
0.44793776190595574
0.9134100492032673
0.3487874676984589
0.3970933023572813
0.007724513701053241
0.06370193535327649
0.17948189395901987
0.9126890388788452
0.9425601298468561
0.3303076898792064
0.08434102999087247
0.03535596925051139
0.26331733461100265
0.8838128771608257
0.2894129870998114
0.8052343585329459
0.7130833892777919
0.2769366764441795
0.819890878128363
0.27724170141722865
0.6278565333377903
0.6868382420533334
0.20738030439356672
0.08958866662766804
0.6352894858773902
0.6219839901352046
0.5576659693340799
0.050833781353270914
0.04527786985786857
0.9876755054268446
0.4465115264155341
0.27974922025960086
0.719679728420992
0.03381366641874683
0.9060351303343389
0.6427307952655668
0.5099994335913742
0.9152564484693503
0.27068714651691195
0.416436621196125
0.06453019190109949
0.8151362955575921
0.5064668079902614
0.7812882732058078
0.26973585858726545
0.33508920007316884
0.9209962106334398
0.41367050431724084
0.9106894307221896
0.19652522236181255
0.6565590583131609
0.8656831584430634
0.6958394965091587
0.9127684289403237
0.33495316914911494
0.39412662111255653
0.8018437993576369
0.5613350901286119
0.3407583932937219
0.6089788766724143
0.12924052031596317
0.7399037662459458
0.2821151369455347
0.166291072750081
0.899481503972753
0.5209069780614154
0.2481115843563509
0.929019249536427
0.81884395070945
0.17947585845727004
0.6219816687883777
0.6154373278140991
0.04657225284852469
0.406646108819168
0.8449145326525287
0.44651570483982245
0.18166024582134357
0.17679145298669124
0.2126506902292655
0.4277002602694062
0.5633021994296915
0.9527735916156667
0.24509708336699287
0.7914664505028501
0.545545753281688
0.052601719096606096
0.06963854772828357
0.8050727927937966
0.5432067642189458
0.15827546215693977
0.2624927922181026
0.8448894621067987
0.7273615293404311
0.24802337317693027
0.7359393701350374
0.628660647878614
0.026614705639294273
0.070872111432076
0.4520354033247258
0.9943962687599643
0.40664889443536023
0.2905198052668574
0.8017718376060043
0.020439458810486175
0.19930758866848475
0.5633709112957666
0.8389686348902142
0.7312005727226891
0.2907199053633326
0.5568172849341805
0.36050005524805445
0.8838249481643253
0.9738936693157877
0.5927559122382333
0.7764835495435768
0.7098172542924024
0.6497774756931773
0.29504968146478844
0.9516054898923917
0.06417920426087853
0.9655512130894248
0.08952459745524675
0.6757621678036624
0.9101276647900899
0.2451193682965307
0.2633145489948104
0.9809032081941685
0.00029898947129933213
0.31945075076999074
0.28943480775998387
0.5360978716963752
0.9134072635870751
0.3759495469195263
0.8041205763254194
0.48395763634894856
0.13284000070568944
0.26972982308551563
0.6644836721106893
0.437940185392043
0.520897692674108
0.3902351152920115
0.4280633189131268
0.9880979905493328
0.5222923578476844
0.14079711335879386
0.3902351152920115
0.5637581119464865
0.299792657301425
0.0735235537777134
0.5634623723607447
0.06367547199945031
0.5253258938810226
0.8923568262917598
0.2895281259024236
0.26066217811044223
0.2894946985081168
0.3971063018995117
0.7316086654948508
0.06422980962170403
0.20013445240821162
0.9121059165559384
0.10698994671116224
0.28959265934421025
0.70982050417796
0.5815377715627585
0.5463930448734913
0.86690325833526
0.8166512064967998
0.2695664002689048
0.9126323980162698
0.6958316039299474
0.6395370863011752
0.8052264659537346
0.04660335889600459
0.8019854015140753
0.7780453516886869
0.6072787222564234
0.9214632656150037
0.805094613453969
0.7177622959420071
0.9106857165672666
0.5100012906688357
0.3542547037450753
0.656556736966334
0.5361229422421053
0.4609526250254187
0.544531324718351
0.9876416137631725
0.9118296762835423
0.48395206511656413
0.507810403533647
0.7984987385801343
0.8578128641612834
0.6279038888130583
0.5591623094986726
0.8297779585333174
0.3555337658466741
0.8791864329348974
0.5946320247437001
0.14009095965406362
0.29050541291653087
0.27694874744767917
0.6276768610933915
0.021883336536791954
0.39712812255968416
0.6519502563231167
0.5301742588635986
0.06456872625842533
0.9789295991219737
0.8270582685909703
0.7981426439768943
0.6328376793588626
0.2506288528553959
0.06451254966521536
0.9121857708867823
0.9120372046898634
0.10330875491313056
0.20012238140471197
0.9347659757409971
0.0353165063544548
0.7745846878392068
0.9217348631937461
0.7123261659428707
0.4262549897350043
0.40322490786574444
0.5896128086346674
0.3909932671656634
0.9708239202719504
0.3186754209298201
0.3920852287130175
0.5982050417796002
0.7945598772843213
0.03387912839926423
0.2997819791060215
0.19574896398291117
0.08951299072111246
0.1644692797603627
0.4165025474460078
0.48394370826798744
0.6154582199355408
0.7486120667322215
0.10698669682560465
0.7985117381223646
0.8837989490798646
0.13284000070568944
0.06411699216591873
0.6286439341814606
0.7920319305898728
0.7761130625900102
0.8047868028647277
0.2894408432617337
0.6038900201585758
0.2706811110151621
0.07350637581119465
0.675774238807162
0.17571295525093295
0.3470622427367379
0.8659946831872277
0.6958854591763304
0.9513051076129962
0.912000527409999
0.06436909043131553
0.5683813062868572
0.4843856927038212
0.8124342478511293
0.8666135542512682
0.8048086235249001
0.8019909727464597
0.11405009095036868
0.020437601733024686
0.912007955719845
0.9124935814760238
0.6350480658073969
0.3456940409169877
0.520861479663609
0.8297779585333174
0.5633184488574795
0.5249809417425515
0.5460555210448661
0.1239255646211887
0.7308922978640824
0.30273008957613134
0.8048777996603406
0.727987364444952
0.29068508516092967
0.04623705036672637
0.6161323390540605
0.7122959884341216
0.06450837124092701
0.9568433768725144
0.9965486215378273
0.9247400787957967
0.06427066532585674
0.7980316835985705
0.02883577028323217
0.15783069210491374
0.7756775779252917
0.5397335650966005
0.9123236588882977
0.27694596183148695
0.6856473911311551
0.6276401838135272
0.6276146489984317
0.04660475170410071
0.9571056890639494
0.5954370678232546
0.0645037285472733
0.45208647295491666
0.4001338024311001
0.5210165456316431
0.7494477515898904
0.3963481500258598
0.45215843470654926
0.4318141511159643
0.3012100716739046
0.772308839410155
0.3487874676984589
0.34082756942916226
0.7358414092989439
0.7645606479714678
0.9513055718823615
0.9247660778802576
0.2706662543954702
0.6284294417346589
0.26972982308551563
0.26066217811044223
0.5779373626343015
0.20012098859661584
0.8255466075373203
0.8051252552320836
0.052267445153538525
0.38421400589250676
0.3971076947076078
0.543229513417849
0.6745193187125624
0.7359458699061526
0.8445779373626343
0.4521022581133393
0.4262638108529464
0.3901060484084382
0.8936827795992612
0.35425795363063284
0.40918937640267383
0.07087071862397988
0.6840800177536606
0.24788641371414563
0.8650002182066018
0.712426448125791
0.45205211702187914
0.9516407743641598
0.5633894820703814
0.1236163612238512
0.955860982895388
0.4520432959039371
0.8449047829958559
0.1691259014950402
0.04659871620235088
0.580299100895947
0.10864645980680823
0.5341632612508717
0.5208819075156853
0.33495316914911494
0.05228276604259578
0.6219821330577431
0.16067805612273797
0.7985080239674417
0.45864102785523336
0.5208707650509165
0.9876792195817676
0.9123594076294314
0.2449475886313432
0.9425638440017791
0.6337625039346829
0.347552046917205
0.6161420887107333
0.8051229338852568
0.375529383143865
0.09079251709207668
0.0075912683931915826
0.7502931861042322
0.04875199751894451
0.5769656468525787
0.5361006573125675
0.7830153552449903
0.0895009197176128
0.992844216271527
0.2913494546227765
0.6278611760314441
0.06966129692718678
0.8443843370372743
0.9657731338460724
0.2518772731788802
0.5451469458968338
0.11502319954018762
0.34714627549187016
0.29051887672812665
0.2450766555149165
0.9513789264420903
0.14994368412598041
0.8017082327029484
0.21082704016208573
0.8284877539669496
0.9658023828160909
0.8053884959622494
0.6354134457979445
0.8014904903705891
0.15821371433134535
0.7810143542802386
0.9109252795597984
0.06428505767618325
0.12479003417951068
0.7502834364475593
0.7358929431985002
0.03387680705243737
0.4093059080133821
0.3033104262828459
0.3447877871157823
0.8515795836618039
0.8014932759867813
0.07050858851899001
0.7359579409096523
0.052143020963618926
0.911877960297541
0.9655507488200594
0.6957754273367374
0.7778225023933085
0.8183244332895991
0.9290002144924469
0.7315659527132365
0.9657513131858999
0.046362867364742086
0.815869376885514
0.27708942106538675
0.6594885980086559
0.7888224364670587
0.9574576052429011
0.15781119279156813
0.5209148706406267
0.8477303263535076
0.947048686071269
0.2895183762457508
0.5501954109758849
0.15807071936681086
0.640973535717635
0.8032403216086748
0.831026843126167
0.627651326278296
0.017387352002533055
0.9134434765975741
0.11100262683606928
0.6273086954866518
0.4667253503144496
0.727363850687258
0.9644680726600128
0.6839737000689904
0.8495641903467257
0.5431324811204863
0.7131646364167319
0.9123348013530667
0.6494093100864377
0.08952784734080435
0.7745902590715913
0.15812643169065546
0.04529504782438733
0.41367004004787544
0.6335888671920339
0.9973805922405733
0.7764914421227881
0.4586424206633295
0.327656247533569
0.8099829056019671
0.951517278712971
0.14397271581793583
0.9118761032200795
0.7357123424153706
0.06495081994612618
0.03805894549570504
0.5587240392177618
0.053575291955790416
0.5633843751073623
0.9516533096370249
0.9975310155149536
0.40635501192708
0.992880429282026
0.24807490707648652
0.5808539027875661
0.6278323913307909
0.3068504801938046
0.8838258767030561
0.8049766890351647
0.9535057444048577
0.8446851835860352
0.5342714360130033
0.9424942035969733
0.11351153848653758
0.45220764725927864
0.2943073147495592
0.8560806751590819
0.06421541727137751
0.577911827819206
0.5633574474841707
0.25844482762142734
0.8761320047801174
0.9608950556241127
0.9558902318654064
0.37603961517640844
0.9515818121547577
0.5568623190626216
0.7531080512664804
0.43588997187456185
0.4254174477998739
0.23827093088793372
0.9517540560893105
0.8048044451006118
0.6844918246807452
0.2893972019413888
0.16477476900277727
0.7120132483906102
0.7234073471555609
0.31988298554915173
0.07258526539029733
0.351496015176037
0.9512883939158429
0.2071908824924951
0.8278229202357374
0.17657510346242808
0.5397261367867546
0.7985660576381132
0.4337919386124474
0.05228462312005727
0.7497931679977269
0.7645569338165449
0.6278774254592321
0.05227069503909612
0.3351671973265513
0.5633263414366908
0.748206759576252
0.03531975624001241
0.957436248852094
0.3196545650213889
0.6338196090666236
0.1674220329241263
0.8448676414466262
0.8445774730932689
0.3456912553007955
0.6647826615819886
0.37619143125888493
0.5414741109473787
0.06433241315145116
0.80478355297917
0.5436041787957039
0.0797118001487519
0.6275292234352033
0.13160550846316627
0.23827000234920298
0.2895903379973834
0.5309988012564986
0.3160244428535481
0.3196545650213889
0.9592691843065813
0.6929048498506446
0.0696821890486285
0.6745207115206586
0.2565891429680369
0.8606523355998964
0.25837843710217917
0.28496435804082043
0.2407343441405956
0.33510916365587984
0.711941750908343
0.06422191704249272
0.9602362573946503
0.8270410906244516
0.7357230206107742
0.1777529548423759
0.6154535772418871
0.6338808926228526
0.7315441320530641
0.9508933006859116
0.44795168998691687
0.6904460792916364
0.6339050346298519
0.9134351197489974
0.9117874277712935
0.3187199907888958
0.5554982956671597
0.0353165063544548
0.719812045190123
0.7328348008887973
0.8446953975120733
0.5564532977517291
0.924566906322513
0.9777610331293334
0.3448045008129357
0.6284303702733897
0.8606634780646653
0.29916728646626944
0.7315794165248324
0.08851806147112105
0.9875329747316756
0.11405101948909942
0.8389769917387909
0.06429295025539458
0.416489083634412
0.07087164716271063
0.8143414664040759
0.08496036532427823
0.12378535527284647
0.7945450206646294
0.8310881266823961
0.06416341910245589
0.2631915176129869
0.9163451601311469
0.2797441132965818
0.40665214432091784
0.8443885154615627
0.13974972167051547
0.24422518549882494
0.9125892209652903
0.06456408356477161
0.06967940343243627
0.7298950472672641
0.8014904903705891
0.11048960918733362
0.4337919386124474
0.02351942178036159
0.2126571900003807
0.5306459565388162
0.7312131079955542
0.7935519484920995
0.03533554139843504
0.9980305693520936
0.5779132206273022
0.5637636831788709
0.9518339104201545
0.3902351152920115
0.0750848916534582
0.9001653727479454
0.8897597034618709
0.6395356934930791
0.8005243458212508
0.3605358039891881
0.07020402781530621
0.15809857552873316
0.035334612859704295
0.08434102999087247
0.26355550479543827
0.7315631670970444
0.2479458401929132
0.35425006105142154
0.965788919004495
0.059068527086867585
0.023534742669418855
0.9127029669598063
0.29505246708098065
0.6757760958846235
0.3066670937944828
0.3438425346878856
0.9516365959398716
0.14093082293602088
0.306402460256221
0.3109458002657478
0.826113480432439
0.25550878815481715
0.9519128362122676
0.4277629366337314
0.5341841533723134
0.08952366891651602
0.6839630218735869
0.06439926794006469
0.9789295991219737
0.9558526260468113
0.5455192899278618
0.11758085947401994
0.5895840239340143
0.7123261659428707
0.2450590132790324
0.6286485768751143
0.5599501746117083
0.3542296331993452
0.8051735392460823
0.557987243734917
0.9134555476010737
0.8121649716192137
0.47377295928079105
0.1603846378838231
0.24789337775462622
0.7273499226062968
0.8668981513722409
0.8051196839996991
0.8183253618283299
0.4520214752437646
0.9930243527852912
0.804872228427956
0.20067300487204273
0.2518633450979191
0.5445187894454859
0.050829138659617204
0.08900600857412665
0.774587473455399
0.5317671670561886
0.24014797193213125
0.8050746498712581
0.3181071552266052
0.3067302344281734
0.45166723771798606
0.41601924303665594
0.9121853066174169
0.9951158862762904
0.4320379289500734
0.9127280375055364
0.17656767515258212
0.9122303407458581
0.8051986097918123
0.9119364582375777
0.29188336439295387
0.20067393341077347
0.5632450942977508
0.9518585166965192
0.7119812138043996
0.1965224367456203
0.42424145349738757
0.6275292234352033
0.9518404101912697
0.8527091510277531
0.021825767135485872
0.36407539363078145
0.7822010267781284
0.19317366181319473
0.9765460402001558
0.3902351152920115
0.6072791865257887
0.8923990748040087
0.17777848965747134
0.6278941391563854
0.93878608417575
0.43497768257160657
0.3941229069576336
0.6361428129709432
0.8800639020354497
0.2854081995541157
0.6644748509927472
0.11098498460018515
0.9517740196720216
0.11407701857356023
0.3351490908213018
0.16912822284186707
0.6644869219962468
0.6866933900113374
0.9118440686338688
0.06644669584135358
0.6395394076480021
0.0797085502631943
0.9126653611412112
0.5012772050241374
0.9951117078520021
0.7122138127564508
0.9513287853506301
0.8048276585688804
0.8429673869341601
0.3538387183937023
0.0895125264517471
0.9932328097303431
0.6349417481227269
0.335110556463976
0.713157208106886
0.5305856015213178
0.29431288598194366
0.5926138458124296
0.3470534216187959
0.34073842971101087
0.9527280932178602
0.7726004005716084
0.3901055841390728
0.45211665046366584
0.2480521578775833
0.1993461230258106
0.9122043416613972
0.9657791693478223
0.289432486413157
0.37535992482550434
0.2969076874650057
0.7817381502208529
0.04324251296007933
0.7617485684254118
0.7634960783166707
0.03537361148639551
0.5344868569985357
0.046587109468216585
0.8198792713942288
0.9513589628593793
0.28951559062955856
0.9511542200692504
0.8578091500063605
0.05356647083784835
0.8449057115345867
0.8897541322294865
0.8661984974386259
0.20450879836874317
0.3921469765386119
0.933071856826756
0.8047779817467856
0.7981240732022794
0.7312312145008036
0.3247462071514196
0.37553031168259576
0.5311218326383221
0.711941750908343
0.8310881266823961
0.03725947364853509
0.7640258096625597
0.9564311056760644
0.7810106401253156
0.08592975975917419
0.20738030439356672
0.08504300527131438
0.593854837826068
0.8049028702060707
0.05213419984567686
0.24796023254323973
0.36525649489628687
0.43269487010207425
0.9901310261002951
0.8838189126625755
0.4524314250933878
0.09296390491391981
0.9513218213101495
0.6473823100372251
0.2903280620189589
0.11757807385782772
0.8745455963586425
0.14018659914333018
0.998186099589493
0.3471147051750249
0.5493276915320053
0.28740455782521374
0.41653783191777605
0.03806312391999339
0.9126523615989809
0.544527610563428
0.06434262707748935
0.684595356749223
0.7279994354484517
0.30596372570594477
0.35421245523282646
0.1135078243316146
0.5834895599747809
0.7935579839938494
0.5632237379069437
0.25132618544218405
0.688666534814167
0.03805523134078207
0.448902513647198
0.9347664400103625
0.1411550650394954
0.8052385369572342
0.9953846982388406
0.19895335114270618
0.23498576085856404
0.40322955055939813
0.01740081581412883
0.8559868927472768
0.9122396261331654
0.8297872439206248
0.9124624754285439
0.2564410410404834
0.15389972338831212
0.2071908824924951
0.7984968815026728
0.3471982736607918
0.9290549982775607
0.9122869816084334
0.2518689163303035
0.8871723302886548
0.664582097216148
0.9126412191342119
0.3641176421430303
0.35423659723982576
0.8123980348406302
0.5208916571723582
0.2514176465071623
0.9126895031482105
0.9205848679757206
0.3921010138714401
0.11402873455956158
0.9108793168926266
0.05475407187446899
0.9060588080719729
0.13974972167051547
0.8256905310405855
0.45215889897591466
0.8017630164880623
0.39067942107467213
0.7328222656159322
0.2610382362963933
0.1730805479492758
0.6886600350430517
0.4234498742294289
0.6328386078975933
0.06419173953374356
0.041002877541526574
0.04619944454813127
0.9916426871539452
0.8434126212555515
0.9139170313502532
0.6393165583526237
0.7780481373048792
0.761737425960643
0.933091820409467
0.44650966933807257
0.04346257663926549
0.269661575488806
0.7120072128888604
0.3128414120845602
0.3351054495009569
0.5065471265904707
0.8017620879493315
0.4277689721354812
0.39009026325001556
0.09822407682358043
0.07620517363209996
0.7259227585771444
0.42864969112159124
0.06967058231449422
0.9125024025939658
0.912172771344552
0.951148648836866
0.14409899708531693
0.912703895498537
0.2837010810976442
0.05364353955250004
0.24493644616657428
0.43917467763456614
0.26066264237980763
0.8017142682046983
0.8612642426234561
0.6395459074191173
0.8053142128637899
0.5119725783942037
0.6494376305177253
0.5769670396606748
0.37365466344649434
0.44894383362071605
0.4276895820740027
0.2501520482171592
0.8448676414466262
0.757899775386481
0.45167280895037054
0.709813075868114
0.2943193857530588
0.9108890665492994
0.9508816939517772
0.4488941567986213
0.2667060367088502
0.8936781369056075
0.7579020967333079
0.9916505797331565
0.9518873013971723
0.06431941360922076
0.35423334735426815
0.9126579328313653
0.06963158368780299
0.43173615386258185
0.9564297128679683
0.2778888929125567
0.9501360773509904
0.9162926976928598
0.5633908748784775
0.24494201739895874
0.912044168730344
0.06450651416346553
0.91218902077234
0.16038417361445773
0.7303922797575771
0.7120039630033028
0.6608790847579439
0.8668484745501462
0.6275918997995285
0.6337583255103946
0.8731207536763169
0.9334381653560343
0.5361145853935286
0.5927559122382333
0.2997903359545982
0.7007440380849446
0.8531353503051643
0.9245720132855322
0.9066920714863398
0.2894914486225592
0.5064668079902614
0.14102646242528746
0.9558205914606007
0.4186056876711413
0.9108793168926266
0.14107381790055537
0.7279776147882793
0.14329023985083955
0.7835455508602447
0.20303799301924583
0.06456269075667549
0.43237638131742934
0.8239462710348843
0.36023449317106193
0.04528204828215692
0.8041108266687466
0.8047761246693241
0.623824818168903
0.8051939670981586
0.014764230088183323
0.4326939415633435
0.9558085204571011
0.856082067967178
0.849560940461168
0.3194516793087215
0.8049028702060707
0.9125344371801765
0.9378450101721418
0.5779364340955708
0.6277771432763117
0.07350730434992539
0.3507007217531554
0.11398323616175517
0.5460606280078851
0.14410363977897064
0.3900916560581117
0.8936818510605306
0.9425308808768377
0.5305842087132218
0.5222937506557804
0.45213057854462696
0.6859765581112036
0.6338117164874123
0.8139839789927398
0.5927559122382333
0.43279979497864823
0.7208496872217286
0.8768878353069424
0.7309145827936202
0.14400057197985813
0.6278258915596758
0.5997459518032686
0.9970254261760639
0.17778034673493284
0.3470534216187959
0.033068514087325356
0.9076178246008908
0.09130599901017772
0.2894663780768292
0.2893605246615244
0.28962840808534385
0.5956190614144802
0.8140596548992953
0.8054038168513066
0.34707431374023756
0.9122633038707995
0.8121519720769833
0.4697700288125568
0.8051201482690645
0.8052547863850223
0.9765446473920597
0.530167294823118
0.8527063654115609
0.8801762552218697
0.54775938961578
0.3351490908213018
0.24524379248645028
0.9127628577079393
0.2705325448182432
0.779251059230557
0.07351101850484837
0.37618632429586585
0.06432916326589357
0.9119573503590195
0.8229866262566611
0.9066925357557052
0.9848272128702896
0.849577189888956
0.3538387183937023
0.8959762702641971
0.6353205919248701
0.416489083634412
0.04099962765596897
0.1320502785151923
0.7129589650878723
0.30210704008780265
0.951857123888423
0.9120409188447864
0.06963715492018745
0.961901127338873
0.9511505059143275
0.8047728747837666
0.9108793168926266
0.31873809729414526
0.7694396547321584
0.951319964232688
0.45167048760354367
0.9290289991930999
0.24959585351744398
0.7694689037021768
0.2896330507789976
0.5808548313262969
0.4323805597417177
0.91199542044698
0.42336444866620054
0.26331687034163725
0.6161249107442145
0.4206484728787765
0.3969911630968995
0.9901175622886994
0.9971790993360019
0.9425475945739911
0.04457357323059981
0.4277717577516735
0.8801488633293127
0.48394602961481425
0.7486125310015869
0.3061712541122659
0.6957926053032562
0.8044297797227569
0.0011954936158319568
0.9513714981322443
0.5012841690646179
0.640013890939412
0.9425369163785875
0.9738973834707106
0.059965031231400207
0.9108825667781841
0.9592580418418123
0.2449475886313432
0.9334585932081106
0.6238294608625568
0.29958141474018096
0.7129988922532943
0.25063628116524184
0.9511876474635572
0.1292400560465978
0.1407752926986214
0.6395602997694438
0.9126272910532508
0.05475964310685345
0.8052914636648867
0.8032523926121744
0.46095912479653395
0.04528483389834915
0.6494023460459571
0.712426448125791
0.4520335462472643
0.5814412035347613
0.06969750993768577
0.01395083016005222
0.9519745840378621
0.34351661759339475
0.13415527581778727
0.007727763586610843
0.11409141092388675
0.6284285131959282
0.9777536048194875
0.6335554397977271
0.34579850152419633
0.30122771390978875
0.9558916246735025
0.7511441918509584
0.3186754209298201
0.25583888367359636
0.2894478073022143
0.9122995168812984
0.42768540364971436
0.8050180090086828
0.1793356491089278
0.2633238343821178
0.9508816939517772
0.15810878945477133
0.8907383832840744
0.7626186092161183
0.9708011710730472
0.29053512615591465
0.3818880163719949
0.4395228796585949
0.9574441414313053
0.05229297996863396
0.3845046385152294
0.7326119515934189
0.9212808077544127
0.2633210487659256
0.3196318158224857
0.15393222224388814
0.9085616842206914
0.735832588181002
0.6273142667190362
0.6339008562055636
0.3830630821357505
0.7765374047899599
0.30673534139119246
0.5208990854822041
0.14079618482006312
0.30596883266896385
0.8495683687710139
0.14117502862220638
0.8580189997595085
0.2625731108183119
0.8446647557339588
0.5619878528563245
0.29711614441005757
0.4489401194657931
0.3143484304445565
0.5613281260881313
0.3066782362592517
0.014426241990192774
0.37613061197202124
0.9109317793309135
0.06449212181313901
0.8060742218149032
0.06378271822285116
0.4151863437951792
0.5052880280715829
0.09857785007999362
0.9876963975482863
0.6856399628213092
0.14830852742114153
0.564042244798094
0.07365401346938283
0.32765856888039585
0.9388473677319792
0.14994368412598041
0.4479354405591289
0.2836207624974349
0.3902351152920115
0.158088361602695
0.6957902839564293
0.7275416658541953
0.6276671114367187
0.4265957634491871
0.730365816403751
0.9385451283751223
0.5613369472060734
0.6219821330577431
0.4051873744731703
0.5681733136111707
0.20460211651118285
0.772300018292213
0.9076178246008908
0.7498047747318612
0.9101262719819938
0.9928627870461418
0.08899904453364607
0.31435214459947947
0.4242479532685028
0.9574622479365548
0.5317602030157081
0.6400296760978346
0.5397340293659659
0.28956944587594163
0.9159407815139081
0.17934772011242747
0.9004156139358807
0.7120081414275912
0.4673920411231233
0.9163525884409928
0.6638494801575916
0.6342072739867088
0.8669079010289138
0.27513391849844143
0.15541231298069288
0.6273091597560172
0.866615875598095
0.4001212671582351
0.06644205314769987
0.7581630161166467
0.506506270886318
0.45033896306365784
0.4489624043953309
0.46340768142950395
0.3761320047801174
0.9633375767553328
0.9518450528849234
0.4423637439053039
0.3421261308441067
0.7984954886945766
0.42064986568687257
0.9121212374449957
0.36407817924697367
0.2667148578267922
0.7518559167880731
0.3196545650213889
0.9514884940123179
0.3143581801012293
0.8060760788923648
0.0705053386334324
0.9194613361115213
0.1646693798568379
0.9126778964140763
0.9010767335121699
0.5491294485129916
0.9515455991442587
0.8871709374805588
0.634935712620977
0.5938269816641457
0.7272853891645101
0.9127786428663619
0.9004081856260348
0.9809013511167071
0.6277483585756587
0.7635202203236701
0.6038798062325377
0.729893654459168
0.035336934206531154
0.42063408052844997
0.5768639718615624
0.9245696919387053
0.6123035095978406
0.7635146490912855
0.8049650823010304
0.4680828739387963
0.8833054307444745
0.2633289413451369
0.3753608533642351
0.026856589978652895
0.9509977612931202
0.25135450587347175
0.1410649967826133
0.5834538112336473
0.11542386400250335
0.08577655086860156
0.5613248762025738
0.5445294676408895
0.9001690869028683
0.7531136224988648
0.8666446602987481
0.7981338228589522
0.791262636251452
0.1991868786334881
0.5925047425115673
0.0425131457870805
0.082905044843778
0.40017280105779135
0.5779113635498407
0.9510395455360037
0.9134592617559968
0.0895320257650927
0.36525510208819073
0.8446656842726895
0.3644635228202321
0.7699758858491625
0.14115552930886077
0.5421240880588991
0.4337919386124474
0.5681742421499014
0.9118686749102335
0.2554943958044906
0.24814269040383077
0.3066819504141747
0.750778811860411
0.03533879128399264
0.6278142848255415
0.04457125188377295
0.26331640607227186
0.2558365623267695
0.3456889339539686
0.9125794713086175
0.8897541322294865
0.06457011906652144
0.24814501175065765
0.43255605356182814
0.5397358864434274
0.9121904135804361
0.17449981939921688
0.6643792115034807
0.43181879380961796
0.43180300865119536
0.8051034345719111
0.7892119584646055
0.4524291037465609
0.8113970700888891
0.7612100159615808
0.5311153328672069
0.7780560298840905
0.9125887566959249
0.7810064617010273
0.5633374839014598
0.048751068980213766
0.7280249702635472
0.61672521103364
0.3761324690494828
0.4332157803300212
0.24809719200602437
0.1316017943082433
0.7358390879521172
0.8669176506855866
0.9518599095046153
0.9943906975275799
0.7118939311637097
0.912771214556516
0.42817613636891216
0.5455777878678987
0.07619774532225401
0.8278257058519296
0.751183654747015
0.1539377934762726
0.17570320559426014
0.776433872721482
0.8445784016319997
0.8122438974113269
0.2111037447038472
0.054235947262714246
0.6342179521821124
0.310002869184678
0.8082841439940722
0.951468530429607
0.24079237781126708
0.33515651913114775
0.03379555991349733
0.11208019603309684
0.0885138830468327
0.5962578960612316
0.17432478984847177
0.6027038119300513
0.17164270572471985
0.7576787831685642
0.04322626353229133
0.5878625131272163
0.5257335223838189
0.8053968528108261
0.7699884211220276
0.0641977750354934
0.4275814073118711
0.6958696740179078
0.616110518393888
0.9707997782649511
0.29069019212394875
0.17652310529350645
0.36052512579378454
0.43889286612978556
0.16793551484222735
0.26763457543959346
0.9120381332285942
0.530640849575797
0.6754845347231702
0.7280217203779895
0.8052900708567905
0.7359110497037498
0.4233649129355659
0.7920922856073711
0.7694461545032736
0.9124917243985623
0.4001208028888697
0.9121133448657843
0.3421688436257209
0.46739482673931554
0.8053685323795383
0.2896474431293241
0.7129988922532943
0.6277042529859485
0.16522325320972625
0.1070117673713347
0.5632891998874611
0.9574209279630367
0.46095123221732265
0.163979939849261
0.33504184459790093
0.306031509033289
0.7279961855628941
0.3470534216187959
0.05356879218467521
0.6745146760189088
0.4520233323212261
0.26763457543959346
0.9212464518213751
0.9119424937393276
0.1298292138712544
0.8611583892081515
0.801856334630502
0.25063256701031883
0.0029652884366286243
0.7691323084122823
0.36106832095126934
0.7892207795825475
0.9938860367274209
0.31962578032073585
0.3294070073103854
0.6197921744612851
0.4240529601350467
0.17651846259985274
0.9927286131995495
0.9125604362646372
0.05358550588182859
0.8123971063018995
0.05357343487832893
0.7694317621529471
0.14095310786555873
0.30799072575515735
0.9633347911391406
0.7279933999467019
0.36410232125397296
0.563365340063382
0.4843471583464954
0.9125102951731772
0.539641639762257
0.11409280373198287
0.8994582905044843
0.5895770598935337
0.11398462896985127
0.9516704876035437
0.0032415287090247465
0.6275960782238168
0.0707852930607515
0.9386152330492933
0.24789105640779935
0.5257353794612803
0.8018475135125599
0.8044297797227569
0.2635568976035344
0.9133863714656334
0.6335944384244183
0.07571072675797917
0.14831084876796838
0.921466051231196
0.7315664169826019
0.08497336486650862
0.8801609343328124
0.8477270764679501
0.5637604332933133
0.7881190683785206
0.9293182390077264
0.24077659265284443
0.11409048238515601
0.9202371302210572
0.06429387879412532
0.9205895106693743
0.546062949354712
0.6579133320519499
0.6480211446839765
0.11399437862652408
0.7329090839872567
0.33516255463289757
0.9519680842667468
0.8030225792763155
0.8578114713531874
0.8049488328732424
0.12376492742077011
0.8229833763711035
0.7315371680125835
0.06451115685711925
0.243474461935019
0.054232233107791274
0.5976195981098665
0.913579507521628
0.9119164946548668
0.8047682320901128
0.3610794634160383
0.5396397826847955
0.8669199720324134
0.7626209305629452
0.8183244332895991
0.9619326976557183
0.5104404894884773
0.7535904271371016
0.8612071374915155
0.1483122415760645
0.06369775692898814
0.9214590871907153
0.18359717761367403
0.4063568690045415
0.7812850233202502
0.6353066638439089
0.5769637897751172
0.9344330946060256
0.04183670532173403
0.6643898896988841
0.6276541118944883
0.6161369817477141
0.7498502731296677
0.6495532335897028
0.17450167647667836
0.6197763893028624
0.6643889611601534
0.5311046546718033
0.8434024073295133
0.7280082565663938
0.3194999633227201
0.2696736464923057
0.5634623723607447
0.11405334083592628
0.9159533167867732
0.6246331111340151
0.5310986191700535
0.9925410483759394
0.0737510457667455
0.05345411765142842
0.4516700233341783
0.9514402099983194
0.9119471364329813
0.29190007809010726
0.9101100225542058
0.4336238731021829
0.29132020565275807
0.798151000825471
0.993878608417575
0.5413417941782479
0.3537913629184344
0.3624541650069037
0.13160875834872388
0.04658571666012047
0.4186056876711413
0.2006734691414081
0.9855352236524814
0.9951093865051752
0.5926129172736989
0.30665502279098317
0.4626374585523524
0.7498409877423602
0.8446656842726895
0.6266670752237082
0.5564477265193447
0.5222891079621268
0.5414824677959554
0.5599501746117083
0.9940791727834155
0.48393024445639166
0.2821053872888619
0.05228369458132653
0.4276826180335221
0.5576692192196375
0.9704915034063444
0.8005243458212508
0.4843434441915724
0.9928771793964684
0.8052092879872159
0.4349888250363755
0.545319654100752
0.7640230240463675
0.052266052345442404
0.40519062435872794
0.1792980432903327
0.6643754973485576
0.11412994528121259
0.9845649006788547
0.44893872665769696
0.38421400589250676
0.3741467889737883
0.5895942378600525
0.12055357622049452
0.8994592190432151
0.31988344981851713
0.7303718519055008
0.5119711855861075
0.15828567608297794
0.319361146782474
0.3815672062405231
0.15778147955218433
0.7130643542338116
0.45214125674003053
0.8531506711942215
0.4520646522947442
0.908557505796403
0.17655560414908247
0.9707979211874896
0.9119285656583664
0.8658934724655768
0.19315834092413744
0.4497112708816754
0.34568521979904565
0.8611648889792667
0.36246298612484573
0.7912579935577982
0.9981944564380697
0.05259707640295238
0.7494519300141788
0.45204422444266784
0.02233971332295227
0.20851451445316962
0.6341223126928459
0.9564306414066991
0.7885090546454329
0.5270111916773217
0.8278340627005063
0.893759848313913
0.5463953662203181
0.98346597509102
0.6275292234352033
0.8241380142827828
0.5477579968076839
0.06452926336236874
0.5432299776872143
0.5087496204597938
0.9943837334870993
0.2350651509200426
0.3099940480667359
0.36107667779984604
0.5896077016716483
0.053575291955790416
0.13161665092793517
0.31000333345404335
0.2030430999822649
0.711941750908343
0.9902707711792721
0.9927044711925501
0.9121384154115144
0.8448657843691647
0.9001607300542916
0.8611602462856129
0.8018396209333486
0.6342244519532276
0.5209283344522225
0.5460745560888463
0.8082878581489952
0.1409275730504633
0.9290057857248313
0.7303774231378852
0.8446921476265157
0.6844918246807452
0.5493499764615432
0.9825629711753722
0.9848272128702896
0.7941225355421413
0.7802705947569132
0.4276751897236762
0.9950936013467526
0.15936045966381326
0.9118487113275225
0.8495901894311865
0.8838277337805176
0.9981828497039354
0.819878342855498
0.5632358089104433
0.2111037447038472
0.5305739947871836
0.013946187466398505
0.9303591309248895
0.16039485180986127
0.13416270412763323
0.2479490900784708
0.9057612114087696
0.7449847301805729
0.821607281972142
0.9124341549972562
0.5237000225634911
0.8933225065717328
0.6493879536956306
0.9663362925862682
0.5584088003186745
0.6336956491460694
0.4609489108704958
0.24347399766565364
0.7309169041404471
0.1993145527089653
0.30360059463620315
0.9943939474131375
0.7131618508005396
0.05474060806287322
0.6337560041635677
0.6857230670377108
0.3136905607538249
0.9194901208121743
0.5104469892595925
0.5551045952453246
0.07295110965021018
0.940133858143424
0.15809532564317558
0.9156468990056279
0.00029898947129933213
0.9091030223007147
0.43366240745950874
0.7780448874193215
0.47492666865373956
0.42063129491225776
0.8051438260066984
0.8015118467613962
0.8611709244810165
0.8060705076599802
0.8745455963586425
0.9788957074583017
0.753091337569327
0.3902351152920115
0.06966036838845603
0.7817423286451413
0.8082860010715337
0.7498502731296677
0.0644563730720054
0.3920852287130175
0.11502459234828373
0.8198811284716903
0.03687227299781515
0.24346424800898084
0.005146890184509931
0.8151344384801307
0.5501926253596927
0.06429852148777904
0.7131488512583093
0.6219812045190123
0.7491478335798604
0.9085458990622687
0.9209962106334398
0.3458235720699264
0.8053114272475976
0.26478628288303846
0.4349892893057409
0.4222980219339419
0.7908898279510586
0.04251407432581124
0.28957919553261446
0.9513468918558796
0.8301958009621518
0.41601413607363685
0.8014979186804351
0.7328306224645089
0.7498001320382075
0.7581574448842623
0.4579218746082727
0.8037421967926415
0.7767003633372054
0.28936331027771667
0.07363080000111424
0.5397247439786584
0.906032808987512
0.41923291558375836
0.6958687454791771
0.19009927007570376
0.7320928984429333
0.4165113685639499
0.3109481216125746
0.7130680683887346
0.29007549948419675
0.712337772677005
0.23739624740357357
0.3060431157674233
0.5397312437497737
0.28937630981994705
0.42625081131071596
0.6246433250600533
0.9120455615384401
0.5455313609313615
0.588453063759969
0.14876676128476332
0.6958032834986596
0.04350575369024505
0.9877553597576886
0.14105942555022885
0.9848272128702896
0.7308904407866209
0.5834895599747809
0.6957972479969098
0.4065318985552866
0.24747182117086877
0.3903186837777784
0.3195236410603541
0.8612150300707268
0.862615730746053
0.6958046763067558
0.19653543628785072
0.8249031301969152
0.9212780221382204
0.31935696835818567
0.9124675823915629
0.26066217811044223
0.3456587564452195
0.24494573155388172
0.9975338011311459
0.7272881747807024
0.6336886851055887
0.8871857941002506
0.2479523399640284
0.7615354687867063
0.8188430221707192
0.9951186718924826
0.9171650598303931
0.9202371302210572
0.3902355795613769
0.20842166058009529
0.6353224490023316
0.42229895047267263
0.052141163886157436
0.8117313440319566
0.8661961760917991
0.6645946324890131
0.8446907548184196
0.1315980801533203
0.9974010200926496
0.26258239620561935
0.6759427685867919
0.208514978722535
0.712003034464572
0.9938767513401136
0.4186056876711413
0.16459370395028233
0.627703788716583
0.16931160924118888
0.9950894229224643
0.8661938547449722
0.7096984013348673
0.5956320609567106
0.7615354687867063
0.7502825079088287
0.8017704447979082
0.6754896416861892
0.28948727019827086
0.8531423143456448
0.7892189225050861
0.15393872201500333
0.6979653859331953
0.5631995958999444
0.12392138619690035
0.5209278701828571
0.47404409259016805
0.5564509764049023
0.19687760281012961
0.5983573221314421
0.6277622866566199
0.05345458192079379
0.784802792301671
0.7980261123661859
0.29133506227245
0.9121620931491484
0.6585786300525275
0.5317602030157081
0.63504574446057
0.7511641554336693
0.58847302734268
0.7280286844184701
0.47500095175219903
0.2997819791060215
0.4489057635327556
0.7502880791412131
0.42425166742342574
0.9760905919527262
0.9519467278759398
0.07352123243088654
0.29958141474018096
0.8906589932225958
0.3100418678113692
0.7924084530451891
0.5341618684427756
0.06378271822285116
0.11349946748303792
0.033807630916997
0.1931755188906562
0.4276640472589072
0.44895033339183127
0.9633375767553328
0.39699441298245713
0.8610534643315775
0.27694271194592934
0.9139323522393105
0.5792730655984757
0.5874001008393062
0.36106832095126934
0.06427484375014508
0.19933823044659926
0.9672374394244545
0.12617077127212592
0.7778095028510782
0.3012184285224813
0.29090654164821195
0.80508950649095
0.7980627896460504
0.43888961624422795
0.3471095982120058
0.8611008198068454
0.3530759238263967
0.8052441081896188
0.46346803644700224
0.7810542814456605
0.7308899765172555
0.19918595009475737
0.8051373262355833
0.7202647078213603
0.10338350228095539
0.03677013373743339
0.8837938421168454
0.8838323764741713
0.1993196596719844
0.16397158300068435
0.15743095618132877
0.803747768025026
0.31602072869862513
0.7272886390500677
0.9425327379542991
0.41601692168982907
0.695743857019892
0.7694684394328114
0.25142089639271986
0.7848037208404018
0.19935633695184876
0.2995767720465272
0.6246317183259189
0.6335777247272649
0.056030348359875616
0.4586484561650793
0.11543036377361854
0.03388098547672571
0.8531404572681833
0.5455104688099197
0.1634776003959289
0.3035945591344533
0.6276982174841986
0.9517224857724653
0.577886757273476
0.7498586299782444
0.4483347122133485
0.9500845434514342
0.9123236588882977
0.5925804184181228
0.24074502233599918
0.9558191986525046
0.8053216411736358
0.9163511956328967
0.03190412651897329
0.24505297777728255
0.9877511813334002
0.41410598898195944
0.2637732471277976
0.7498549158233213
0.9123501222421239
0.4521449708949535
0.2506451022831839
0.7398824098551386
0.1539503287491376
0.7723868366635375
0.375529383143865
0.6428157565594297
0.28961494427374807
0.426590656486168
0.8446986473976309
0.6194384012048718
0.5209534049979526
0.4275920855072746
0.7098297895652674
0.47492666865373956
0.12361264706892822
0.847730790622873
0.3128409478151948
0.7810561385231221
0.8477363618552576
0.6594881337392905
0.719817152153142
0.5118421187025343
0.7847962925305559
0.17450167647667836
0.41375082291745013
0.7765044416650185
0.6328446433993431
0.24803358710296844
0.8014900261012238
0.4323768455867947
0.7923977748497857
0.9122461259042807
0.39011486952638025
0.5414662183681674
0.781282237704058
0.2558342409799426
0.8897569178456787
0.4520484028669562
0.9293368097823412
0.043001557159451455
0.03675342004028001
0.08899625891745383
0.695798640805006
0.34073889398037627
0.42769793892257935
0.06409888566066924
0.09079298136144205
0.7335038130442978
0.8050741856018927
0.6979607432395416
0.25839190091377495
0.03379091721984361
0.26426305130826466
0.7640118815815986
0.19930619586038864
0.7581593019617238
0.8278154919258914
0.6906661429708225
0.9658023828160909
0.9517220215030999
0.7118939311637097
0.2776841501224278
0.95152842117774
0.7272853891645101
0.5415483940458382
0.40012498131315805
0.8032677135012317
0.9330876419851787
0.6582262496042104
0.6582248567961142
0.5632585581093466
0.8143414664040759
0.7358274812179828
0.5209868323922593
0.14114856526838018
0.9705031101404786
0.9574311418890749
0.2126506902292655
0.3700417192451723
0.5938311600884341
0.8015099896839347
0.9364893436252566
0.19950908157305602
0.748206759576252
0.8612108516464384
0.8048583003469949
0.8082841439940722
0.5087821193153699
0.4395228796585949
0.6907371761837244
0.7985038455431533
0.4520200824356685
0.6337397547357797
0.4634736076793867
0.9568280559834571
0.36024052867281176
0.11646614872776266
0.6579026538565463
0.3902351152920115
0.11261178445644736
0.28946219965254083
0.7835409081665909
0.9657754551928993
0.46346989352446377
0.1441208177454894
0.9802490526583599
0.7276530905018844
0.07085493346555725
0.05600713489160703
0.9558855891717527
0.24801826621391118
0.9519351211418055
0.9125929351202132
0.7691759497326273
0.06644205314769987
0.8211815469640962
0.9134007638159599
0.8122299693303657
0.8655968043411043
0.9291938148178067
0.8049850458837414
0.984827677139655
0.6278751041124052
0.7756562215344845
0.5956162757982879
0.06416666898801349
0.9875422601189829
0.8611922808718235
0.36106832095126934
0.16985155451311607
0.20302545774638078
0.1495690187481255
0.8495767256195906
0.35228434455843805
0.433625265910279
0.19951511707480588
0.8526887231756768
0.5632729504596731
0.30272869676803527
0.3555337658466741
0.6027033476606859
0.38030485783607765
0.5397405291370811
0.9777563904356796
0.31956449676450677
0.5087491561904285
0.08504254100194901
0.2705074742725131
0.7935654123036953
0.8009472952131043
0.6886595707736863
0.010737621882315144
0.5236930585230106
0.63504574446057
0.3030392929734689
0.1440307494886073
0.1541323223403633
0.05355997106673315
0.9928251812275468
0.6286625049560755
0.6607045194765642
0.20012238140471197
0.3920940498309595
0.7777978961169438
0.5210207240559315
0.3613037055195128
0.957121474222372
0.8032714276561547
0.16311036332791995
0.9126746465285187
0.17928736509492915
0.711941750908343
0.9212891646029894
0.4319167546457114
0.4242563101170794
0.9514968508608946
0.8801688269120237
0.7123261659428707
0.7518577738655345
0.6341223126928459
0.3471978093914264
0.3059748681707137
0.7924400233620345
0.34569357664762235
0.9621708678401539
0.2895025910873281
0.6158820978661251
0.23499597478460224
0.664375961617923
0.7499890896699137
0.6365950113328153
0.29913432334132806
0.2706890035943734
0.3902351152920115
0.24803451564169918
0.7634923641617477
0.9290387488497727
0.3572441341887032
0.4081846974960096
0.9347710827040162
0.8017811229933117
0.0645510840225412
0.2555180735421246
0.3761301477026559
0.36667576634622795
0.9608964484322088
0.5306436351919893
0.10703033814594957
0.7272997815148367
0.9119188160016937
0.6307865373026507
0.4520651165641096
0.5455903231407637
0.17432618265656788
0.7358363023359249
0.14092710878109793
0.1585349887321825
0.8559822500536232
0.9118301405529077
0.3421423802718947
0.02883577028323217
0.16931253777991961
0.03537361148639551
0.9574752474787852
0.8052018596773699
0.9663427923573834
0.2481064773933318
0.28946823515429065
0.9125274731396958
0.5982152557056384
0.8166484208806075
0.6647724476559504
0.9515832049628538
0.7499148065714543
0.960895519893478
0.8255493931535125
0.24788919933033787
0.8560829965059088
0.8611969235654773
0.9619039129550653
0.9517127361157925
0.7810366392097764
0.7941229998115067
0.47493966819596994
0.9877706806467458
0.8607061908462795
0.7694261909205626
0.056014563201452976
0.4107270365407847
0.7908893636816932
0.5249674779309557
0.9802411600791486
0.6337504329311832
0.912465261044736
0.6958329967380434
0.5305735305178182
0.6856399628213092
0.6122956170186292
0.7980247195580898
0.19687760281012961
0.8936707085957616
0.6479775033636316
0.9205746540496824
0.7761246693241445
0.06371957758916061
0.8669204363017788
0.2894933057000207
0.9925382627597471
0.7576866757477755
0.5413408656395171
0.06644205314769987
0.13978918456657205
0.3196545650213889
0.7881028189507326
0.9290475699677148
0.9527708059994745
0.5637692544112554
0.2797501487983316
0.91634283878432
0.615455898588714
0.8060705076599802
0.5253272866891188
0.12363493199846605
0.29069112066267955
0.06431802080112464
0.9106833952204397
0.9425392377254144
0.03387819986053348
0.416489083634412
0.8994661830836957
0.2905146983038383
0.8838165913157486
0.4843007314099582
0.9971744566423483
0.9004216494376305
0.06453204897856096
0.06964969019305249
0.9516208107814489
0.42777361482913495
0.6198126023133614
0.24797787477912384
0.1502552088701448
0.6643806043115768
0.3572441341887032
0.0894976698320552
0.5064760933775689
0.9159561024029654
0.25137354091745195
0.1483122415760645
0.9943015578094285
0.7631543760637571
0.06370936366312244
0.7499937323635675
0.13161711519730054
0.28946219965254083
0.44610111229654553
0.4066293951220146
0.4001156959258506
0.9289983574149853
0.9518055899888668
0.2554943958044906
0.4421655008862902
0.9927100424249347
0.5632330232942512
0.2480591219180639
0.8083370707017246
0.24507711978428187
0.26250161333604466
0.2894496643796758
0.6354162314141366
0.9518055899888668
0.8434061214844363
0.2913132416122775
0.35383453996941394
0.4667262788531804
0.7511441918509584
0.0895793812403606
0.04660614451219682
0.11821690850457908
0.18359903469113553
0.19443879583383242
0.9159314961266006
0.7617388187687391
0.9334302727768229
0.05601317039335686
0.28211652975363083
0.5996075995323878
0.7398475896527358
0.06366618661214288
0.9108793168926266
0.8871881154470774
0.6355049068629226
0.45209807968905097
0.25138236203539405
0.2896664781733043
0.003241992978390118
0.640989785145423
0.2797436490272164
0.19491327912524223
0.38546753317901017
0.06965618996416768
0.9513701053241482
0.06793792904292728
0.3770062239951122
0.951043723960292
0.332569610227297
0.48429841006313135
0.20851172883697738
0.2350665437281387
0.8128595185898096
0.36108271330159586
0.633554046989631
0.28370804513812475
0.9264820174546711
0.2450980119057236
0.7819953554492688
0.8047306262715177
0.8139974428043355
0.2513257211728187
0.42764036952127327
0.9517540560893105
0.9120432401916132
0.9125831854635404
0.7617341760750853
0.2905532326611642
0.6953343714396343
0.3471281689866207
0.7131404944097326
0.2513484703717219
0.5311260110626105
0.7315622385583136
0.40636058315946444
0.8745455963586425
0.42659808479601397
0.11405380510529164
0.5451320892771419
0.4063647615837528
0.13984814677597424
0.5311274038707066
0.6612760350653366
0.8049859744224721
0.6856492482086166
0.26377417566652833
0.26066217811044223
0.7830520325248547
0.3350859501876112
0.5572072712010927
0.761749961233508
0.3537918271877997
0.4276891178046373
0.6643847827358651
0.6246335754033805
0.37536596032725417
0.5301891154832905
0.7357258062269665
0.03676966946806802
0.5249735134327056
0.4488820857951216
0.33029329752887987
0.19467557321017195
0.03806173111189727
0.40931147924576655
0.9134026208934214
0.5301979366012325
0.0029643598978978812
0.963331541253583
0.6352941285710438
0.1427702581616233
0.7518090255821706
0.970814634884643
0.036869023112257544
0.3066670937944828
0.6428194707143527
0.8881073687905133
0.9134648329883812
0.8122773248056336
0.615452184433791
0.5637121492793147
0.39102158759695105
0.9124072273740647
0.11543222085108003
0.9119304227358279
0.7881167470316938
0.966342328088018
0.6193501900254512
0.9123612647068928
0.5301654377456565
0.6488452228075111
0.9347752611283046
0.5460703776645579
0.24834093342284447
0.8048118734104578
0.9290206423445232
0.9574459985087668
0.42425723865581016
0.9558855891717527
0.7985089525061725
0.9212924144885469
0.04019690592324142
0.5257242369965115
0.8994624689287727
0.17051499543623214
0.7945324853917645
0.9122581969077803
0.19652568663117792
0.6901405900492218
0.5305753875952797
0.5692002774473728
0.616126767821676
0.2034019802016972
0.42767008276065704
0.4423637439053039
0.5495412554400763
0.9334321298542844
0.6958176758489861
0.2045083340993778
0.9134360482877282
0.2506492807074722
0.2905049486471655
0.390524355106638
0.11408908957705989
0.08577701513796693
0.14112210191455402
0.9163391246293969
0.940498773864606
0.13161247250364683
0.5878597275110241
0.9106871093753627
0.8053272124060202
0.8048694428117639
0.6123025810591098
0.6276633972817958
0.9927114352330307
0.9574367131214594
0.14082311244325468
0.5768607219760047
0.46953371570558267
0.7163068114815672
0.9067008926042819
0.25131829286297275
0.8871806871372315
0.6240838804747805
0.8801623271409086
0.7272853891645101
0.5776922284093853
0.6957805342997564
0.19382085330852278
0.43794250673886986
0.40644415164523134
0.1590145789866114
0.30120635751898167
0.04188266798890582
0.8239471995736151
0.6745128189414473
0.6273156595271324
0.2633307984225984
0.5570508124249625
0.06645505268993028
0.9222334884921553
0.9902730925260989
0.6754984628041313
0.624635432480842
0.46808565955498854
0.8559850356698153
0.8053026061296555
0.5640371378350748
0.2637746399358937
0.1931476627287339
0.9592636130741967
0.03380948799445848
0.8099838341406977
0.08900090161110755
0.2918750075443772
0.5397437790226387
0.8655954115330081
0.24868867117750781
0.7578988468477503
0.07572558337767106
0.24814547602002301
0.6987193593825589
0.6350694221982041
0.0737640453089759
0.2511553343157273
0.6016471348544655
0.6197740679560355
0.6349510335100342
0.05475175052764213
0.9519796910008812
0.951812089759982
0.9512605377539205
0.14400753602033872
0.29032434786403594
0.6284141208456017
0.2894807704271557
0.7316086654948508
0.06402599537030589
0.3454075867185534
0.9387981551792498
0.4206447587238535
0.24508872651841618
0.5341744037156406
0.915943102860735
0.17631511261781996
0.19995895858810114
0.7793685193799961
0.9517206286950038
0.06970818813308931
0.6275310805126648
0.8121589361174638
0.2434712120494614
0.9123956206399303
0.4673906483150272
0.712184099517067
0.9519453350678437
0.7202647078213603
0.007726370778514728
0.970818349039566
0.9421436802261177
0.15829635427838148
0.9119958847163453
0.5983605720169997
0.921738577348669
0.45324064659723057
0.20304402852099565
0.8881078330598787
0.14404282049210695
0.7486185665033367
0.1341501688547682
0.5305048186517431
0.9118189980881387
0.5956353108422682
0.9060578795332421
0.4489354767721394
0.3901041913309767
0.580857616942489
0.29131231307354677
0.7764784425805576
0.24869981364227675
0.26066217811044223
0.027007477522398675
0.29045016486205166
0.3906770997278453
0.8298731337532186
0.7499983750572212
0.7780439588805909
0.4697704930819222
0.8049622966848382
0.5064668079902614
0.5253412147700799
0.2450655130501476
0.7129988922532943
0.25133779217631835
0.03535829059733825
0.20866958042120373
0.976087806336534
0.9121741641526481
0.6643926753150764
0.9788980288051286
0.6958153545021594
0.5905385617492184
0.9118292120141769
0.5497696759678391
0.07363915684969094
0.9518153396455397
0.24800898082660375
0.9820420609474252
0.9107070729580737
0.31339528543744855
0.9511472560287698
0.7839550364405025
0.5776899070625584
0.31955892553212234
0.7631571616799494
0.06431848507049001
0.951605954161757
0.04527879839659932
0.8052923922036174
0.7694424403483506
0.7945691626716288
0.7817376859514875
0.28945941403634856
0.8668484745501462
0.9134128348194596
0.1957503567910073
0.28210585155822726
0.8390229544059628
0.02048727855511945
0.8050152233924905
0.5632381302572702
0.36445980866530914
0.8559817857842578
0.6645751331756674
0.03535225509558842
0.9245478712785329
0.8651812832590967
0.023875516383601636
0.9330816064834289
0.29430313632527083
0.9875431886577137
0.5633950533027658
0.8991987639292416
0.1944392601031978
0.04251175297898438
0.3969716637835539
0.6276675757060841
0.8658609736100007
0.19652290101498568
0.7130666755806385
0.9608894843917282
0.31808858445199034
0.8183276831751568
0.9122475187123767
0.4325662674878663
0.7280040781421054
0.25134104206187596
0.7979987204736291
0.5432248707241952
0.41375360853364235
0.17116125839282945
0.30149884721916576
0.9515739195755464
0.9633375767553328
0.9509903329832742
0.4520990082277817
0.9121996989677434
0.8800652948435459
0.3581257817135439
0.6238271395157299
0.08291108034552783
0.520917656256819
0.07053040917916248
0.8626259446720912
0.5878583347029279
0.8050152233924905
0.28942552237267644
0.06965851131099454
0.9515720624980849
0.6958056048454865
0.3611170692346334
0.9515692768818926
0.017179359326846562
0.19314255576571482
0.24512726087574202
0.9519397638354592
0.9163470172086083
0.8015109182226654
0.2849634295020897
0.4521528634741648
0.7502727582521558
0.5301645092069258
0.39698559186451504
0.735712806684736
0.4667160649271422
0.9534959947481849
0.3066587369459061
0.9205737255109516
0.9877256465183047
0.3458054655646769
0.8578133284306488
0.6276192916920854
0.775658078611946
0.7906219445272391
0.19382642454090723
0.4192110949235859
0.26275696148699906
0.8050105806988368
0.8014900261012238
0.4634731434100213
0.8158698411548794
0.8959767345335625
0.56316291862008
0.8014900261012238
0.7358228385243291
0.9119893849452302
0.1578102642528374
0.06421123884708917
0.08958727381957192
0.24778798860868684
0.4521510063967033
0.04457357323059981
0.2919232915583758
0.6643926753150764
0.16400872454991405
0.5792791011002255
0.9125674003051178
0.8389644564659259
0.8048206945283998
0.3845009243603065
0.9425345950317606
0.19317876877621382
0.2997819791060215
0.05423084029969516
0.8051953599062547
0.1409865352598655
0.12617077127212592
0.6647761618108734
0.6840614469790457
0.28370340244447106
0.04408237624203662
0.3902351152920115
0.7945440921258987
0.9564297128679683
0.2633205844965602
0.5815549495292773
0.6158755980950099
0.6754678210260168
0.5270074775223986
0.1407752926986214
0.7329267262231408
0.14099999907146127
0.5209905465471824
0.6278495692973097
0.6161156253569071
0.2706825038232582
0.4141189885241898
0.2991612509645196
0.5808460102083548
0.37899886811128725
0.9127308231217286
0.3193643966680316
0.685649712477982
0.9514620306584918
0.6365950113328153
0.44066405375867834
0.9568294487915533
0.7329285833006023
0.28958430249563355
0.4318095084223106
0.31934304027722454
0.9644750367004933
0.11208437445738519
0.6907371761837244
0.5633792681443432
0.6276058278804897
0.9118895670316752
0.06645180280437267
0.3421265951134721
0.31812154757693173
0.911877960297541
0.1581176105727134
0.5301645092069258
0.3012258568323273
0.545574537982341
0.9953768056596293
0.4277796503308848
0.852682687673927
0.6488340803427423
0.7694401190015238
0.6395598355000784
0.8838393405146519
0.5257325938450882
0.06368243603993087
0.9085709696079988
0.9150219924398376
0.5451265180447574
0.9214632656150037
0.9877228609021125
0.6336747570246276
0.09073866184569358
0.9527448069150136
0.8032821058515582
0.27513995400019126
0.7761153839368371
0.685725852653903
0.8495962249329363
0.9334511648982646
0.909099772415157
0.45217004144068357
0.56338158949117
0.7893507750048516
0.9574557481654397
0.8122485401049806
0.438970863383168
0.7536744598922338
0.5917925533050872
0.9425601298468561
0.6158816335967597
0.6277084314102368
0.07158615771601758
0.04376620880421854
0.6338052167162971
0.07050858851899001
0.2918861500091461
0.7810027475461042
0.2896525500923432
0.14414124559756575
0.9122182697423583
0.9301706375625487
0.7808448959618779
0.14832431257956416
0.2776841501224278
0.9960927090210323
0.44894151227388923
0.7725985434941469
0.6643773544260192
0.2518800587950724
0.675483141915074
0.6277205024137364
0.5065471265904707
0.36055112487824537
0.951839481652539
0.9558335910028312
0.8211815469640962
0.3507007217531554
0.244941088860228
0.8994559691576575
0.6336807925263774
0.7810203897819884
0.13976086413528438
0.4277634009030968
0.9118115697782928
0.6341223126928459
0.1407929349345055
0.053567399376579096
0.25015483383335146
0.2624941850261987
0.18359439199748182
0.28369736694272124
0.8014979186804351
0.6338010382920087
0.16060980852602832
0.1603874235000153
0.5554797248925448
0.06378271822285116
0.8051271123095451
0.11048543076304528
0.24039217761831672
0.290539304580203
0.7315747738311786
0.627857461876521
0.6530157545166445
0.2905286263847994
0.6102960088619737
0.5350017317247329
0.12208241524066331
0.2706750755134123
0.29074358310096654
0.9171669169078546
0.9122308050152234
0.8669065082208176
0.7279957212935287
0.7617355688831815
0.06370100681454574
0.037078408596040155
0.07050673144152853
0.7648707799075362
0.4609493751398612
0.284768900637999
0.6579026538565463
0.627610006304778
0.3458133581438882
0.03306340712430626
0.41602388573030963
0.3012202855999428
0.25551110950164396
0.4277578296707123
0.6585842012849119
0.8936971719495878
0.9927063282700116
0.9560685113017091
0.15939156571129318
0.3415601864877187
0.2619254550536185
0.9124104772596222
0.9205825466288937
0.5209209061423765
0.013942473311475531
0.5564509764049023
0.4276993317306755
0.2450817624779356
0.9119708141706153
0.8249073086212035
0.6519442208213668
0.511973042663569
0.7491492263879564
0.5925052067809327
0.3408252480823354
0.8053977813495568
0.9122400904025308
0.9293247387788416
0.35230430814114905
0.9122470544430114
0.4063568690045415
0.2750907414474619
0.6278314627920603
0.9425318094155685
0.7123261659428707
0.4697718858900183
0.15389368788656227
0.6958859234456958
0.587856013356101
0.9330969273724861
0.9212093102721454
0.4423637439053039
0.6772079026074296
0.10707630081312136
0.5119735069329344
0.2513308281358378
0.3456712917180845
0.5310972263619574
0.9121695214589943
0.7511590484706503
0.5810006119070236
0.9519355854111708
0.7279882929836828
0.6565553441582379
0.3921465122692465
0.9511853261167303
0.8083728194428582
0.5087821193153699
0.539730315211043
0.2518795945257071
0.7723093036795204
0.9202394515678841
0.6277302520704092
0.5317602030157081
0.11202541224798299
0.035340648361454126
0.05292670765236624
0.25838725822012126
0.08960955874910977
0.6904451507529056
0.9855412591542312
0.8049887600386644
0.634935712620977
0.9085277925570192
0.6246461106762454
0.02661377710056353
0.1581357170779629
0.6123090808302251
0.448926191384832
0.35424495408840245
0.06966454681274438
0.9527410927600907
0.3475251192940134
0.04185341901888741
0.6868521701342946
0.1139660581952364
0.9125010097858697
0.792405667428997
0.9121593075329562
0.9355259846921105
0.995115422006925
0.448882550064487
0.28947798481096343
0.8914765715750153
0.19578424845467943
0.6335716892255151
0.6904507219852901
0.8937046002594338
0.04645293562162418
0.5311134757897454
0.7996348057171987
0.7312019655307852
0.7996348057171987
0.24812551243731204
0.9122038773920318
0.17585548594610204
0.45201961816630315
0.589581238317822
0.9644680726600128
0.5895933093213217
0.7279817932125676
0.7996417697576792
0.7531122296907687
0.808293893650745
0.7920328591286036
0.9124462260007559
0.7935603053406762
0.3641120709106458
0.8477215052355657
0.3900888704419194
0.686691532933876
0.9330686069411984
0.7312103223793619
0.970818349039566
0.8222767583970079
0.2667208933285421
0.6827902774566581
0.25062746004729974
0.6130143059962245
0.711941750908343
0.1411323158405922
0.36053951814411106
0.5938608733278178
0.2502240099687918
0.04658339531329361
0.5768746500569658
0.3530805665200504
0.34711563371375564
0.1341534187403258
0.35424495408840245
0.9655465703957711
0.1175799309352892
0.900159801515561
0.13284000070568944
0.8009524021761234
0.5301942224463095
0.7273675648421809
0.27050701000314775
0.5997357378772304
0.9425132386409536
0.9636068529872484
0.7234078114249263
0.3471639177277543
0.431815079654695
0.20450740556064703
0.9655943901404044
0.2905016987616079
0.595621382761307
0.73570537837489
0.9127108595390176
0.8880985476725712
0.6104998231133718
0.8082952864588411
0.5255909916886499
0.912143986643899
0.07434298920759433
0.7723882294716337
0.46568445839728645
0.8048648001181101
0.427786150102
0.29133691934991146
0.8801641842183701
0.2442321495393055
0.5118407258944382
0.9119424937393276
0.8124096415747646
0.04272113846276699
0.39710815897697316
0.652702836964384
0.6956965015446241
0.8610372149037895
0.9125418654900224
0.31435400167694094
0.6336942563379733
0.9122233767053775
0.24804983653075646
0.9293335598967837
0.7484588578416489
0.779249666422461
0.8060774717004608
0.9194817639635976
0.5414620399438791
0.7280017567952786
0.4516714161422744
0.36525881624311374
0.44893594104150475
0.3470589928511803
0.6063492549869494
0.8198880925121709
0.4091851979783855
0.16911986599329037
0.7119566075280349
0.3475227979471866
0.8050166162005866
0.37415189593680737
0.75309505172425
0.6565794861652372
0.7623298336708572
0.8661075006430131
0.3741723237888837
0.9608829846206131
0.9120427759222479
0.39042825134800613
0.915255984199985
0.8032649278850394
0.7196801926903574
0.17165245538139265
0.28957130295340316
0.9568317701383802
0.9123993347948532
0.14109331721390098
0.6361428129709432
0.2480637646117176
0.6339078202460442
0.8019928298239212
0.8610534643315775
0.978919849465301
0.2895109479359048
0.3487874676984589
0.6495481266266838
0.06404735176111298
0.2894589497669832
0.06456315502604087
0.883815662777018
0.9120102770666718
0.3910030168223362
0.14094010832332832
0.34621773676112694
0.2449740519851694
0.2913410977741998
0.9124174413001028
0.8124128914603221
0.9123635860537197
0.5065006996539336
0.9514954580527986
0.2433453950514457
0.6198135308520921
0.19443693875637094
0.20450694129128166
0.12262189624322514
0.45214450662558814
0.6757765601539889
0.9214604799988114
0.27066254024054726
0.3507007217531554
0.2893920949783697
0.6275292234352033
0.6479775033636316
0.6856464625924245
0.8053694609182691
0.9965848345483262
0.7009051395547286
0.3421707007031824
0.9134597260253621
0.30122260694676967
0.9245557638577442
0.2736139005962147
0.784801399493575
0.951929549909421
0.24759531682205763
0.9004258278619188
0.11350411017669164
0.9953791270064561
0.2480670144972752
0.28943991472300296
0.8082929651120143
0.9119657072075962
0.7129143952287966
0.24516115253941415
0.9450281857931717
0.19909077487485619
0.38167166684773174
0.6276717541303725
0.9927262918527227
0.9126314694775391
0.8527082224890223
0.94255873703876
0.6277065743327753
0.034427430519768126
0.14099860626336516
0.3741528244755381
0.0037902950988940175
0.9513143930003036
0.08434102999087247
0.6565585940437955
0.9171645955610277
0.695807461922948
0.523002689976703
0.7356923788326597
0.4843550509257067
0.9592612917273698
0.3910076595159899
0.2913294910400655
0.7653201926532158
0.0645691905277907
0.14105153297101752
0.6350527085010507
0.8800880440424491
0.557982136771898
0.1581162177646173
0.3027263754212084
0.5768876495991963
0.02048727855511945
0.5956148829901918
0.5065044138088566
0.28963676493392054
0.9376551240017048
0.033816916304304424
0.9649629838034989
0.15901179337041918
0.3195073916325661
0.8301976580396133
0.28956991014530703
0.9808985655005149
0.7640155957365216
0.45220486164308643
0.5925061353196633
0.45167095187290907
0.9124796533950625
0.9511672196114809
0.5692086342959495
0.5255700995672081
0.7123335942527167
0.8052352870716767
0.7530931946467885
0.42764269086810014
0.9119438865474238
0.007725906509149357
0.04875199751894451
0.3610822490322305
0.635315484961851
0.8838110200833642
0.4001746581352528
0.893692529255934
0.5922842145630157
0.1968762100020335
0.7920235737412961
0.24347585474311512
0.8531390644600872
0.9401473219550197
0.154484238519315
0.12378442673411572
0.9513766050952635
0.63359026000013
0.3052858924325022
0.7104249828916739
0.9875399387721561
0.43941052647217493
0.4212617727104324
0.9574260349260558
0.9124907958598315
0.849559547653072
0.9975324083230498
0.6585735230895083
0.07085864762048022
0.5208809789769546
0.763156697410584
0.3128223770405799
0.14410688966452825
0.40663403781566837
0.9470477575325383
0.5681742421499014
0.8580162141433162
0.9989795359349132
0.0640928501589194
0.08957520281607226
0.364082357671262
0.805360639800327
0.3848454122294122
0.7359138353199419
0.3815672062405231
0.8054070667368642
0.14112070910645788
0.9387962981017882
0.4682792598803485
0.29133088384816164
0.5637608975626787
0.17794191247408217
0.06698710538264617
0.03687598715273812
0.7129134666900658
0.911926708580905
0.7198320087728339
0.8249059158131075
0.8611899595249968
0.15155887724810835
0.7335038130442978
0.9513232141182457
0.8052301801086577
0.776490049314692
0.5956209184919417
0.353083816405608
0.15389229507846616
0.9513682482466868
0.4223096286680762
0.5681742421499014
0.3910229804050472
0.6279066744292504
0.8449075686120482
0.6342160951046509
0.40016722982540687
0.7694326906916777
0.9124267266874102
0.8051201482690645
0.8241384785521482
0.16039253046303442
0.938840867960864
0.29073986894604353
0.4281705651365277
0.04457125188377295
0.3475227979471866
0.9388320468429219
0.880084329887526
0.9527485210699366
0.8053202483655397
0.7808490743861662
0.19934565875644522
0.8053926743865377
0.1606873415100454
0.8014923474480505
0.4337942599592743
0.8390215615978666
0.9419384731666235
0.06438301851227668
0.4747144975537647
0.6355035140548265
0.19469228690732535
0.3121171518745804
0.9119253157728089
0.8124305336962062
0.4520302963617067
0.053555328373079435
0.2084606592067865
0.4265962277185525
0.6278532834522327
0.930355881039332
0.1499408985097882
0.6277711077745619
0.847721969504931
0.34706317127546865
0.828480789926469
0.9514866369348565
0.9927248990446265
0.4489577617016772
0.01223953327929238
0.6275306162432994
0.0715545873991723
0.522295607733242
0.9419472942845656
0.8278229202357374
0.7511567271238234
0.9127103952696523
0.45897112337401264
0.4489289770010242
0.9124634039672745
0.36053348264236124
0.11758503789830829
0.731215429342381
0.08956406035130335
0.1397325437039967
0.28370525952193254
0.4223035931663264
0.2894942342387514
0.8270633755539895
0.9760808422960534
0.06724338207233131
0.4323828810885445
0.42230173608886484
0.012243711703580724
0.6252854095923622
0.5210244382108544
0.9123733357103925
0.2583826155264675
0.7941188213872183
0.5576659693340799
0.08898558072205029
0.5501828757030199
0.25023979512721445
0.9518863728584415
0.7756798992721184
0.12361403987702434
0.712943644198815
0.3507007217531554
0.6198195663538419
0.6840665539420647
0.7007426452768485
0.2894608068444447
0.1995100101117868
0.6647691977703928
0.8383516209036354
0.8626175878235145
0.7397273438871046
0.1938241031940804
0.0735741591385389
0.2769362121748141
0.2913466690065843
0.6578942970079696
0.7980103272077633
0.28956758879848016
0.9896337936099822
0.8053611040696924
0.8559915354409305
0.7920203238557385
0.7694275837286587
0.8449006045715676
0.06428552194554864
0.2776841501224278
0.7912566007497022
0.5938371955901839
0.03534807667130008
0.17928968644175602
0.6198149236601882
0.7980214696725323
0.36053626825855345
0.2896664781733043
0.6644818150332278
0.9106295399740566
0.43203700041134263
0.20460583066610583
0.6238220325527108
0.02233971332295227
0.7120011773871106
0.4265971562572832
0.397513930402308
0.8047668392820168
0.9878319642029748
0.9290053214554659
0.7214499875111541
0.06496010533343362
0.9517002008429275
0.0641764186446863
0.03540611034197153
0.563408981383727
0.03283730794337028
0.3604995909786891
0.05083099573707869
0.11269071024856053
0.5301965437931364
0.12478817710204919
0.8389565638867146
0.15780747863664515
0.4001319453536386
0.9633250414824678
0.5432197637611761
0.9657810264252837
0.9658005257386294
0.762332155017684
0.7499941966329329
0.5209571191528756
0.7802752374505669
0.7498953072581087
0.7931698548043987
0.14408414046562504
0.6161146968181763
0.9119336726213856
0.8610534643315775
0.7884983764500293
0.14115785065568762
0.9059046706426696
0.9313545244442464
0.805082078181104
0.647715655441562
0.03725900937916972
0.9514476383081653
0.5918519797838547
0.26192777640044534
0.03387634278307199
0.8801094004332561
0.5814374893798383
0.9633431479877173
0.41373410922029674
0.06367732907691179
0.6342165593740163
0.6578817617351046
0.3770062239951122
0.5633356268239983
0.3470529573494305
0.9194028381714844
0.04185481182698352
0.5272238270466618
0.5983568578620767
0.34604270721038183
0.5938302315497033
0.1606826988163917
0.06378271822285116
0.5878355855040247
0.05901699318731133
0.5311088330960917
0.11398045054556293
0.07051648109820133
0.25132943532774166
0.1341269553864996
0.06967522500814793
0.580868759407258
0.7994973819850487
0.9848272128702896
0.9290512841226377
0.7329035127548723
0.07085818335111485
0.24078123534649815
0.9663362925862682
0.5350012674553675
0.033807630916997
0.5895900594357641
0.30597254682388686
0.08496872217285491
0.5460573781223276
0.3014983829498004
0.5463921163347605
0.3066768434511556
0.9292012431276527
0.9574329989665364
0.14102785523338357
0.4349697899923953
0.8019779732042293
0.04697384584957116
0.13284000070568944
0.6400134266700466
0.15029049334191302
0.8017755517609273
0.14441609306186576
0.11412994528121259
0.0705071957108939
0.892745419750576
0.0696445832300334
0.5455183613891311
0.1991827002091998
0.5344859284598049
0.8993259737353535
0.06427670082760657
0.8611737100972087
0.5255928487661113
0.545553181591534
0.7802650235245288
0.6072745438321351
0.06426787970966451
0.5997417733789803
0.7511841190163804
0.03307362105034444
0.6342267733000545
0.5632502012607699
0.6278699971493861
0.03182705780432161
0.6342244519532276
0.11396745100333253
0.363859972645249
0.9571070818720455
0.9126444690197695
0.2513981471938167
0.561991102741882
0.06430223564270202
0.08578769333337047
0.9194771212699439
0.06447540811598564
0.24746207151419597
0.06455294110000269
0.7358562659186358
0.8082841439940722
0.6349505692406688
0.5100969301581023
0.7130643542338116
0.8047533754704209
0.8053908173090761
0.2667208933285421
0.06964597603812951
0.9127090024615562
0.9574515697411513
0.9558386979658502
0.9385488425300452
0.4051948027830163
0.08953481138128493
0.41655733123112165
0.9640934072821579
0.816650277958069
0.3055296338493223
0.9516941653411777
0.9124782605869665
0.919498477660751
0.9222441666875588
0.9119415652005969
0.46739250539248867
0.7578988468477503
0.8611667460567282
0.34581800083754194
0.6479775033636316
0.5257293439595305
0.5895993448230716
0.07365308493065209
0.042512217248349755
0.7920240380106615
0.3196248517820051
0.2084606592067865
0.5884609563391804
0.8121659001579444
0.28936284600835127
0.9511560771467119
0.36050841209663115
0.7581630161166467
0.1316050441938009
0.34706874250785313
0.06378550383904338
0.6012460061227843
0.7924075245064585
0.9121314513710339
0.1990415623221268
0.2894942342387514
0.9655433205102134
0.8017653378348891
0.1398504681228011
0.9121282014854762
0.8838337692822674
0.5895826311259182
0.12915416621400402
0.8495869395456288
0.9519235144076712
0.7999166172219793
0.9802536953520137
0.9171664526384893
0.7502713654440597
0.9085393992911536
0.8284260061413552
0.16067852039210334
0.9127563579368241
0.2035445108968663
0.09822407682358043
0.7198101881126615
0.950882622490508
0.9511514344530582
0.24795141142529767
0.5810006119070236
0.073526803663271
0.5064793432631265
0.9511556128773465
0.8050681501001429
0.1440372492597225
0.14093825124586684
0.2945273784287453
0.9917782538086337
0.78811813983979
0.29034106156118933
0.824137085744052
0.04632433300741624
0.8610372149037895
0.15812782449875157
0.9123728714410271
0.03540611034197153
0.8995293237173863
0.11408026845911783
0.39635093564205204
0.28964001481947815
0.06456361929540624
0.5460963767490188
0.8158721625017062
0.14441609306186576
0.6342304874549775
0.5421171240184185
0.9574427486232092
0.9425090602166653
0.9125734358068677
0.00029898947129933213
0.11404962668100331
0.7617991737862374
0.7945505918970139
0.4276171560530047
0.06370611377756483
0.05212630726646555
0.8241380142827828
0.633691470721781
0.28962887235470924
0.8047881956728238
0.9875441171964444
0.5052880280715829
0.7831439578591982
0.31938528878947336
0.8050681501001429
0.506526234469029
0.07294693122592183
0.9222279172597708
0.06699128380693452
0.06645644549802639
0.9126583971007307
0.6608753706030209
0.23187422757184337
0.6266726464560927
0.15026542279618296
0.04178052872852406
0.5236814517888763
0.1104798595306608
0.33510591377032223
0.06724198926423519
0.9124629396979093
0.7123326657139859
0.9955142293917792
0.7498001320382075
0.9004091141647654
0.9789105640779936
0.5065248416609329
0.9118603180616568
0.530489497762686
0.9802485883889945
0.05228648019751876
0.1397668996370342
0.36391939912401655
0.31945585773300983
0.9122113057018778
0.9519253714851327
0.06445405172517854
0.28941391563854213
0.7817386144902183
0.8041224334028809
0.781282237704058
0.5834895599747809
0.5207625902887848
0.0640993499300346
0.5344887140759972
0.2895717672227685
0.9101211650189747
0.8041219691335155
0.14077900685354436
0.7780402447256679
0.06444012364421739
0.749729563094671
0.06432359203350911
0.6479775033636316
0.5209701186951059
0.3115331010129429
0.45208833003237814
0.7098265396797099
0.72800361387274
0.7985646648300171
0.4609568034497071
0.24494387447642021
0.1411810641239562
0.26435590518133895
0.20841748215580694
0.2821072443663234
0.34580453702594616
0.6958306753912166
0.9126059346624437
0.15389600923338914
0.4319093263358655
0.2894881987370016
0.6579100821663922
0.5270223341420905
0.3572441341887032
0.7484588578416489
0.2037733956939945
0.9153042682139836
0.6277228237605633
0.7928727224105608
0.9120669179292472
0.19935772975994487
0.7272853891645101
0.8051512543165444
0.076371382064903
0.8578031145046107
0.07088603951303715
0.021885657883618813
0.08947817051870958
0.5938474095162221
0.5455360036250152
0.3592293499950323
0.5226275603294827
0.3969623783962465
0.9004137568584192
0.9518589809658845
0.014807871408528257
0.7793736263430152
0.140814755594678
0.6284266561184667
0.7359505125998063
0.4151882008726407
0.1743243255791064
0.912161628879783
0.7129626792427952
0.17570041997806793
0.596258360330597
0.14081568413340873
0.14098514245176938
0.633902713283025
0.9385511638768721
0.6335735463029766
0.610493787611622
0.39010976256336116
0.9139198169664454
0.3081471845312876
0.8560871749301971
0.9126305409388084
0.9511825405005381
0.915939388705812
0.7130833892777919
0.35422081208140316
0.27070107459787307
0.7980103272077633
0.9122999811506638
0.3462182010304923
0.0736414781965178
0.6493930606586497
0.28957873126324907
0.40662985939138
0.06965665423353307
0.8053462474500005
0.2449424816683241
0.9571038319864879
0.3351110207333413
0.3530736024795698
0.5253416790394453
0.29054069738829913
0.5065280915464906
0.7129506082392956
0.8994647902755996
0.9928530373894691
0.804863407310014
0.9127280375055364
0.8278312770843141
0.3902351152920115
0.9788984930744938
0.7202647078213603
0.6844918246807452
0.8655930901861812
0.1957796057610257
0.4521561133597224
0.9127545008593626
0.4063684757386758
0.5261160803408851
0.50129299018256
0.9564297128679683
0.5209394769169914
0.3186754209298201
0.8278354555086025
0.9848272128702896
0.8048615502325526
0.04622544363259208
0.3971336937920686
0.8838393405146519
0.9618946275677578
0.7778095028510782
0.9133947283142101
0.6465781954964015
0.6755161050400154
0.35812113901989023
0.9425067388698384
0.34098449247465784
0.912423941071218
0.19315369823048373
0.9108793168926266
0.8014900261012238
0.38421772004742977
0.7359050142019999
0.7981240732022794
0.5357083496988284
0.9516082755085838
0.42763433401952344
0.794539449432245
0.428518302891191
0.6957856412627755
0.17307915514117966
0.09130553474081234
0.5317745953660347
0.8049841173450106
0.8211769042704424
0.6161318747846951
0.6585679518571239
0.2895949806910371
0.06420473907597397
0.5768950779090422
0.6276972889454678
0.9633180774419873
0.9245799058647435
0.25131643578551127
0.9973829135874
0.8871797585985007
0.7648707799075362
0.1922674080119893
0.416489083634412
0.5579770298088789
0.3456559708290272
0.617790709227168
0.2635582904116305
0.8216068177027767
0.5445206465229474
0.0705053386334324
0.9209962106334398
0.5554551186161801
0.20067300487204273
0.7328997985999492
0.11098498460018515
0.3606634780646653
0.5962736812196542
0.30331321189903815
0.14497414483904245
0.9515386351037781
0.9067542835812996
0.4051961955911124
0.7312145008036502
0.3194530721168176
0.801990044207729
0.1716515268426619
0.14110399540930452
0.764016060005887
0.6494158098575529
0.11098498460018515
0.11543547073663764
0.7819902484862498
0.2558379551348656
0.3196545650213889
0.6277585725016969
0.11406866172498355
0.9133905498899217
0.24959585351744398
0.24746207151419597
0.5779122920885714
0.5257228441884154
0.7778187882383856
0.7202647078213603
0.595241610420433
0.28210817290505413
0.43498000391843344
0.6907353191062628
0.9558544831242728
0.9118589252535607
0.8053819961911342
0.9197742536637817
0.5501865898579429
0.16521211074495734
0.45220439737372103
0.6354120529898483
0.47492666865373956
0.5570573121960777
0.3475390473749746
0.4483347122133485
0.5210044746281435
0.06450883551029239
0.99818238543457
0.08677519427351595
0.11262106984375479
0.9515632413801428
0.183568392913021
0.5257363080000111
0.34752604783274416
0.5631926318594638
0.5769015776801574
0.575615551538078
0.9106304685127874
0.9124225482631219
0.9950880301143681
0.327656247533569
0.5301923653688481
0.5301751874023294
0.7449847301805729
0.04660521597346608
0.5104479177983232
0.8041600392214759
0.8606523355998964
0.9901375258714104
0.1440437490308377
0.95169091545562
0.8284868254282188
0.5776926926787507
0.07087118289334525
0.5815373072933931
0.033062478585575525
0.7812813091653272
0.6341223126928459
0.3196243875126397
0.9125660074970217
0.6277725005826581
0.6130143059962245
0.8672027120759248
0.5413408656395171
0.6131178380647024
0.8052482866139071
0.7505986753466467
0.9571094032188724
0.010738550421045887
0.9425345950317606
0.25064556655254927
0.6276620044736996
0.6868828119124091
0.04528761951454138
0.8047993381375927
0.7881116400686747
0.31944750088443313
0.6953408712107495
0.06379200361015859
0.6745156045576395
0.805380603383038
0.5834895599747809
0.16310897051982384
0.2751362398452683
0.9519871193107271
0.9291993860501913
0.29131231307354677
0.8959799844191201
0.2513424348699721
0.9500794364884151
0.7761084198963565
0.757907203696327
0.6754757136052281
0.9760882706058994
0.9123385155079896
0.7315385608206797
0.7498084888867842
0.3816642385378858
0.6335396546393045
0.06596617704819395
0.5613327687817851
0.25138189776602865
0.8019770446654986
0.5632659864191926
0.6839755571464519
0.3828068054460654
0.9330969273724861
0.6857397807348641
0.9120125984134987
0.37535528213185065
0.06417549010595555
0.29034059729182393
0.530640849575797
0.6308037152691695
0.9513037148049001
0.910695001954574
0.28647834044129733
0.48301145538232115
0.15807721913792608
0.04623844317482249
0.4097957121938492
0.576964718313848
0.16793551484222735
0.8443857298453704
0.7892305292392203
0.5421120170553994
0.576897399255869
0.8019779732042293
0.951645881327179
0.04618830208336235
0.15806468386506103
0.5119721141248383
0.9152940542879454
0.7994170633848394
0.5209557263447794
0.26066217811044223
0.8261190516648235
0.9245576209352057
0.959258970380543
0.12408480901351117
0.14410735393389362
0.7892203153131822
0.44895590462421575
0.7272918889356254
0.11269674575031037
0.9953730915047063
0.2126506902292655
0.52572237991905
0.31809833410866317
0.749858165708879
0.007716621121841924
0.7335047415830286
0.9123083379992405
0.6754826776457086
0.02883577028323217
0.43333602609565247
0.019084720802331746
0.9212789506769512
0.9346838000633263
0.133246700669755
0.9516881298394277
0.8183262903670606
0.9875557239305788
0.6131085526773951
0.3470933487842178
0.20274596758842706
0.08495154420633616
0.7914826999306381
0.5455183613891311
0.05227487346338447
0.7981769999099317
0.5691937776762576
0.2647923183847883
0.5768941493703115
0.7941155715016607
0.9519105148654408
0.7119538219118426
0.5222900365008575
0.7985135951998262
0.11398648604731276
0.7764867994291343
0.5632051671323288
0.28817663777982677
0.9512976793031502
0.4063568690045415
0.08592883122044345
0.14954719808795305
0.3422120206767005
0.25141346808287396
0.7612100159615808
0.05601920589510669
0.5554885460104869
0.7484588578416489
0.7124166984691181
0.9085542559108454
0.3921534763097271
0.520890264364262
0.45281769720537696
0.7303755660604238
0.5209510836511257
0.8666093758269798
0.6104784667225647
0.761737425960643
0.9763835459222757
0.8936795297137037
0.857811007083822
0.8991987639292416
0.09857506446380138
0.9876820051979598
0.2769524616026021
0.03537361148639551
0.14111467360470806
0.3848449479600468
0.2126506902292655
0.9101244149045323
0.9107066086887083
0.8995279309092902
0.9334530219757261
0.749854451553956
0.5252297901223907
0.9649796975006523
0.8448903906455294
0.6906740355500338
0.7129988922532943
0.9527499138780328
0.15025938729443314
0.8048378724949186
0.376119005237887
0.5996071352630226
0.27708942106538675
0.7356923788326597
0.91221409131807
0.6197861389595352
0.5311264753319758
0.965545177587675
0.07351101850484837
0.44891179903450545
0.6131183023340678
0.9510330457648885
0.4277889357181922
0.30603290184138515
0.11912084095895766
0.24801594486708434
0.4522020760268942
0.7328970129837571
0.6857291025394606
0.31988298554915173
0.5344989280020354
0.13976736390639957
0.9970240333679679
0.7756585428813114
0.25135450587347175
0.19932894505929183
0.25549532434322136
0.9301701732931833
0.9602325432397274
0.2895225546700391
0.6855805363425417
0.6266721821867273
0.7981728214856434
0.08504671942623734
0.6277660008115429
0.11399762851208169
0.5064951284215492
0.14091735912442513
0.05475453614383436
0.5632344161023473
0.6070716581194676
0.9119963489857107
0.6167312465353899
0.9789258849670508
0.07619217408986954
0.04300434277564369
0.9970152122500258
0.384224219818545
0.792033323397969
0.8037394111764493
0.8049725106108764
0.43917467763456614
0.8243989336661216
0.34707477800960296
0.804700913032134
0.32474992130634256
0.5983675360574803
0.7536089979117164
0.248129226592235
0.28946127111381004
0.1141234455100974
0.3471017056327945
0.994383269217734
0.9134170132437479
0.6845967495573192
0.6896623926028891
0.7941248568889682
0.5613346258592465
0.25838354406519826
0.3030258291618731
0.5253305365746763
0.6906666072401879
0.7497147064749792
0.8017063756254869
0.34754926130101277
0.1634776003959289
0.5455689667499566
0.9126282195919815
0.8907402403615359
0.25140743258112414
0.44894429789008145
0.04184552643967609
0.8015058112596464
0.43256487467977023
0.20841748215580694
0.7892161368888938
0.28820077978682607
0.053427190028236864
0.7303737089829623
0.8893780740435354
0.11698473760888277
0.9330737139042176
0.1965210439375242
0.24811576278063924
0.9109289937147214
0.3640758579001468
0.44794890437072465
0.04659871620235088
0.8122257909060774
0.9388427250383254
0.41919716684262476
0.827822455966372
0.9512800370672662
0.8655916973780852
0.6643764258872884
0.9519564775326126
0.776433872721482
0.3842297910509294
0.5690275692434545
0.7765355477124984
0.9090914155665804
0.9649810903087485
0.3770062239951122
0.9509982255624856
0.06445730161073614
0.19578331991594866
0.6277664650809083
0.7312042868776121
0.23167784163029115
0.7653201926532158
0.9971781707972712
0.9975347296698767
0.7518619522898229
0.987829642856148
0.5455898588713983
0.6745351038709851
0.9513742837484366
0.4479354405591289
0.7623256552465688
0.7129626792427952
0.06378271822285116
0.046206408588611844
0.19316344788715656
0.7653201926532158
0.07352216096961728
0.5341688324832561
0.0440025219111927
0.5350012674553675
0.7484588578416489
0.7358892290435772
0.15389925911894675
0.6278839252303472
0.9212900931417201
0.798167250253259
0.29035823952770806
0.5632743432677693
0.466725814583815
0.731230285962073
0.4192264158126432
0.8052366798797728
0.03540611034197153
0.8047236622310372
0.07620795924829218
0.2905091270714538
0.08487447549168448
0.5445308604489856
0.781743257183872
0.48396785027498673
0.28957083868403777
0.9571172957980837
0.9134611188334583
0.5301645092069258
0.06420891750026231
0.8216086747802381
0.8448667129078955
0.6238280680544607
0.5619999238598241
0.5455392535105728
0.3815704561260807
0.9119564218202888
0.34711841932994786
0.8675383788270884
0.0715545873991723
0.20067300487204273
0.3408317478534506
0.13975668571099603
0.14108588890405502
0.16912961564996318
0.15806561240379177
0.7568974178266437
0.06968172477926313
0.7994184561929355
0.5925028854341058
0.9264848030708633
0.5633049850458838
0.7279933999467019
0.6928886004228565
0.8837956991943069
0.600938195533543
0.7788480734214145
0.7578988468477503
0.9106355754758064
0.6493740256146694
0.66475944811372
0.03806405245872413
0.14082682659817766
0.29133506227245
0.7198190092306035
0.9150187425542801
0.5209431910719144
0.3842181843167951
0.03534714813256933
0.9125581149178104
0.41411295302244
0.24787852113493433
0.0418961318005016
0.2511557985850927
0.3045100983229662
0.5445238964085051
0.7701314160865621
0.19467696601826806
0.7198236519242572
0.08505182638925643
0.9125098309038118
0.520885157401243
0.6840753750600068
0.04712009069966322
0.40918426943965475
0.7777932534232902
0.794568234132898
0.8610534643315775
0.7920379660916226
0.1837861352453803
0.8083584270925317
0.7497281702865749
0.6510918222665445
0.16912265160948262
0.08899579464808846
0.5237018796409526
0.686687818778953
0.4262498827719852
0.9515604557639507
0.520913942101896
0.9125455796449453
0.37707725720801405
0.48394695815354505
0.43498789649764474
0.9655860332918277
0.9535108513678768
0.8053963885414607
0.14931181351970962
0.4064460087226928
0.19383106723456095
0.8443796943436206
0.9515093861337597
0.24812226255175443
0.9518436600768273
0.34479010846260916
0.8047635893964591
0.5305837444438564
0.11365406918170667
0.7809772127310088
0.36246345039421113
0.7328245869627591
0.43190236229538487
0.9971800278747327
0.5104451321821311
0.26828315974301764
0.31935603981945493
0.8082841439940722
0.8606523355998964
0.8937032074513376
0.054229911760964415
0.6349296771192272
0.6745151402882741
0.11409651788690583
0.3475227979471866
0.19903784816720382
0.7130044634856787
0.6757626320730277
0.42765754748779206
0.2991631080419811
0.3581169605956019
0.0038190797995470587
0.19316019800159895
0.28647834044129733
0.5305749233259143
0.6193539041803742
0.808975905348476
0.07085586200428799
0.3624541650069037
0.2896228368529594
0.9127466082801513
0.1410454974692677
0.3755358829149802
0.818330468791349
0.91944740803056
0.8047468756993057
0.6638466945413993
0.6896572856398699
0.3196188162802553
0.03302905119126876
0.9139114601178687
0.40012173142760044
0.9877353961749775
0.19933683763850316
0.6238234253608069
0.9123942278318342
0.951376140825898
0.11176542140337486
0.9118719247957912
0.8049799389207223
0.4818712098209684
0.1407752926986214
0.2778949284143066
0.2894858773901748
0.26275696148699906
0.6956965015446241
0.26275696148699906
0.16628921567261953
0.09136403268084917
0.9875566524693095
0.7398568750400433
0.798002434628552
0.16793551484222735
0.3487874676984589
0.2555046097305288
0.7273480655288354
0.6276694327835456
0.07433973932203673
0.4141264168340358
0.5778853644653799
0.9513733552097058
0.24803451564169918
0.39412429976572966
0.6400310689059306
0.15394475751675316
0.4319060764503079
0.7397273438871046
0.9511816119618074
0.8914858569623226
0.5455178971197657
0.5455954301037828
0.5501981965920771
0.2697316801629771
0.9516844156845048
0.5301993294093287
0.8611816026764201
0.038050588647128354
0.7148295063609545
0.9212608441717016
0.6276698970529109
0.5938246603173188
0.8051350048887564
0.06699221234566526
0.8580148213352201
0.2611394470180443
0.1593646380881016
0.8018414780108101
0.739886588279427
0.1946765017489027
0.8017133396659675
0.711945465063266
0.9124160484920066
0.8745455963586425
0.3067330200443656
0.8060788645085569
0.7745921161490528
0.748548926098531
0.6200999850505264
0.04019504884577993
0.16931810901230407
0.20354265381940478
0.9875362246172331
0.39412476403509505
0.5962727526809235
0.9156538630461084
0.7118939311637097
0.014811121294085858
0.5209798683517788
0.15810925372413673
0.6578794403882777
0.8567524729307746
0.3194516793087215
0.3741532887449035
0.6277260736461209
0.31934907577897437
0.4465133834929956
0.9209962106334398
0.6868387063226988
0.0857839791784475
0.19653868617340833
0.07294878830338332
0.9657898475432258
0.8211769042704424
0.4222947720483843
0.9953721629659755
0.5681742421499014
0.8198723073537482
0.6958422821253508
0.7691833780424732
0.28965162155361246
0.46738461281327737
0.6494223096286681
0.1483238483101988
0.931354060174881
0.14117085019791803
0.381146113926131
0.9519704056135737
0.8099856912181592
0.7579011681945772
0.37707725720801405
0.34540480110236116
0.805150790047179
0.3470534216187959
0.8527100795664838
0.4265878708699758
0.6219802759802816
0.03724647410630468
0.8052208947213502
0.3971151230174537
0.3921042637569977
0.11757760958846235
0.17652821225652554
0.390681742421499
0.35384011120179837
0.13410699180378863
0.7198385085439492
0.9519518348389588
0.31936532520676236
0.7920175382395462
0.07571908360655585
0.7097007226816942
0.07293857437734515
0.06451719235886907
0.1946783588263642
0.13413624077380704
0.9709260595323321
0.7612100159615808
0.20354265381940478
0.912221519627916
0.052267909422903894
0.4142763758390508
0.9290489627758108
0.8037463752169298
0.6307800375315354
0.3910095165934514
0.9205806895514322
0.9558944102896948
0.7482118665392712
0.19506370239962265
0.7863808438745693
0.6350462087299354
0.6246549317941875
0.11413133808930871
0.6278816038835204
0.8048360154174571
0.3887657027506103
0.6277000745616601
0.9574771045562467
0.0029792165175897734
0.7863808438745693
0.07619217408986954
0.8897573821150441
0.012246033050407583
0.803744053870103
0.6349449980082844
0.4750028088296605
0.9760794494879573
0.24512168964335757
0.6276805752483144
0.9388339039203834
0.1993298735980226
0.24870120645037286
0.9222446309569241
0.052591969439933293
0.792385703846286
0.42851366019753734
0.9927077210781078
0.5361113355079711
0.5360997287738367
0.9106397539000948
0.3458008228710232
0.9121170590207074
0.08595065188061592
0.860664406603396
0.41920738076866293
0.9559023028689061
0.9313577743298039
0.7893484536580248
0.7645829329010057
0.7119923562691686
0.8560890320076586
0.6497811898481004
0.6494362377096292
0.6352936643016786
0.3515076219101713
0.7497922394589962
0.9334562718612838
0.5551115592858051
0.2997819791060215
0.8606959769202414
0.5209520121898564
0.08953249003445807
0.30999219098927444
0.7765406546755175
0.03725529522424675
0.376180288794116
0.54321837095308
0.28940880867552304
0.15391040158371566
0.1316129367730122
0.426263346583581
0.7130007493307557
0.2667143935574269
0.6493874894262652
0.951698343765466
0.6479775033636316
0.0029652884366286243
0.6278514263747712
0.794119749925949
0.07366004897113267
0.7745842235698415
0.28937584555058166
0.26066217811044223
0.7691304513348208
0.043025699166450784
0.9401366437596161
0.25062606723920366
0.6286495054138451
0.5414648255600714
0.5613360186673426
0.9085644698368835
0.8050830067198348
0.9517094862302349
0.1408082558235628
0.24807258572965965
0.8048030522925157
0.15414160772767074
0.275128347266057
0.9777540690888528
0.02388898019519741
0.4262619537754849
0.9855412591542312
0.6754761778745935
0.31129818071406484
0.3475474042235513
0.3530736024795698
0.7531168723844225
0.8526864018288499
0.9135711506730513
0.6919535619209981
0.6253736207717828
0.7359110497037498
0.5455443604735919
0.31935046858707045
0.14080361312990908
0.4276273699790429
0.2027468961271578
0.5814356323023768
0.8046512362100392
0.3128177343469262
0.30597393963198294
0.34707106385467995
0.8390169189042129
0.6957847127240447
0.16931532339611183
0.11752050445652164
0.8121580075787331
0.6307930370737659
0.11402223478844638
0.11411926708580905
0.3902351152920115
0.23937682051624895
0.50129299018256
0.7981593576740477
0.5896058445941867
0.24077844973030593
0.30596279716721403
0.9125474367224069
0.9571075461414109
0.06436584054575792
0.11822201546759818
0.9123900494075459
0.7520105184867418
0.3014644912861283
0.5878643702046777
0.42762644144031214
0.15390900877561955
0.28647926898002807
0.8047255193084987
0.30121889279184666
0.18165931728261284
0.05355718545054092
0.1489733611523537
0.04660428743473533
0.273193272551188
0.20304867121464937
0.4318104369610413
0.4750023445602951
0.3644593443959438
0.3971067661688771
0.11407609003482949
0.5357046355439055
0.5304922833788781
0.777808110042982
0.7120086056969566
0.657878511849547
0.9705077528341324
0.6342109881416319
0.7830130338981635
0.12372871441027113
0.3407444652127607
0.9001560873606379
0.12371896475359832
0.24834093342284447
0.30595490458800273
0.8015146323775885
0.1410255338865567
0.9122386975944347
0.03537686137195312
0.9574427486232092
0.9057862819544997
0.7820004624122879
0.18356607156619414
0.778054172806629
0.6958186043877169
0.913575793366705
0.803747768025026
0.4521250073122425
0.04624587148466843
0.8993264380047188
0.8051563612795635
0.291920970211549
0.5301645092069258
0.7694405832708892
0.9124406547683713
0.5554806534312756
0.9121398082196106
0.8449140683831634
0.19576846329625677
0.9135813645990895
0.426594370641091
0.6308013939223426
0.596267181448539
0.8051447545454292
0.7129157880368927
0.4520795089144361
0.7484588578416489
0.862615730746053
0.40323930021607096
0.0642140244632814
0.24334446651271494
0.7498892717563589
0.375529383143865
0.3640675010515701
0.8049701892640495
0.7498539872845906
0.5301844727896368
0.5604627279910785
0.38189080198818715
0.9419524012475846
0.06409006454272717
0.2836625467403184
0.289468699423656
0.06445033757025556
0.6395296579913293
0.9619326976557183
0.3012156429062891
0.6284238705022744
0.9118723890651564
0.14497414483904245
0.5445169323680245
0.9759875241536138
0.750274151060252
0.5344859284598049
0.27069178921056564
0.7634983996634975
0.9091053436475416
0.6102932232457814
0.24338485794750228
0.9401273583723088
0.7764858708904037
0.5304871764158591
0.43816860591980583
0.28211745829236157
0.9123371226998935
0.8933192566861753
0.02661377710056353
0.3530903161767232
0.8443931581552164
0.14877001117032093
0.6772069740686989
0.7985010599269612
0.041858061712541125
0.6754812848376125
0.294297100823521
0.674513747480178
0.26356386164401496
0.839022025867232
0.4212585228248748
0.6140630904925991
0.8049757604964339
0.8440560985959565
0.5579751727314174
0.6953343714396343
0.7536131763360048
0.9558094489958318
0.6647798759657964
0.6278751041124052
0.9134286199778822
0.5270200127952637
0.00424574334632359
0.9516964866880044
0.416489083634412
0.6494353091708985
0.962188510076038
0.45210643653762767
0.07364751369826762
0.1398472182372435
0.42763247694206197
0.9347650472022664
0.6957921410338908
0.15392897235833053
0.803264463615674
0.03533089870478132
0.31434935898328725
0.7581579091536277
0.8837933778474801
0.8049460472570502
0.8048986917817823
0.04205073349917035
0.8053123557863284
0.7486041741530102
0.5613327687817851
0.45215564909035705
0.5954412462475428
0.8032514640734437
0.5414736466780135
0.24761110198048025
0.9265270515831121
0.7214499875111541
0.06448608631138918
0.48396877881371747
0.8211769042704424
0.8559915354409305
0.374147717512519
0.21109538785527052
0.8446763624680931
0.7579085965044231
0.6754822133763433
0.6284159779230631
0.5208795861688584
0.052265123806711666
0.06644205314769987
0.6746845986066348
0.6310358499518552
0.17929525767414048
0.4516602736775055
0.11408769676896378
0.6924763292264066
0.06422098850376197
0.05227023076973075
0.6845893212474732
0.8838059131203451
0.912271660719376
0.8838216982787678
0.8048638715793793
0.9194715500375594
0.2633256914595793
0.23498436805046793
0.1261591645379916
0.6275881856446055
0.5361182995484516
0.2480656216891791
0.9127173593101329
0.919409802211965
0.11350271736859552
0.1411648146961682
0.7359755831455363
0.5210021532813166
0.6754836061844394
0.1585298817691634
0.24014007935291992
0.26967503930040176
0.06456501210350235
0.7881014261426366
0.1136503550267837
0.5619915670112474
0.7307692664822589
0.5779095064723793
0.05531444499847255
0.3045152052859853
0.7924390948233038
0.9194562291485021
0.7640086316960409
0.21265115449863087
0.08950463387253578
0.17432989681149086
0.15823924914644077
0.9848792110392113
0.9820183832097913
0.5996122422260416
0.24507108428253205
0.9385414142201992
0.9347696898959201
0.5956269539936915
0.5421157312103224
0.8610534643315775
0.9303512383456782
0.1634776003959289
0.3158410564542263
0.24013218677370862
0.7498409877423602
0.34582264353119563
0.3456592207145848
0.525338893423253
0.6197773178415932
0.17630072026749344
0.9401491790324812
0.13009616875634308
0.3317836021917228
0.6277465014981972
0.6335568326058232
0.2778888929125567
0.1777845251592212
0.046587573737581954
0.5632613437255388
0.2895179119763854
0.3902351152920115
0.5342705074742725
0.05342997564442909
0.8669209005711441
0.9212014176929341
0.9515975973131803
0.805005938005183
0.8578045073127067
0.7198129737288537
0.6286346487941532
0.3060366159963081
0.5918733361746619
0.33520387460641565
0.06417595437532092
0.27352847503298633
0.593854837826068
0.2450836195553971
0.9564311056760644
0.6072777937176926
0.3408219981967778
0.6409698215627121
0.15828660462170868
0.14094985798000112
0.1639687973844921
0.7098107545212872
0.8826118123126093
0.5938353385127224
0.8082892509570913
0.08495340128379765
0.6277743576601196
0.06371493489550689
0.8297784228026828
0.9220538162477564
0.912000527409999
0.06449444315996587
0.07337034488714075
0.34567686295046895
0.15937206639794757
0.7726027219184353
0.8047919098277467
0.2001214528659812
0.1411662075042643
0.9527253076016681
0.08593347391409717
0.8871904367939043
0.5691877421745077
0.3475227979471866
0.7945473420114563
0.28817663777982677
0.41921666615597036
0.5461785524266896
0.34581753656817654
0.07051230267391298
0.431831329082483
0.5222928221170497
0.33495316914911494
0.6342258447613237
0.2001265598290003
0.5341795106786597
0.30798515452277286
0.7129575722797762
0.9519606559569009
0.11099426998749258
0.1539210797791192
0.8044659927332559
0.8871718660192894
0.3099940480667359
0.933450236359534
0.5301988651399633
0.419219916041528
0.6276856822113336
0.7881093187218479
0.8669213648405095
0.5769001848720613
0.2903313119045165
0.08948049186553644
0.9330709282880253
0.937844081633411
0.6353029496889859
0.748606495499837
0.8082855368021683
0.7848102206115171
0.34621773676112694
0.43379658130610116
0.9516955581492738
0.42336723428239276
0.10698669682560465
0.38484912638433516
0.34715648941790833
0.7119515005650158
0.14441609306186576
0.05417652078394668
0.1539326865132535
0.15820675029086476
0.07509231996330415
0.5451237324285652
0.7761283834790675
0.3351969105659351
0.04457357323059981
0.8019858657834407
0.9127336087379209
0.8838337692822674
0.23507907900100375
0.35424820397396006
0.6866957113581643
0.1499460054728073
0.8053773534974804
0.7996352699865641
0.8611574606694207
0.7945417707790718
0.06378271822285116
0.10698669682560465
0.563298949544134
0.30120775032707775
0.13161061542618535
0.9513640698223984
0.5432076927576764
0.5637715757580822
0.8440579556734181
0.8051777176703706
0.8048369439561879
0.37421735791732474
0.14409992562404766
0.20841748215580694
0.9134606545640929
0.13161107969555072
0.563166632775003
0.9965625496187884
0.11270835248444465
0.7129492154311995
0.8837947706555762
0.8477363618552576
0.2837047952525672
0.3830644749438466
0.11756461004623195
0.2894445574166567
0.20841748215580694
0.7778016102718669
0.9220566018639487
0.9217357917324769
0.36112449754447934
0.8139960499962394
0.6494339163628023
0.7096914372943867
0.7756789707333878
0.2894965555855783
0.31937832474899275
0.9101114153623019
0.5396402469541608
0.4634615366758871
0.3753446039364471
0.11050307299892939
0.28820263686428754
0.24493644616657428
0.28959544496040246
0.9123125164235288
0.5012809191790604
0.8019032258364045
0.2918949711270882
0.731546453399891
0.458967873488455
0.8800764373083148
0.9334372368173035
0.7397273438871046
0.9120200267233447
0.2565877501599408
0.7579123106593461
0.9118097127008313
0.2030273148238423
0.2904719855222241
0.7298927259204372
0.7694247981124664
0.13414599043047984
0.9124722250852166
0.3456875411458725
0.26435683372006974
0.521023973941489
0.9124801176644279
0.39697584220784227
0.8053532114904811
0.25114976308334286
0.1789707333877457
0.8446494348449015
0.19630283733579953
0.6519446850907321
0.9124787248563319
0.9708211346557581
0.06371586343423764
0.03676595531314505
0.5946310962049693
0.8139988356124317
0.2895030553566935
0.9425527015370102
0.6494325235547063
0.9303461313826592
0.3061712541122659
0.9127665718628623
0.9001690869028683
0.6354190170303289
0.520919049064915
0.08845538510679588
0.7581555878068008
0.17928922217239066
0.7129427156600843
0.805405673928768
0.400367329921882
0.06645040999627656
0.6530152902472791
0.4479475115626285
0.08594043795457774
0.2030222078608232
0.2502226171606957
0.727660054542365
0.10331014772122668
0.9425517729982794
0.9562351840038775
0.07087628985636435
0.02883577028323217
0.8526859375594845
0.6409911779535192
0.151534735241109
0.9509773334410438
0.8612660997009177
0.6276763968240261
0.8052181091051579
0.9247772203450264
0.8143345023635954
0.9513603556674755
0.0664415888783345
0.4285224813154794
0.8669041868739908
0.7307836588325854
0.06402553110094052
0.1792901507111214
0.052133271306946116
0.9974024129007457
0.9122354477088771
0.9515985258519111
0.5012772050241374
0.7119431437164391
0.9126412191342119
0.7810115686640463
0.6337587897797599
0.5904396723743942
0.806087685626499
0.655364957505425
0.990133347447122
0.05355254275688721
0.7130745681598498
0.9516779159133896
0.42769793892257935
0.9106996446482277
0.6647766260802388
0.6585651662409316
0.29051237695701143
0.0644006607481608
0.6355039783241919
0.7303788159459813
0.052591505170567925
0.8673879555527081
0.32766414011278033
0.9510539378863302
0.42624663288642767
0.1663323927235991
0.3944051827317795
0.534162332712141
0.40324487144845544
0.14114485111345723
0.2943114931738475
0.384213077353776
0.7576834258622178
0.9747720669550708
0.07350684008056002
0.0736544777387482
0.053439725301101894
0.7810538171762952
0.26967689637786324
0.9134643687190158
0.6645848828323403
0.08677705135097742
0.8611751029053049
0.7398401613428899
0.248076764153948
0.2907923313843305
0.14831456292289136
0.6755128551544578
0.1580930042963487
0.7119640358378808
0.8053258195979242
0.7129487511618341
0.4223008075501341
0.5997436304564417
0.2778888929125567
0.951767055631541
0.6335805103434572
0.4667225646982574
0.8521887050691715
0.6746725276031351
0.14087232499598407
0.7617309261895278
0.4521398639319344
0.2778888929125567
0.9163539812490888
0.8527059011421955
0.5905390260185838
0.2706699685503932
0.5455972871812442
0.029067904965917987
0.13008827617713176
0.5396346757217764
0.2583900438363135
0.557982136771898
0.4349813967265296
0.5350732292070001
0.6167307822660245
0.31954499745116116
0.5249772275876285
0.6754989270734967
0.8049492971426078
0.19918641436412274
0.9120009916793644
0.2571903717961932
0.24511008290922326
0.16932925147707298
0.03182566499622549
0.6123160448707057
0.4141097031368824
0.6495513765122414
0.649400953237861
0.753592284214563
0.028721095749985374
0.3742196792641516
0.9655860332918277
0.31950924871002756
0.40880913979243444
0.5938594805197217
0.9425578085000292
0.6335842244983801
0.5208781933607624
0.664387104082692
0.73160773695612
0.8975051092843659
0.484382907087629
0.6131266591826445
0.5087821193153699
0.24812644097604278
0.9066971784493589
0.7635146490912855
0.827005341883318
0.28961865842867107
0.466716993465873
0.3793349991318163
0.7617332475363546
0.5304834622609361
0.6772106882236218
0.4634675721776369
0.9950884943837335
0.5579793511557057
0.6856511052860781
0.7312117151874581
0.7985651290993824
0.8526868660982152
0.8914858569623226
0.5342732930904648
0.9927225776977996
0.7623293694014918
0.06435887650527734
0.9877251822489393
0.2637667473566824
0.15753495251917202
0.5633955175721312
0.32474667142078495
0.13411256303617308
0.3830561180952699
0.06419870357422414
0.4254174477998739
0.34073796544164553
0.7634979353941322
0.6009395883416391
0.6409925707616153
0.1411861710869753
0.4164974404829887
0.14994043424042283
0.15390250900450433
0.5976195981098665
0.619815852198919
0.6757709889216044
0.8659881834161126
0.6846074277527227
0.5554955100509675
0.4276199416691969
0.8070519730983758
0.11261132018708199
0.7280031496033746
0.7694656538166191
0.11406262622323371
0.13284000070568944
0.7272891033194331
0.31945028650062535
0.47500141602156437
0.7920416802465456
0.07572604764703643
0.04250757455469604
0.20341219412773537
0.14956994728685624
0.11756321723813583
0.05422294772048384
0.3195236410603541
0.6337541470861062
0.39011208391018803
0.8800778301164109
0.03725668803234286
0.6278764969205013
0.7761005273171452
0.9245682991306092
0.8612210655724766
0.18165792447451673
0.6266675394930735
0.6284187635392554
0.9212914859498162
0.052933671692846816
0.15274508547663285
0.14110120979311228
0.8124347121204946
0.033800202607151046
0.7279975783709902
0.5432160496062531
0.9574394987376516
0.8668976871028756
0.7130109632567939
0.5255900631499191
0.37603125832783174
0.9085579700657684
0.2480493722613911
0.4319186117231729
0.3795327778814646
0.9118250335898885
0.6286592550705179
0.686881419104313
0.6472574215779402
0.9514894225510487
0.6839699859140674
0.8049010131286091
0.26972982308551563
0.5554825105087371
0.19423544585179964
0.951663523563063
0.5613369472060734
0.6565553441582379
0.8959804486884855
0.992840502116604
0.8014900261012238
0.8051498615084484
0.30210936143462946
0.6643764258872884
0.9568531265291872
0.8121682215047713
0.9848796753085767
0.7124050917349839
0.29958141474018096
0.08504254100194901
0.3795327778814646
0.06366665088150825
0.5305600667062225
0.6907371761837244
0.7626265017953296
0.458967873488455
0.2893828095910623
0.5922285022391711
0.03370920581153821
0.9292058858213065
0.294054752214797
0.9562221844616472
0.7498354165099758
0.5631977388224829
0.9848272128702896
0.3963518641807828
0.03540611034197153
0.0029755023626668003
0.35379507707335733
0.6958701382872732
0.35229270140701474
0.20012238140471197
0.07434531055442119
0.9213003070677582
0.06409145735082329
0.1410923886751702
0.29032991909642036
0.9125711144600408
0.7474922490229451
0.40013148108427327
0.8050147591231251
0.8666130899819028
0.8477242908517578
0.5104697384584957
0.9126611827169229
0.5613299831655928
0.649413488510726
0.270695967634854
0.6167354249596783
0.2667125364799654
0.4277777932534233
0.4590226572735689
0.6277725005826581
0.4091573418164632
0.27069225347993103
0.8052185733745233
0.06447401530788952
0.2884589135539727
0.912011669874768
0.37533810416533187
0.14083239783056212
0.9916496511944258
0.7812854875896156
0.9514987079383562
0.6857425663510563
0.9515729910368156
0.9085342923281344
0.9527499138780328
0.26275696148699906
0.43497675403287583
0.7273494583369314
0.26066217811044223
0.1407752926986214
0.6565748434715835
0.0038283651868544913
0.8994480765784462
0.9519810838089773
0.14081336278658188
0.5779057923174562
0.08595204468871204
0.6277353590334284
0.9970119623644682
0.6856515695554435
0.7279975783709902
0.9574840685967273
0.33520016045149265
0.9875306533848487
0.30640153171749024
0.21102156902617644
0.985538473538039
0.3475227979471866
0.6353043424970821
0.8018396209333486
0.6844918246807452
0.14008910257660212
0.7518610237510922
0.7941141786935646
0.8018916191022701
0.046198051740035155
0.7982893530963516
0.4136305771518189
0.805266857388522
0.912310195076702
0.5633374839014598
0.24801037363469985
0.7920189310476424
0.6958176758489861
0.2881743164329999
0.6276494692008345
0.7273568866467773
0.6350615296189926
0.3456954337250838
0.8052510722300993
0.6278969247725776
0.10698669682560465
0.31849110599176755
0.24806469315044835
0.05356229241356001
0.08504114819385289
0.5317732025579385
0.20339455189185124
0.02103836629181558
0.3458138224132536
0.9122637681401647
0.32407115949416926
0.9516788444521204
0.9738945978545184
0.15742399214084818
0.043512253461360256
0.33495316914911494
0.07572047641465197
0.9875450457351752
0.801865155748444
0.13204888570709616
0.7357049141055247
0.824399397935487
0.7311898945272856
0.5570512766943279
0.6012395063516692
0.9519379067579977
0.11542664961869557
0.5460648064321735
0.6026973121589361
0.9292068143600372
0.32474156445776586
0.2627411763285764
0.28210260167266965
0.31946235750412505
0.8239499851898072
0.6279006389275006
0.1541355722259209
0.7129143952287966
0.34216605800952865
0.9387865484451154
0.7163109899058555
0.8626273374801873
0.16931207351055425
0.2903443114467469
0.7576903899026984
0.4579218746082727
0.3197376692377904
0.08949952690951668
0.7152998112280761
0.8527054368728301
0.33506459379680414
0.02233971332295227
0.29053791177210686
0.53975167160185
0.8800894368505452
0.8051661109362364
0.33508455737951515
0.798029826521109
0.3815672062405231
0.046187837813996976
0.7123261659428707
0.7820041765672109
0.2706862179781812
0.8606523355998964
0.08958727381957192
0.47404130697397584
0.9388390108834025
0.03688387973194944
0.05213373557631149
0.9090965225295995
0.7502801865620018
0.6308055723466309
0.04356703724647411
0.47492666865373956
0.3195050702857392
0.5570503481555971
0.9511765049987883
0.4066289308526493
0.3454034082942651
0.1938254960021765
0.7945663770554365
0.9516105968554107
0.45203261770853354
0.463468964985733
0.9511528272611544
0.7507764905135841
0.5991400802814587
0.378999796650018
0.8048341583399956
0.812398963379361
0.608979805211145
0.9118886384929445
0.5208693722428203
0.409304515205286
0.03532300612557001
0.9928493232345461
0.6341223126928459
0.6958023549599289
0.7965316292790546
0.6395556570757901
0.35995221739691596
0.8838254124336907
0.5579756370007828
0.7941248568889682
0.8668549743212614
0.06423352377662701
0.6355044425935572
0.7498618798638019
0.37620303799301924
0.6106692814317325
0.7884872339852603
0.37707725720801405
0.8477335762390653
0.8050825424504694
0.07357508767726965
0.3902351152920115
0.6868410276695256
0.20067950464315792
0.7303704590974046
0.9633255057518332
0.13413252661888406
0.31935928970501254
0.7491566546978025
0.4680796240532387
0.6643764258872884
0.7726069003427236
0.5362928648298313
0.7323960663385211
0.9290150711121387
0.12361868257067804
0.458967873488455
0.3181925807898336
0.42345033849879427
0.7694308336142163
0.9212993785290275
0.3194544649249137
0.7196815854984535
0.753098765879173
0.42759579966219763
0.23851002961110013
0.9513162500777651
0.29916496511944257
0.8083561057457048
0.1541388221114785
0.03900326938487095
0.9134536905236122
0.9518213751472895
0.458967873488455
0.506566161634451
0.8083677124798391
0.9974019486313803
0.6122993311735523
0.27071221706264204
0.9928660369316995
0.2433467878595418
0.8047436258137481
0.6284224776941784
0.19918084313173828
0.9509959042156587
0.1411369585342459
0.8669153293387597
0.38167398819455856
0.9119944919082492
0.5708066494515586
0.11406541183942594
0.04623937171355323
0.9519174789059214
0.30799536844881104
0.30792944219892826
0.8082841439940722
0.2778888929125567
0.0430057355837398
0.08495154420633616
0.9602836128699183
0.8578059001208029
0.4634178953555421
0.027007477522398675
0.8801576844472548
0.634935712620977
0.29978894314650206
0.8122234695592505
0.9388506176175367
0.6238419961354218
0.7778034673493284
0.25139350450016296
0.17795491201631256
0.8018396209333486
0.26066217811044223
0.9574724618625929
0.1140561264521185
0.748461643457841
0.37619978810746163
0.2349996889395252
0.16478359012071933
0.15394661459421466
0.31282098423248383
0.2997819791060215
0.9516872013006971
0.7694368691159661
0.5270176914484368
0.5938269816641457
0.2896103015800944
0.4277893999875576
0.520935298492703
0.6746743846805966
0.95149731513026
0.14398896524572385
0.1409257159730018
0.24802708733185325
0.1757036698636255
0.6906652144320918
0.805020794624875
0.3470534216187959
0.11403616286940753
0.06445544453327465
0.9001672298254069
0.3795327778814646
0.7980228624806284
0.3351820539462432
0.5301742588635986
0.8082841439940722
0.7202647078213603
0.2514190393152584
0.047098270039490756
0.03306479993240238
0.24796162535133584
0.9121825210012248
0.9125576506484451
0.44892294149927436
0.14115692211695688
0.6219825973271084
0.4323838096272753
0.17631418407908922
0.20302499347701541
0.04548075557053598
0.9117874277712935
0.913414691896921
0.2030370644805151
0.5815544852599119
0.8975051092843659
0.3572441341887032
0.0238940871582165
0.951371033862879
0.6238336392868451
0.5691984203699113
0.9928432877327963
0.9951052080808869
0.0707839002526554
0.19527680203832823
0.9512981435725156
0.6886618921205132
0.426267060738504
0.8047872671340931
0.19918130740110365
0.45864381347142563
0.9951042795421561
0.6070786221599482
0.03302905119126876
0.3196545650213889
0.26480346084955725
0.3100112260332547
0.35148626551936424
0.19478189089484205
0.3066777719898864
0.5878499778543512
0.9419384731666235
0.6578994039709888
0.7491608331220908
0.3470534216187959
0.6479477901242477
0.801776480299658
0.36411578506556874
0.34719873793015715
0.36050655501916967
0.9220477807460066
0.9119643143995001
0.6746938839939423
0.35421245523282646
0.7699763501185279
0.19688038842632186
0.7398921595118115
0.5064668079902614
0.08292361561839287
0.5209250845666649
0.08593161683663568
0.39042917988673687
0.8083486774358589
0.4140985606721135
0.9513733552097058
0.6839699859140674
0.4483347122133485
0.11822062265950206
0.12615823599926088
0.14099535637780755
0.9558219842686968
0.5356883861161175
0.42424609619104126
0.612300259712283
0.9378403674784881
0.5397433147532733
0.8611946022186504
0.43320788775080993
0.20339640896931271
0.19466768063096063
0.11206719649086642
0.3610785348773075
0.45206093813982123
0.11261781995819718
0.9388362252672102
0.4276269057096775
0.10864274565188525
0.007606589282248846
0.2770954565671366
0.4521644702082991
0.9512842154915545
0.1606088799872976
0.42229709339521115
0.9738950621238838
0.8975051092843659
0.19932755225119572
0.052131414229484634
0.3522885229827264
0.6246572531410144
0.8018484420512906
0.7280101136438553
0.007568519194288373
0.5925753114551038
0.11049610895844882
0.9222302386065976
0.7511576556625542
0.07078668586884762
0.24346099812342323
0.8049135484014741
0.3059711540157907
0.7756826848883107
0.7535867129821786
0.5270176914484368
0.4336642645369702
0.899327830812815
0.3012119287513661
0.28817570924109603
0.9076178246008908
0.007731477741533816
0.037258080840438974
0.6647608409218161
0.9568368771013992
0.2030287076319384
0.751854523979977
0.6353916251377719
0.506509985041241
0.8937603125832784
0.9290248207688115
0.6529953266645682
0.9517132003851578
0.1634794574733904
0.7329058341016992
0.9152694480115807
0.9558187343831392
0.9127233948118827
0.20851172883697738
0.4091629130488476
0.6335897957307646
0.007588018507633981
0.16310711344236234
0.3644588801265784
0.6840684110195262
0.3082107894343435
0.30122121413867353
0.17463445751517465
0.5996052781855611
0.861183924023247
0.1789711976571111
0.9118844600686562
0.28963955055011276
0.8229931260277763
0.290486842141916
0.29073801186858206
0.15808882587206036
0.5640343522188825
0.8044692426188135
0.11397627212127459
0.8446893620103235
0.9574367131214594
0.8610994269987493
0.3640990713684154
0.28817524497173064
0.6335763319191688
0.73119546575967
0.03531882770128166
0.6479473258548823
0.0867724086573237
0.7118906812781521
0.8994555048882922
0.6198172450070151
0.9194631931889827
0.9124513329637749
0.0664513385350073
0.3828072697154307
0.9057579615232121
0.06369822119835351
0.9558196629218699
0.2555022883837019
0.48329187407900565
0.14409992562404766
0.5634048029594386
0.7581579091536277
0.19575082106037267
0.9940838154770693
0.40036918699934354
0.26332986988386764
0.6958343895461395
0.639331879241681
0.8018577274385981
0.7778006817331361
0.134244879805304
0.6477100842091775
0.35150530056334445
0.7640327737030403
0.9516876655700625
0.2778888929125567
0.8047543040091517
0.7984950244252114
0.3409835639359271
0.5421129455941301
0.813983050454009
0.307986547330869
0.779249666422461
0.7914822356612727
0.5301770444797909
0.912415119953276
0.07587647092141683
0.8801497918680435
0.98346597509102
0.5455438962042265
0.8531381359213565
0.9293321670886875
0.695803747768025
0.7699856355058354
0.9574729261319583
0.0897005555447226
0.6161202680505607
0.13284000070568944
0.17657649627052419
0.47373860334775353
0.5495403269013456
0.9515678840737966
0.5463958304896834
0.29979080022396354
0.2480507650694872
0.9401347866821547
0.9134086563951712
0.7312107866487273
0.45220439737372103
0.0011945650771012135
0.4634754647568482
0.02233971332295227
0.06450512135536941
0.563703792430738
0.5065471265904707
0.5878355855040247
0.5953316786773152
0.530489497762686
0.2706611474324511
0.9121100949802268
0.8293870437276745
0.6349533548568611
0.9450291143319025
0.03533229151287744
0.3407616431792795
0.43191443329888457
0.24959585351744398
0.30665362998288703
0.0762028522852731
0.9981874923975892
0.9896370434955397
0.8933317919590403
0.8800643663048151
0.03533182724351207
0.6201041634748148
0.11756785993178955
0.26275696148699906
0.6276564332413151
0.5455545743996301
0.6278904250014624
0.8449001403022022
0.1577903006701264
0.889755989306948
0.9519759768459582
0.7912533508641446
0.9290457128902532
0.4137526799949116
0.8048011952150542
0.5976209909179627
0.8936967076802224
0.9387976909098844
0.913430941324709
0.06408542184907345
0.8044743495818326
0.1991775932461807
0.912642611942308
0.29052723357670335
0.6276545761638537
0.37415143166744197
0.08487447549168448
0.7196820497678189
0.20013027398392327
0.7312005727226891
0.5301807586347138
0.3063643901682605
0.957120081414276
0.9512893224545735
0.04631736896693566
0.9513399278153991
0.06433334169018191
0.5681742421499014
0.6278296057145988
0.7760912419298378
0.9125785427698867
0.8158716982323408
0.40635919035136836
0.2821128155987078
0.7906293728370851
0.29407889422179634
0.5311051189411687
0.342170236433817
0.992860465699315
0.5209673330789137
0.07158012221426774
0.7696471831384795
0.5554978313977943
0.8390271328302511
0.6131187666034332
0.919454836340406
0.24505669193220553
0.3471086696732751
0.6286439341814606
0.8049952598097796
0.3136854537908058
0.6276415766216232
0.24959585351744398
0.7311843232949011
0.5769038990269842
0.9214776579653302
0.7764812281967499
0.375355746401216
0.5572072712010927
0.3815672062405231
0.1440288924111458
0.9927174707347806
0.06422609546678107
0.6868368492452372
0.9951019581953293
0.938614768779928
0.8293601161044829
0.5792512449383033
0.05906156304638701
0.08290736619060486
0.798152393633567
0.7835427652440525
0.3572441341887032
0.4680763741676811
0.6494292736691486
0.6276499334701999
0.36108549891778813
0.12408155912795357
0.9848778182311152
0.7397273438871046
0.7999198671075368
0.7329262619537755
0.8053239625204627
0.9564297128679683
0.06429712867968292
0.6400375686770459
0.08899718745618458
0.28963676493392054
0.7756552929957538
0.0644693726142358
0.027007477522398675
0.3902351152920115
0.06369775692898814
0.7273578151855081
0.8017620879493315
0.19687806707949498
0.56324416575902
0.2513642555301445
0.7486046384223756
0.5311055832105341
0.17925022354569942
0.6868869903366974
0.5270107274079563
0.05355393556498332
0.974762317298398
0.437940185392043
0.2407854137707865
0.8115187086626163
0.8434065857538017
0.9127679646709583
0.375529383143865
0.2001414164486922
0.8297779585333174
0.8048787281990712
0.7725994720328777
0.8055533115869563
0.3742168936479594
0.2513401135231452
0.7329090839872567
0.40880913979243444
0.21109492358590515
0.5633732326425934
0.5065197346979139
0.3475413687218014
0.2610345221414703
0.9608927342772858
0.26332151303529094
0.14405164161004902
0.18165792447451673
0.9119434222780584
0.37346663435351884
0.3542495967820562
0.8122308978690964
0.2896390862807474
0.8048104806023616
0.779249666422461
0.36741906160018795
0.8123971063018995
0.9119731355174422
0.14328513288782044
0.25187030913839964
0.1441305674021622
0.9388520104256328
0.816650277958069
0.8197260625036561
0.9212752365220281
0.25147707298592986
0.29051609111193444
0.9124592255429862
0.5209835825067017
0.8526984728323496
0.7359017643164423
0.908550077486557
0.11759107340005813
0.03805755268760893
0.0465885022763127
0.2896493002067856
0.9197742536637817
0.1580702550974455
0.7397273438871046
0.7326128801321496
0.4333290620551719
0.5087486919210631
0.13414552616111447
0.8871904367939043
0.8801572201778894
0.24524379248645028
0.046363331634107455
0.40017744375144504
0.6458831842564401
0.028716453056331658
0.04204516226678589
0.2518819158725339
0.33502605943947833
0.19290856400556752
0.9514569236954727
0.052145342310445784
0.9515460634136241
0.9513269282731687
0.9518199823391933
0.9649629838034989
0.6757644891504893
0.25549393153512523
0.912532580102715
0.9152666623953885
0.54514230320318
0.4586396350471373
0.5255830991094385
0.2513809692272979
0.15394661459421466
0.1944262605609674
0.046238907444187856
0.42817845771573904
0.6278704614187515
0.5226303459456749
0.053869174464070656
0.9514606378503957
0.06455294110000269
0.9512888581852081
0.9121945920047244
0.40915641327773244
0.26332801280640616
0.5052875638022175
0.6275965424931822
0.6027028833913206
0.45206883071903253
0.7536034266793319
0.7120099985050526
0.6278983175806737
0.7576783188991988
0.7511567271238234
0.4333425258667677
0.8241463711313595
0.1792947934047751
0.1580748977910992
0.6527046940418455
0.8051953599062547
0.3470534216187959
0.03533971982272339
0.16793551484222735
0.804349925391913
0.24746207151419597
0.6754733922584012
0.08290597338250874
0.18354935786904075
0.8449029259183944
0.37365837760141735
0.3415569366021611
0.639557978422617
0.17586616414150558
0.45205861679299436
0.0029745738239360573
0.3456712917180845
0.6335679750705921
0.800948223751835
0.1300896689852279
0.9519741197684968
0.3753343900104089
0.2769366764441795
0.920590439208105
0.4520530455606099
0.07971272868748265
0.4839557792714871
0.8015048827209156
0.4066293951220146
0.8121747212758865
0.5455248611602462
0.2884593778233381
0.7323923521835981
0.16913007991932855
0.6493949177361111
0.4839646003894291
0.4333490256378829
0.2451602240006834
0.9209386412321338
0.5210109743992587
0.14077947112290976
0.6365950113328153
0.1580800047541183
0.6926657511274782
0.7793740906123806
0.6857239955764415
0.0029708596690130843
0.5572072712010927
0.2513995400019128
0.9518854443197108
0.9928302881905658
0.3581229960973517
0.37611436254423325
0.1821296221497343
0.07619542397542715
0.9564297128679683
0.7645922182883131
0.09822407682358043
0.28940695159806157
0.8053109629782322
0.8052496794220032
0.41412548829530504
0.19651593697450512
0.8014918831786852
0.8626273374801873
0.4516667734486207
0.9975217301276462
0.31585637734328353
0.7945315568530337
0.9124731536239474
0.052580362705799
0.8051498615084484
0.9121908778498015
0.1789739832733033
0.6338131092955084
0.26378299678447037
0.14995157670519174
0.15821325006197995
0.8446508276529976
0.635049458615493
0.5305730662484528
0.9401352509515201
0.9425030247149154
0.5455318252007268
0.11400969951558135
0.5495407911707109
0.14956530459320255
0.7640290595481174
0.144107818203259
0.5808771162558347
0.11398927166350499
0.6063576118355261
0.24338532221686765
0.15394336470865705
0.0705169453675667
0.1660357245991266
0.9101220935577055
0.3761956096831733
0.14831270584542988
0.2893196689573717
0.046605680242831446
0.46827693853352165
0.0029741095545706853
0.6647729119253157
0.3741667525564993
0.9126073274705397
0.29958048620145017
0.7906303013758158
0.8800806157326031
0.2667092865944078
0.14080500593800518
0.6131196951421639
0.08434102999087247
0.3196545650213889
0.2707382161471028
0.08579233602702419
0.4276756539930415
0.45167048760354367
0.6277478943062934
0.970802099611778
0.4591331533825273
0.9121365583340529
0.7358344452584634
0.06444012364421739
0.6527195506615374
0.04457125188377295
0.731186644641728
0.30616893276543905
0.11821876558204057
0.06367872188500791
0.8053754964200189
0.8048819780846289
0.9194028381714844
0.9085547201802108
0.9902735567954642
0.8018897620248087
0.8032821058515582
0.3128446619701178
0.3351653402490898
0.7767003633372054
0.1141020891192903
0.9953721629659755
0.8495679045016487
0.08948327748172868
0.15936045966381326
0.8083398563179168
0.9126249697064239
0.2351041495467338
0.7511632268949386
0.25114697746715064
0.28819985124809533
0.8569112530537317
0.7895805883407105
0.7722976969453862
0.798001041820456
0.16467541535858773
0.7756720066929071
0.30603847307376963
0.4066280023139185
0.5253393576926184
0.8122471472968845
0.8047877314034584
0.7981737500243742
0.38546660464027943
0.17655792549590932
0.8051317550031988
0.013948973082590735
0.7196852996533765
0.5236902729068184
0.9127521795125357
0.6957782129529296
0.2821211724472845
0.955893481750964
0.7359198708216917
0.9060588080719729
0.318504105533998
0.39601526889088834
0.8018865121392511
0.7279938642160673
0.12392510035182333
0.9876782910430368
0.8053847818073263
0.196530793594197
0.021767733464814417
0.03531836343191629
0.8241380142827828
0.775661792766869
0.9121583789942255
0.4521319713527231
0.19423405304370353
0.9386885876090221
0.0645478341369836
0.41656522381033295
0.8429636727792371
0.05867529093439781
0.8041215048641501
0.6958733881728307
0.6342119166803626
0.11758782351450052
0.035352719364953794
0.4326944058327089
0.19506463093835338
0.6645825614855134
0.08956731023686094
0.9126867175320184
0.7985066311593456
0.857807292928899
0.9139109958485033
0.2442321495393055
0.017598130294411776
0.44794286886897483
0.8446782195455546
0.6428208635224488
0.43361040929058714
0.5208935142498197
0.8014928117174159
0.12207962962447108
0.36023681451788875
0.9510469738458496
0.29049427045176196
0.17449517670556317
0.08677844415907354
0.542115266940957
0.5460722347420195
0.7312135722649196
0.7315459891305256
0.15391597281610012
0.35230384387178365
0.9126528258683462
0.8053536757598465
0.43888683062803574
0.07086050469794171
0.905781639260846
0.5613271975494006
0.9212822005625088
0.06450837124092701
0.7315603814808521
0.9163535169797234
0.16461923876537776
0.26355782614226514
0.08961095155720587
0.422295700587115
0.5253268224197534
0.24799133859071962
0.15813107438430918
0.11050028738273716
0.8051062201881034
0.9802467313115331
0.0338730928975144
0.5301645092069258
0.25132989959710705
0.9120265264944599
0.7502913290267706
0.4488728004078142
0.34605292113642
0.7835441580521486
0.8936688515183001
0.45211154350064675
0.26357639691688
0.20341405120519684
0.17794051966598604
0.2108340042025663
0.598364750441288
0.4521598275146454
0.3472344866712908
0.014811121294085858
0.06419545368866654
0.7497221347848251
0.2449684807527849
0.4329571822935092
0.5344859284598049
0.9516277748219295
0.39009351313557317
0.3581229960973517
0.3421883429390665
0.9126291481307123
0.36056412442047575
0.6352904144161209
0.67549057022492
0.3755335615681534
0.021880550920599724
0.5502009822082694
0.05602802701304876
0.13159900869205104
0.6745392822952735
0.8047357332345368
0.7701281662010044
0.5209478337655681
0.26763457543959346
0.9159556381336
0.9848272128702896
0.8017189108983519
0.43321113763636754
0.8383534779810968
0.5769628612363865
0.06422655973614644
0.6868795620268515
0.9303554167699666
0.6493266701394015
0.8964697885995871
0.21109120943098217
0.24801919475264192
0.29045480755570535
0.997017997866218
0.7531535496642868
0.8053884959622494
0.7491408695393798
0.13985278946962795
0.3115349580904044
0.9121509506843795
0.43181600819342575
0.577911827819206
0.9877367889830737
0.9124703680077552
0.059967352578227065
0.5633973746495927
0.5613244119332084
0.9981740285859934
0.8018396209333486
0.7499152708408197
0.9529374787016429
0.852691508791869
0.34605709956070835
0.007730549202803073
0.07350869715802151
0.4720658408243195
0.9953842339694752
0.9123013739587599
0.5769150414917532
0.9135669722487629
0.6089756267868567
0.11048310941621842
0.5460569138529622
0.5632645936110964
0.5962578960612316
0.4520846158774552
0.7531094440745765
0.8531469570392985
0.5305786374808373
0.7981440367849904
0.3100140116494469
0.5236963084085682
0.7831523147077749
0.93884226076896
0.39438011218604946
0.8389579566948107
0.05601177758526075
0.08487447549168448
0.8611579249387861
0.40637218989359875
0.7764844780823076
0.14118524254824455
0.2904803423708008
0.7129482868924687
0.2614746494998426
0.9122971955344715
0.24790219887256829
0.8049855101531067
0.381146113926131
0.9127558936674587
0.07363544269476796
0.649397239082938
0.77779928892504
0.5564407624788641
0.9291938148178067
0.7123368441382742
0.34220737798304673
0.9517619486685219
0.5938330171658955
0.021825767135485872
0.8914784286524767
0.8389751346613294
0.2913234555383157
0.1999594228574665
0.35379600561208807
0.9950931370773872
0.9291984575114605
0.8048866207782825
0.2905606609710101
0.1397585427884575
0.5613295188962274
0.961432679549213
0.06445358745581316
0.4275809430425057
0.25137446945618275
0.5634623723607447
0.20845740932122891
0.1502584587557024
0.043007128391835917
0.9512921080707658
0.9513283210812647
0.3522940942151109
0.14441609306186576
0.46672210042889206
0.9121560576473986
0.25022076008323424
0.9123352656224321
0.7908912207591547
0.8241468354007249
0.37535203224629304
0.8526882589063114
0.3530736024795698
0.39010697694716895
0.9509791905185053
0.41446858335631465
0.33503720190424724
0.24842171629241913
0.2904473792458594
0.8269969850347413
0.1489817180009304
0.4164226931151639
0.2757137909357906
0.6278890321933663
0.34581242960515746
0.08434102999087247
0.9290276063850037
0.5769011134107921
0.8936809225217998
0.9303549525006012
0.9108793168926266
0.6477184410577542
0.9514806014331066
0.360530697026169
0.4275865142748902
0.1946713947858836
0.2881798876653844
0.21108842381478995
0.2637695329728746
0.05258639820754883
0.7831481362834866
0.7196811212290881
0.13976272121274586
0.7994955249075871
0.9122930171101832
0.5564440123644218
0.19935122998882968
0.3447993938499166
0.06436584054575792
0.8051085415349303
0.9704998602549211
0.530203507833617
0.9500822221046074
0.6131053027918374
0.8049613681461074
0.29979126449332894
0.9124917243985623
0.7892133512727016
0.9989795359349132
0.02825125515222928
0.8560825322365434
0.5210193312478354
0.7131539582213283
0.34220552090558526
0.02202679577069179
0.5576659693340799
0.251369826762529
0.9124197626469297
0.36112264046701786
0.045277405588503204
0.26973957274218846
0.9301720303706448
0.5345114632749004
0.5424258631463906
0.8048165161041114
0.5463962947590488
0.2407427009891723
0.649433452093437
0.28365836831603003
0.804107576783189
0.7359495840610756
0.11350596725415313
0.9511667553421155
0.5455638597869376
0.11821597996584834
0.6398249333077056
0.9981819211652047
0.9509833689427937
0.8055528473175909
0.9511495773755967
0.804847157882226
0.6582243925267489
0.29145623657681197
0.34220877079114287
0.08958588101147581
0.7645806115541789
0.3194521435780869
0.0659327496538872
0.8659631128703825
0.5815349859465663
0.19930805293785012
0.0029829306725127464
0.06435237673416215
0.03381273788001608
0.1716515268426619
0.31949160647414343
0.6102918304376853
0.9788966359970324
0.8124031418036494
0.7810501030213721
0.40644229456776987
0.9134527619848816
0.5305767804033757
0.26378531813129724
0.9205751183190478
0.30640803148860546
0.0029560030493211917
0.9511426133351162
0.4336173733310677
0.4319102548745962
0.38484959065370056
0.28938791655408136
0.39711094459316537
0.5502051606325578
0.6746864556840962
0.5692114199121416
0.695819997195813
0.04183531251363791
0.5356874575773868
0.8611741743665741
0.9750367004933326
0.8083751407896851
0.34581010825833064
0.36326013662518886
0.7756673639992534
0.8053982456189221
0.42764269086810014
0.8083431062034744
0.8959790558803894
0.11412437404882814
0.06431198529937482
0.5912475010701409
0.0643105924912787
0.791258922096529
0.764037416396694
0.14931459913590187
0.8569084674375396
0.3522978083700338
0.703827715209743
0.0038255795706622618
0.7835409081665909
0.20851172883697738
0.5261165446102505
0.36052837567934215
0.9152583055468119
0.046202230164323496
0.6338172877197967
0.9977320441501596
0.353790898649069
0.5257288796901652
0.9633231844050063
0.35967458431642374
0.9928697510866225
0.9163419102455892
0.14956019763018344
0.8122308978690964
0.9212859147174317
0.5455364678943806
0.2894501286490411
0.8521882407998062
0.31962299470454364
0.534154904402295
0.6958710668260039
0.5270227984114559
0.13410699180378863
0.6866961756275297
0.1606873415100454
0.5301849370590022
0.9747827451504744
0.6495453410104916
0.06436444773766181
0.39100255255297084
0.9513492132027065
0.31951249859558517
0.41375360853364235
0.9330774280591405
0.45279680508393527
0.9388436535770561
0.11206998210705865
0.6072750081015005
0.6400296760978346
0.7320984696753179
0.674513747480178
0.7358242313324252
0.9245590137433017
0.7581611590391852
0.713024891337755
0.11570242562172632
0.16917789966396182
0.07375290284420699
0.7808453602312433
0.735962583603306
0.179345863034966
0.8801692911813891
0.8669227576486057
0.1140463767954457
0.7920375018222573
0.9245775845179166
0.39011765514257246
0.2706862179781812
0.3815672062405231
0.053432761260621325
0.32941165000403916
0.7764886565065958
0.19687992415695646
0.9519546204551511
0.6276466835846424
0.9511565414160773
0.14113649426488054
0.9209962106334398
0.6012385778129384
0.0380547670714167
0.2893577390453322
0.2913378478886422
0.20304402852099565
0.7214499875111541
0.07088836085986401
0.5633323769384406
0.1583729587236678
0.4280489265628003
0.36411624933493414
0.42771279554227126
0.5632437014896546
0.35995221739691596
0.11265310442996543
0.15778147955218433
0.9763849387303718
0.5884720988039492
0.3351996961821273
0.9965871558951531
0.6038811990406338
0.7723032681777706
0.9159384601670812
0.8626203734397068
0.875961617923026
0.7764858708904037
0.6330828135837788
0.5421083029004764
0.7701318803559275
0.11047893099193007
0.2501525124865246
0.3844981387441142
0.0430024856981822
0.9118969953415211
0.06434030573066249
0.711941750908343
0.08950138398697817
0.7623460830986452
0.19932940932865723
0.7653201926532158
0.0894976698320552
0.11406030487640685
0.08949349140776686
0.6194258659320068
0.9527708059994745
0.8014900261012238
0.9511500416449621
0.7912677432144711
0.39696423547370796
0.21101135510013827
0.037078408596040155
0.7820013909510186
0.11411555293088607
0.5613346258592465
0.5922554298623627
0.17775341911174128
0.6353916251377719
0.319623458973909
0.1965224367456203
0.6070763008131214
0.6699295517664985
0.7848000066854789
0.31153449382103904
0.5087514775372552
0.9848272128702896
0.6479775033636316
0.07572883326322866
0.20067300487204273
0.45204236736520637
0.4682778670722524
0.8429636727792371
0.06454876267571434
0.6529967194726642
0.2401424006997468
0.14020145576302206
0.04529644063248344
0.9106457894018446
0.9912007027181114
0.7328338723500666
0.11543593500600301
0.9960968874453207
0.7764914421227881
0.2707020031366038
0.43784918859643013
0.6868907044916204
0.9090993081457918
0.7981301087040292
0.9657796336171877
0.6527172293147105
0.2940580021003546
0.3078667658346031
0.3530847449443387
0.995091744269291
0.11408305407531007
0.1990777753326258
0.3247485284982465
0.07357833756282725
0.8122220767511544
0.16603943875404958
0.11404730533417645
0.4520939012647626
0.8222804725519308
0.4747144975537647
0.9516639878324284
0.4589669449497243
0.18356421448873264
0.9951070651583483
0.8606523355998964
0.6276703613222763
0.6479775033636316
0.007731477741533816
0.10437796726158143
0.6597040189941883
0.5808506529020085
0.9519699413442084
0.4489127275732362
0.1341204556153844
0.35385125366656733
0.6755123908850924
0.0029713239383784558
0.8443875869228319
0.16482583863296815
0.3542602749774597
0.012244640242311467
0.12371850048423295
0.7764784425805576
0.16913936530663598
0.9509894044445435
0.7645722547056022
0.7131525654132322
0.5699236091186217
0.6104719669514495
0.26377139005033606
0.6958232470813707
0.9558382336964848
0.6275292234352033
0.4520237965905915
0.06367918615437328
0.45211897181049265
0.619739712022998
0.5253440003862722
0.6488387230363959
0.9644629656969936
0.6240838804747805
0.14086814657169572
0.24524286394771955
0.09079251709207668
0.5065155562736255
0.45216168459210687
0.2407789139996713
0.9330946060256592
0.6070828005842366
0.6495406983168378
0.03676595531314505
0.7579076679656923
0.8383576564053852
0.7935514842227341
0.595438924900716
0.34605292113642
0.169171864162212
0.14408089058006743
0.8128428048926563
0.2697316801629771
0.14082496952071616
0.8048573718082642
0.36106832095126934
0.5550103485641541
0.7745925804184182
0.7129403943132574
0.06644530303325748
0.9212459875520098
0.04621708678401539
0.783148600552852
0.8018396209333486
0.6643764258872884
0.9571033677171226
0.7124199483546758
0.5632395230653663
0.5249744419714363
0.6530008978969526
0.9558410193126771
0.40880913979243444
0.8053508901436542
0.041891024837482506
0.7491441194249374
0.6493912035811882
0.7778215738545778
0.7123261659428707
0.6848585974793887
0.9330825350221595
0.29053048346226096
0.42764547648429235
0.19315184115302225
0.39438800476526076
0.3903140410841247
0.9108918521654916
0.06645273134310342
0.9106889664528242
0.6278676758025592
0.45220811152864404
0.6479775033636316
0.16400872454991405
0.938833439651018
0.3109471930738439
0.45215518482099165
0.3644616657427706
0.8060756146229994
0.007601018049864387
0.5341753322543713
0.026720094785233635
0.9152587698161772
0.06438394705100742
0.3602331003629658
0.5301840085202714
0.5991451872444777
0.07363869258032557
0.6479775033636316
0.11404080556306125
0.045477041415613005
0.8606588353710116
0.9419384731666235
0.11756321723813583
0.28964465751313184
0.11758503789830829
0.4327905095913408
0.6350559583866082
0.695771248912449
0.992536869951651
0.7764784425805576
0.8301967295008825
0.013938294887187187
0.42865247673778345
0.9425499159208179
0.7978311192327299
0.3613037055195128
0.19506648801581486
0.9120251336863637
0.42771140273417513
0.6757682033054122
0.561323947663843
0.2478803782123958
0.5780042174229151
0.7007486807785983
0.29056019670164474
0.860700619613895
0.5455466818204188
0.42761483470617784
0.14830806315177616
0.9558340552721964
0.45207486622078236
0.07293857437734515
0.534156297210391
0.19423358877433816
0.5305781732114719
0.5362942576379275
0.8052027882161007
0.8052455009977149
0.5342746858985609
0.7981714286775473
0.9513594271287447
0.31810901230406674
0.04623797890545712
0.3470812777807182
0.0642892361004716
0.7279734363639909
0.6958357823542357
0.760223443560166
0.8495753328114946
0.031829843420513836
0.8099833698713323
0.8083579628231663
0.7626153593305607
0.9119508505879043
0.6342068097173436
0.5065085922331449
0.6476961561282163
0.2565877501599408
0.7536020338712358
0.8050806853730079
0.15805957690204195
0.6349273557724003
0.6140923394626175
0.1407752926986214
0.02048727855511945
0.5451232681591999
0.1495411625862032
0.8048689785423985
0.47404409259016805
0.3520610309936943
0.8239253789134425
0.30595304751054125
0.8612651711621869
0.42771465261973274
0.2707349662615452
0.8936990290270492
0.9106406824388256
0.8278447408959099
0.6428255062161026
0.36106832095126934
0.8293619731819444
0.7291150747334397
0.11176588567274023
0.8755772028884983
0.04530015478740641
0.07433973932203673
0.08947538490251736
0.2350995068530801
0.7920398231690842
0.910879781161992
0.177758061805395
0.3632610651639196
0.7945649842473405
0.6238229610914415
0.28945337853459874
0.43589136468265793
0.9518311248039623
0.9121374868727837
0.929207742898768
0.2558235627845391
0.6284206206167169
0.47492666865373956
0.2778888929125567
0.5249702635471479
0.5445317889877164
0.08898511645268492
0.6409763213338273
0.050832852814540176
0.37534971089946617
0.9500836149127034
0.7835409081665909
0.4275832643893326
0.34706642116102626
0.9001602657849263
0.6827963129584079
0.30673487712182707
0.6277158597200827
0.31935418274199345
0.7123261659428707
0.6465879451530743
0.5341660468670639
0.8606574425629154
0.9512944294175927
0.2770973136445981
0.4749415252734314
0.4489104062264093
0.6104919305341605
0.06593182111515644
0.5432118711819648
0.5769029704882536
0.9571070818720455
0.8923577548304906
0.20300967258795816
0.35424216847221024
0.0077184781993034106
0.37415375301426884
0.16913843676790524
0.8060797930472877
0.5403334011166607
0.9592691843065813
0.9517707697864639
0.11758689497576978
0.35385403928275955
0.9076178246008908
0.6898244226114038
0.6494000246991303
0.2769366764441795
0.1792525448925263
0.9514782800862798
0.36406332262728175
0.9290345704254843
0.14109563856072782
0.19931408843959994
0.3687422292914971
0.1440223926400306
0.9621643680690387
0.6578998682403541
0.002979680786955145
0.2513145787080498
0.9124685109302937
0.627723752299294
0.5554662610809491
0.2894264509114072
0.06496660510454882
0.8800899011199106
0.6754859275312662
0.45221275422229773
0.1388815379572705
0.9558382336964848
0.9387884055225769
0.45282001855220383
0.35150530056334445
0.6276606116656035
0.06435376954225826
0.12391302934832367
0.2555120380403747
0.27694039059910247
0.5301942224463095
0.4227608984912174
0.9657717410379763
0.9330723210961214
0.6278384268325409
0.9618992702614115
0.6415102311040047
0.2696810748021516
0.7863808438745693
0.0743434534769597
0.8297798156107788
0.44894894058373513
0.04250293186104232
0.819729776658579
0.20341033705027387
0.8611481752821133
0.8606523355998964
0.9519611202262663
0.9401320010659625
0.9125339729108111
0.4358825435647159
0.3606634780646653
0.8446763624680931
0.9106963947626702
0.520913942101896
0.48429794579376595
0.6239394927021499
0.07051926671439356
0.8658934724655768
0.6856427484375015
0.06418709684008984
0.8278382411247946
0.9135781147135319
0.4843123381440925
0.24074177245044157
0.7840859604015373
0.14078643516339032
0.15937020932048607
0.7924386305539384
0.7722967684066554
0.3901236906443223
0.0038181512608163157
0.3471133123669288
0.6886609635817824
0.9126857889932876
0.12055961172224436
0.827846133704006
0.14106406824388257
0.11100448391353077
0.41382603455464034
0.19934380167898375
0.3472330938631947
0.07258665819839344
0.14397271581793583
0.2450933692120699
0.992856751544392
0.06970586678626245
0.8606523355998964
0.6276503977395653
0.15779169347822253
0.7311977871064969
0.5938478737855875
0.8612674925090138
0.9802355888467642
0.4141045961738633
0.5305623880530492
0.3596778342019813
0.8578091500063605
0.24811854839683145
0.6330786351594905
0.24795280423339378
0.19907545398579893
0.15937578055287052
0.9901175622886994
0.06457011906652144
0.36408050059380054
0.9953805198145522
0.251402325618105
0.7499120209552621
0.6219853829433006
0.9001616585930224
0.9159379958977159
0.20013073825328864
0.17933797045575467
0.36967633925462484
0.06368754300294997
0.3971090875157039
0.7321026480996062
0.28366161820158764
0.11098498460018515
0.1400468540643533
0.35308799482989633
0.581527093367355
0.9808869587663805
0.08956452462066872
0.306035223188212
0.2896353721258244
0.2614741852304772
0.3840663682343186
0.12254529179793883
0.8060774717004608
0.8051777176703706
0.805254322115657
0.13412788392523034
0.8975051092843659
0.03676409823568356
0.521006331705605
0.8606523355998964
0.9500854719901649
0.7764877279678651
0.8048954418962246
0.8658934724655768
0.2778888929125567
0.7912593863658944
0.750295507451059
0.8052255374150039
0.1440799620413367
0.08949024152220926
0.7812794520878658
0.17934307741877376
0.4479340477510328
0.34155600806343034
0.9527698774607437
0.3055328837348799
0.06438858974466113
0.2894501286490411
0.3795374205751183
0.5926129172736989
0.4839474224229104
0.7508684158479276
0.7029158901761531
0.14092850158919404
0.06366618661214288
0.555481117700641
0.34075885756308727
0.06366618661214288
0.9901180265580648
0.6395013375600417
0.5619971382436318
0.5210179384397392
0.8383557993279237
0.912711323808383
0.24787387844128062
0.14897568249918056
0.08497429340523938
0.40018069363700265
0.4395228796585949
0.9125219019073114
0.6958121046166017
0.96332782709866
0.5632785216920576
0.6868772406800246
0.05906806281750221
0.6276123276516048
0.8052742856983679
0.8198788071248634
0.7623261195159342
0.7122124199483547
0.9120190981846139
0.5257242369965115
0.934772011242747
0.15809486137381018
0.11697963064586368
0.2696745750310364
0.9789189209265702
0.4379429710082352
0.9876861836222481
0.5451241966979306
0.7631548403331225
0.5252297901223907
0.2706829680926236
0.04188591787446342
0.3652592805124791
0.30123049952598097
0.7699744930410665
0.5792688871741873
0.6277534655386778
0.5815479854887967
0.14092339462617495
0.1427702581616233
0.5884651347634687
0.8495804397745137
0.9135813645990895
0.8051015774944497
0.04204423372805515
0.5897358400164908
0.3688587609022054
0.906031416179416
0.14077807831481362
0.06431755653175927
0.9635984961386717
0.20851172883697738
0.7359686191050558
0.7332693570147851
0.6161244464748491
0.8018846550617896
0.04659221643123567
0.9194636574583481
0.6857267811926337
0.4461052907208339
0.9212441304745483
0.779249666422461
0.6395389433786367
0.9419384731666235
0.12376585595950085
0.0645102283183885
0.033814594957477566
0.3640902502504733
0.9571233312998335
0.4186056876711413
0.624653074716726
0.39031450535349005
0.5257298082288959
0.14080593447673592
0.6194267944707376
0.7131553510294245
0.5208833003237815
0.8577492592582275
0.9916556866961757
0.07050765998025926
0.375529383143865
0.8495748685421292
0.13284000070568944
0.6278444623342907
0.03190505505770404
0.9057760680284616
0.03387494997497588
0.9975305512455883
0.053430904183159836
0.9527308788340525
0.6353122350762934
0.014764230088183323
0.9106443965937485
0.24818215329988738
0.4034004016858549
0.38270884460997195
0.8838365548984597
0.9928586086218535
0.9127433583945936
0.8668549743212614
0.06420195345978173
0.3538545035521249
0.40644925860825043
0.19577589160610273
0.3910192662501242
0.14107660351674758
0.9119745283255383
0.45220439737372103
0.626669396570535
0.951157469954808
0.8052422511121573
0.43237638131742934
0.8005243458212508
0.20012238140471197
0.1120727677232509
0.9123640503230851
0.5249642280453981
0.862615730746053
0.7499946609022983
0.45902126446547276
0.08950277679507429
0.7124009133106955
0.7359393701350374
0.6479440759693248
0.9119527076653657
0.019084720802331746
0.9518552668109616
0.7359690833744211
0.1136536049123413
0.8018855836005203
0.801845192165733
0.4263376296820405
0.4276631187201765
0.5633370196320944
0.798143572515625
0.8278154919258914
0.8051410403905063
0.41602202865284815
0.5815354502159317
0.838352549442366
0.4522090400673748
0.957476176017516
0.1427702581616233
0.546413936994933
0.9142889111119158
0.4586452062795217
0.5257265583433384
0.8994522550027345
0.8531455642312025
0.31435168033011407
0.9401380365677123
0.6276448265071809
0.37417650221317206
0.05355207848752183
0.804745947160575
0.24811901266619682
0.7981375370138751
0.07509278423266952
0.6341223126928459
0.7280063994889323
0.5065039495394912
0.6953404069413841
0.24073945110361472
0.6336933277992425
0.44794426167707097
0.9515358494875858
0.5584088003186745
0.20851172883697738
0.06969008162783982
0.5927559122382333
0.7780592797696481
0.2506232816230114
0.9127698217484198
0.7808504671942623
0.24072784436948041
0.8182315794165248
0.19315230542238762
0.027039047839243945
0.17775759753602963
0.15813850269415514
0.43237638131742934
0.9106471822099408
0.5208893358255313
0.7640183813527138
0.8284891467750457
0.761742532923662
0.45207208060459014
0.3971206942498382
0.04185713317381038
0.5551110950164397
0.9126806820302685
0.4137550013417385
0.5634024816126117
0.06948348176024945
0.7793726978042844
0.9122061987388587
0.11401759209479266
0.4521175790023966
0.8018818694455974
0.2918926497802613
0.046224515093861336
0.28938791655408136
0.26258378901371543
0.9334349154704766
0.47501162994760254
0.6745197829819278
0.8994606118513112
0.6278374982938101
0.9401412864532699
0.5814370251104729
0.37594258287904575
0.06434123426939323
0.2905453400819528
0.07570701260305619
0.6844918246807452
0.2407951634274593
0.07294832403401795
0.19996174420429338
0.08849345519475636
0.12371571486804071
0.3538480037810097
0.9950963869629448
0.9516352031317754
0.353794612803992
0.5344924282309201
0.9916542938880795
0.44894894058373513
0.7122894886630063
0.7612100159615808
0.4483347122133485
0.2564052922993497
0.14441609306186576
0.779249666422461
0.1407803996616405
0.8051716821686208
0.06370193535327649
0.37535853201740826
0.7579104535818846
0.3902351152920115
0.7810185327045269
0.9657935616981488
0.4521653987470298
0.3351913393335506
0.6565623081987184
0.9156515416992815
0.15447773874819978
0.712330344367159
0.7973376008973398
0.589612344365302
0.7358479090700591
0.8949590560846679
0.6393328077804117
0.7812724880473851
0.4839571720795832
0.9197742536637817
0.5637711114887168
0.8183244332895991
0.5431320168511209
0.5118402616250728
0.1580995040674639
0.6904507219852901
0.44651199068489944
0.6493949177361111
0.9875404030415215
0.4276501191779461
0.7773391979839567
0.153914580008004
0.06438023289608444
0.19652150820688957
0.1835781425696938
0.6286504339525758
0.8916711004391059
0.19442951044652498
0.6276007209174705
0.20274411051096558
0.1175817880127507
0.36403268084916723
0.9126542186764424
0.3470534216187959
0.05355764971990629
0.036762705427587444
0.6565678794311028
0.9290122854959465
0.20841748215580694
0.7694261909205626
0.06433937719193174
0.052591969439933293
0.7885081261067021
0.3470617784673725
0.4199181771670469
0.03804594595347464
0.9330867134464479
0.32766181876595346
0.20845973066805576
0.45213568550764605
0.5631610615426186
0.413749430109354
0.7119969989628222
0.03377931048570933
0.6409879280679616
0.8015132395694923
0.054231304569060536
0.9121412010277067
0.8923554334836638
0.6328395364363241
0.4667262788531804
0.21109353077780904
0.20302406493828468
0.7398638390805238
0.20841748215580694
0.6745183901738318
0.7648707799075362
0.3421674508176248
0.915648291813724
0.4091698770893282
0.06448933619694677
0.13284000070568944
0.593839981206376
0.5551152734407281
0.3079090143468519
0.4327993307092829
0.938840867960864
0.04019319176831845
0.933433986931746
0.9747729954938016
0.03378534598745916
0.1691389010372706
0.9059042063733042
0.9134081921258058
0.6493953820054765
0.5064979140377414
0.5345026421569583
0.5101786415664077
0.9820397396005983
0.9973898776278807
0.951153755799885
0.1407803996616405
0.15781072852220276
0.6957907482257947
0.14364401310725272
0.5938469452468567
0.7131474584502131
0.5308093793554269
0.1239255646211887
0.9212835933706048
0.8019779732042293
0.39698930601943805
0.557061490620366
0.9120074914504797
0.44609971948844945
0.5341739394462752
0.8578082214676297
0.29430313632527083
0.6868721337170055
0.06454597705952211
0.616737746306505
0.7912691360225672
0.4319005052179234
0.9152694480115807
0.7920096456603349
0.777791860615194
0.8994884680132336
0.04635868894045374
0.36407167947585845
0.5834895599747809
0.035344826785742474
0.7981751428324703
0.7494486801286212
0.8053244267898281
0.08899811599491532
0.804467385541352
0.45206372375601345
0.24759949524634597
0.06437698301052684
0.6069532694312979
0.0895125264517471
0.27724170141722865
0.6400162122862387
0.06418152560770539
0.9973982344764574
0.664771983386585
0.3596782984713467
0.5776912998706546
0.713081067930965
0.46347639329557894
0.06427020105649137
0.7323951377997904
0.7531052656502881
0.7531089798052112
0.035322541856204634
0.5257321295757228
0.9121272729467456
0.9330853206383518
0.608979805211145
0.2997819791060215
0.957465033552747
0.42125434440058646
0.19917805751554607
0.45281862574410775
0.9004165424746114
0.34569032676206474
0.9127619291692085
0.4521547205516263
0.711941750908343
0.9928757865883723
0.521006331705605
0.7764932992002496
0.1256196835354298
0.8933382917301556
0.9513352851217454
0.0743402035914021
0.8198811284716903
0.9519490492227667
0.9509829046734283
0.42758233585060185
0.7941192856565836
0.3639254346257664
0.5461674099619206
0.7358121603289256
0.0029583243961480497
0.9004118997809577
0.43918906998489265
0.9747706741469747
0.23507907900100375
0.12924098458532854
0.3487874676984589
0.2884575207458766
0.8440454204005531
0.6476980132056779
0.924554371049648
0.31935093285643584
0.011162892620995561
0.8049915456548565
0.7320933627122987
0.727974829172087
0.6276954318680064
0.7315483104773525
0.15390668742879268
0.6194388654742372
0.038062659650628015
0.21109445931653978
0.24421961426644048
0.43181461538532967
0.627606292149855
0.8053615683390578
0.07363265707857573
0.06644251741706524
0.7303741732523276
0.6154563628580794
0.3194911422047781
0.912327837312586
0.8578077571982644
0.2619249907842531
0.1409405725926937
0.530190972560752
0.7694373333853315
0.9501407200446441
0.9374206679721921
0.9121834495399554
0.7124018418494263
0.7694726178570997
0.987724717979574
0.6827902774566581
0.8123929278776112
0.8904217515768909
0.9971786350666366
0.8531446356924717
0.6868670267539865
0.5208559084312245
0.6276977532148332
0.8668424390483964
0.8656850155205249
0.4839362799581415
0.6906712499338417
0.9347734040508431
0.000972180051088201
0.6131001958288184
0.08594090222394311
0.8122174340575007
0.7923991676578818
0.11821458715775222
0.6201041634748148
0.8800755087695841
0.06366618661214288
0.1555200234734591
0.7123331299833513
0.4142786971858777
0.07276865178961912
0.9124661895834668
0.9121662715734368
0.2637732471277976
0.3542435612803063
0.7780504586517061
0.899332937775834
0.8211764400010771
0.06370564950819946
0.8927458840199413
0.07078482879138613
0.023894551427581873
0.26426444411636074
0.07572279776147883
0.2904492363233209
0.6844918246807452
0.41443794157820013
0.03182520072686012
0.035328113088589096
0.4319153618376153
0.5632399873347317
0.8053188555574435
0.546062949354712
0.0659717482805784
0.9139342093167719
0.5925089209358556
0.7007477522398675
0.728002221064644
0.3097386999157815
0.9517647342847141
0.779249666422461
0.24508733371032007
0.6581775013208463
0.6985234377103721
0.6277711077745619
0.17948096542028913
0.30595536885736807
0.5104465249902271
0.31962856593692807
0.30666848660257895
0.9123547649357776
0.804948368603877
0.4839701716218136
0.5878411567364092
0.02048727855511945
0.8666135542512682
0.27066718293420094
0.3471179550605825
0.08496268667110508
0.5209594404997024
0.18191791531912482
0.17925440196998776
0.827822455966372
0.965771276768611
0.44889740668417893
0.06378271822285116
0.8606523355998964
0.3351588404779746
0.14092200181807885
0.9940777799753194
0.07573719011180535
0.9119123162305784
0.07088696805176789
0.2480294086786801
0.9125033311326965
0.5633119490863643
0.9592617559967352
0.06378271822285116
0.5302030435642516
0.11411601720025145
0.8122243980979813
0.3128195914243877
0.007598696703037529
0.45166259502433237
0.7213348487085419
0.934432166067295
0.9303484527294861
0.7985200949709413
0.08498125744571995
0.38422607689600646
0.556439369670768
0.9708378483529115
0.5065689472506433
0.8995288594480209
0.951363605553033
0.9126918244950374
0.951036295650446
0.3632661721269387
0.6582299637591333
0.9401482504937505
0.5301677590924834
0.29978615753030985
0.5570554551186162
0.7120062843501297
0.8961304076935005
0.9401329296046932
0.9809008868473418
0.3902351152920115
0.5222923578476844
0.6530078619374332
0.8083454275503013
0.9889025693595218
0.9124360120747177
0.5632112026340786
0.6349514977793996
0.11570149708299558
0.6839634861429522
0.06966408254337901
0.8005243458212508
0.33503998752043945
0.9510297958793308
0.39709376662664664
0.3514867297887296
0.433334169018191
0.9707983854568549
0.6907371761837244
0.6277492871143895
0.041000556194699715
0.6277270021848517
0.36404893027695523
0.5632483441833084
0.6839713787221635
0.8434065857538017
0.9513273925425341
0.2619319548247337
0.7303634950569241
0.9121449151826296
0.15936742370429385
0.731550167554814
0.20450461994445482
0.811518244393251
0.8897513466132942
0.6754822133763433
0.6409702858320775
0.9122897672246256
0.11351153848653758
0.19443508167890944
0.9126509687908847
0.03531557781572406
0.11510073252420468
0.7761093484350873
0.5550191696820962
0.8495665116935525
0.3530907804460886
0.9365116285547944
0.6275997923787398
0.5564481907887101
0.9602478641287846
0.05357343487832893
0.9121170590207074
0.8083658554023776
0.3941261568431912
0.5554727608520643
0.3815672062405231
0.07294553841782571
0.5699250019267179
0.3475404401830707
0.8959744131867357
0.9118241050511579
0.3471574179566391
0.03900466219296706
0.13284464339934315
0.5897376970939523
0.1409424296701552
0.15933306777125633
0.5905394902879492
0.14408553327372114
0.9122558755609534
0.686868883831448
0.10353253274723968
0.3066777719898864
0.2046030450499136
0.95127864425917
0.3640577513948973
0.5104692741891304
0.9508840152986041
0.19931269563150383
0.4001700154415991
0.7129445727375457
0.06447633665471637
0.15783672760666356
0.7780434946112255
0.908556112988307
0.9514402099983194
0.31129493082850723
0.6339398548322548
0.8527086867583877
0.42758465719742866
0.6245314361429987
0.37707725720801405
0.7359481912529795
0.5952439317672599
0.5293543591643523
0.9117874277712935
0.8032681777705971
0.4093212289024394
0.0367682766599719
0.9519318712562479
0.16917093562348126
0.07294971684211406
0.09078926720651909
0.9122034131226665
0.8449122113057019
0.7272853891645101
0.5554662610809491
0.912537687065734
0.9152629482404655
0.23498901074412165
0.2884937337563756
0.997538908094165
0.5554839033168332
0.4254174477998739
0.7726050432652621
0.9101285933288207
0.749863272671898
0.8838179841238448
0.9121407367583413
0.06422516692805032
0.13976179267401512
0.7398364471879669
0.5619985310517279
0.8610534643315775
0.9973968416683613
0.27069039640246956
0.9124452974620251
0.04621383689845779
0.9508905150697193
0.17463538605390538
0.8937013503738761
0.9290554625469261
0.8527161150682336
0.06417409729785944
0.048751068980213766
0.1581273602293862
0.4323828810885445
0.11049564468908345
0.06700521188789567
0.20303892155797656
0.739857803578774
0.3644723439381742
0.3842181843167951
0.6746864556840962
0.4318090441529452
0.1581222532663671
0.10701269591006546
0.08950974083555487
0.5101786415664077
0.2778888929125567
0.9765534685100018
0.03771538616533004
0.6423547370796157
0.43794111393077373
0.07509417704076564
0.9159366030896198
0.7096974727961365
0.8801762552218697
0.8053174627493475
0.45210782934572374
0.36023449317106193
0.912234054900781
0.6158830264048559
0.3770071525338429
0.8655981971492004
0.6337611111265867
0.9290234279607154
0.748206759576252
0.11697963064586368
0.1693208946284963
0.39215301204036174
0.5681742421499014
0.9057746752203655
0.2614746494998426
0.0029587886655134217
0.3351685901346474
0.5632664506885579
0.25572420914034955
0.4579218746082727
0.9571242598385643
0.8476161160896263
0.6335939741550529
0.9134128348194596
0.23181015839942207
0.36471794243245576
0.31988252127978634
0.08957752416289912
0.8838049845816144
0.4165842588543132
0.9574775688256121
0.14103899769815248
0.9517173788094462
0.9500799007577805
0.8626166592847837
0.6519483992456552
0.7920147526233541
0.8669088295676445
0.14112442326138086
0.06645180280437267
0.08495618689998988
0.7130262841458511
0.029065583619091128
0.251353577334741
0.9123691572861041
0.9708253130800465
0.5065025567313951
0.7980307550598397
0.02661702698612113
0.31810669095723987
0.24810369177713956
0.07365819189367118
0.08577794367669767
0.8611825312151508
0.04377688699962209
0.5643166279930285
0.29505710977463434
0.7760838136199918
0.16397622569433806
0.7817497569549873
0.33177942376743447
0.953509922829146
0.1606826988163917
0.24524379248645028
0.13204888570709616
0.3605566961106298
0.18357907110842453
0.4337914743430821
0.5310995477087842
0.1104882163792375
0.9928753223190069
0.6754873203393623
0.9940801013221463
0.9640924787434271
0.27071453840946885
0.9517582345135989
0.1489733611523537
0.9876425423019032
0.6647738404640465
0.3035499892753777
0.9513236783876111
0.8448950333391831
0.30596140435911795
0.9119601359752117
0.7498043104624958
0.8005243458212508
0.7819948911799034
0.08854034640065889
0.5491322341291839
0.7847990781467481
0.09822407682358043
0.9119708141706153
0.6307837516864585
0.8611481752821133
0.15026031583316388
0.8801595415247163
0.9076178246008908
0.631040492645509
0.08504811223433346
0.5208921214417235
0.2583770442940831
0.17651985540794884
0.7694415118096198
0.6746725276031351
0.4673911125843926
0.1427702581616233
0.26193891886521425
0.3193746105940698
0.2479690536611818
0.6754928915717467
0.7726008648409738
0.39099187435756727
0.14397271581793583
0.9928637155848726
0.7764932992002496
0.1651912186235156
0.5896128086346674
0.8448903906455294
0.7272853891645101
0.7502973645285206
0.8610372149037895
0.4137559298804692
0.14082125536579318
0.749147369310495
0.9974042699782072
0.39711837290301133
0.9760854849897072
0.6868507773261985
0.9765460402001558
0.48434855115459147
0.11208530299611592
0.437940185392043
0.7323923521835981
0.052436903471899166
0.40637218989359875
0.11364292671693775
0.9194738713843863
0.3447933583481667
0.6473939167713594
0.6275292234352033
0.9209962106334398
0.753107586997115
0.2513619341833177
0.8495929750473787
0.11543639927536838
0.6278802110754242
0.20841748215580694
0.7980038274366481
0.8030216507375847
0.592279571869362
0.28819985124809533
0.1175390752311365
0.1530157545166445
0.3100024049153126
0.3186754209298201
0.9855407948848658
0.46794405739855016
0.7202647078213603
0.6958854591763304
0.5356911717323097
0.9119308870051933
0.7004975110519323
0.6643917467763457
0.9558113060732932
0.5878355855040247
0.9194673716132711
0.40324115729353244
0.1139925215490626
0.9737650667015797
0.08505693335227553
0.17896887631028421
0.45216400593893374
0.03532718454985835
0.8046470577857509
0.6844918246807452
0.6857263169232684
0.9927281489301841
0.1595809876123648
0.416489083634412
0.8018906905635395
0.4522099686061055
0.9501407200446441
0.0859525089580774
0.2610363792189318
0.9424997748293578
0.3507007217531554
0.9558990529833485
0.8113970700888891
0.06379246787952396
0.915939388705812
0.7635169704381124
0.06418663257072448
0.9221123141877933
0.7640230240463675
0.8256905310405855
0.6699300160358639
0.8050087236213753
0.9518575881577884
0.8800936152748335
0.7808421103456857
0.06432498484160522
0.8047798388242471
0.5632362731798087
0.6565599868518915
0.017396637389840486
0.8243975408580255
0.9512753943736124
0.9222437024181934
0.5455884660633022
0.33012476774925
0.6857328166943836
0.08505461200544867
0.9355250561533798
0.3180960127618363
0.39010372706161134
0.17450353355413983
0.9118584609841953
0.8390275970996164
0.06428041498252954
0.35385403928275955
0.9387814414820964
0.5317653099787272
0.9518274106490393
0.16311082759728532
0.9202213450626345
0.9657968115837063
0.2706602188937204
0.9122368405169732
0.7303616379794626
0.7098126115987488
0.017179359326846562
0.7279864359062213
0.46976817173509533
0.8053244267898281
0.16522557455655312
0.7914701646577731
0.7623279765933957
0.5633736969119587
0.06427902217443343
0.3351045209622261
0.029065119349725756
0.9292017073970181
0.08952552599397749
0.9127289660442671
0.9500836149127034
0.7812878089364425
0.3640953572134924
0.8051368619662179
0.6337495043924525
0.36055901745745667
0.9527355215277062
0.6565734506634874
0.912449011616948
0.1639655474989345
0.7893489179273901
0.9127781785969965
0.9124123343370837
0.5308084508166963
0.8014900261012238
0.5834895599747809
0.24013868654482382
0.5100026834769319
0.021825767135485872
0.6140621619538683
0.9940787085140502
0.677203259913776
0.03677245508426025
0.6868758478719285
0.8897597034618709
0.07157872940617163
0.08898604499141566
0.24493644616657428
0.7315436677836987
0.9123060166524136
0.24803544418042994
0.8249068443518381
0.5952471816528175
0.508783512123466
0.25062606723920366
0.18359671334430866
0.28945616415079095
0.8269867711087031
0.15901875741089974
0.3196332086305818
0.9124666538528322
0.1402172409214447
0.2894575569588871
0.735768983277946
0.2797445775659471
0.0368713444590844
0.14404467756956843
0.11206951783769328
0.7130146774117169
0.1946732518633451
0.41920830930739367
0.6839760214158173
0.5927559122382333
0.8994545763495614
0.14956809020939477
0.03869778014245641
0.25551343084847083
0.9516602736775055
0.8048439079966684
0.7645634335876601
0.9118227122430618
0.6839704501834328
0.6957995693437367
0.8445779373626343
0.157809799983472
0.11912269803641914
0.912137951142149
0.5905329905168339
0.7884941980257409
0.2706662543954702
0.6161258392829453
0.7359463341755179
0.3542625963242866
0.7196820497678189
0.31018022008224994
0.98346597509102
0.3294070073103854
0.5962708956034619
0.6493865608875344
0.14328791850401268
0.8122220767511544
0.7499784114745102
0.42125805855550946
0.06438812547529577
0.6275292234352033
0.8047742675918627
0.42851923142992177
0.5643166279930285
0.9977329726888903
0.9292044930132103
0.8051141127673147
0.88379941334923
0.10330550502757296
0.980888815843842
0.00029898947129933213
0.053439261031736525
0.7497151707443445
0.36408328620999275
0.45323878951976904
0.075733011687517
0.3276632115740496
0.3194920707435088
0.9516714161422745
0.5834895599747809
0.09857367165570527
0.7631562331412187
0.2903563824502466
0.7356923788326597
0.960235793125285
0.6772125453010833
0.9955239790484521
0.8222809368212962
0.17933332776210095
0.9510455810377535
0.3638595083758836
0.11349993175240329
0.3753506394381969
0.5778965069301488
0.556855355022141
0.3816818807737699
0.7691815209650117
0.37707725720801405
0.2481394405182732
0.7635104706669972
0.4520289035536106
0.06427670082760657
0.7924437375169574
0.6131104097548565
0.6279015674662314
0.35309728021720377
0.7810166756270654
0.8993301521596418
0.4242586314639063
0.1175882877838659
0.9334497720901686
0.627647612123373
0.9212859147174317
0.14116527896553357
0.433609016482491
0.9330867134464479
0.6754961414573044
0.6518304748268507
0.27071221706264204
0.9602385787414772
0.9091113791492914
0.978903600037513
0.3816721311170971
0.43366287172887413
0.3941256925738258
0.9123283015819514
0.460955410641611
0.1441259247085085
0.42770304588559843
0.08845724218425736
0.6745095690558897
0.5493267629932745
0.956826663175361
0.5779141491660329
0.8049697249946841
0.684586535631281
0.8800824728100646
0.0425098959015229
0.11408955384642526
0.9174064799003864
0.8241380142827828
0.624640539443861
0.9139198169664454
0.580872473562181
0.8122267194448082
0.13414784750794131
0.11542525681059945
0.17585409313800593
0.16463223830760818
0.8051285051176412
0.9515265641002785
0.5397544572180423
0.912758679283651
0.44452723914793574
0.8651812832590967
0.08970241262218409
0.20866958042120373
0.1965294007861009
0.42542209049352764
0.912007955719845
0.7357118781460052
0.375529383143865
0.9135739362892435
0.9139216740439069
0.4332162445993866
0.9511407562576546
0.5497664260822815
0.4336192304085292
0.7357281275737932
0.06422423838931958
0.99322909557542
0.7007352169670025
0.6979630645863685
0.9122117699712432
0.9001570158993687
0.0644726224997934
0.7398369114573322
0.5564523692129985
0.9777582475131411
0.46345550117413725
0.8018396209333486
0.5637093636631224
0.9121073093640345
0.808975905348476
0.5208559084312245
0.9334493078208032
0.0708818610887488
0.08497382913587401
0.7499148065714543
0.6579077608195655
0.6907371761837244
0.15901086483168841
0.33030119010809117
0.8923563620223945
0.8009575091391424
0.8612187442256498
0.7634909713536516
0.36054137522157254
0.2110991020101935
0.806604881699523
0.8880878694771677
0.7202647078213603
0.397097945050935
0.1756990271699718
0.9518905512827298
0.08951577633730469
0.17896794777155348
0.9655447133183096
0.5208986212128387
0.42771465261973274
0.9121537363005717
0.6957977122662752
0.7756576143425806
0.5455935730263213
0.17046439007540662
0.3456698989099884
0.35150344348588297
0.5445252892166011
0.4609530892947841
0.0643351987676434
0.9705091456422285
0.9197742536637817
0.9789221708121278
0.06366618661214288
0.5230012971686069
0.8041553965278223
0.791201352695223
0.780264094985798
0.10698669682560465
0.9938916079598055
0.6354101959123868
0.07351658973723282
0.9125232947154075
0.9928326095373927
0.1175831808208468
0.15847695506151105
0.07294646695655646
0.9214683725780228
0.25719083606555854
0.3247424929964966
0.06456361929540624
0.01654191748819131
0.2627411763285764
0.3099912624505437
0.2894854131208094
0.04622590790195745
0.43816860591980583
0.7626274303340603
0.9514624949278572
0.2896664781733043
0.7315585244033906
0.779249666422461
0.14093128720538628
0.7312103223793619
0.7123349870608128
0.9518144111068089
0.775678042194657
0.06432730618843208
0.10701455298752693
0.2997815148366561
0.03688852242560316
0.9127294303136325
0.21083353993320092
0.1581078609160406
0.520950155112395
0.06051379762126948
0.4358830078340813
0.7531535496642868
0.9519462636065744
0.7357169851090244
0.5436492129241449
0.6276411123522578
0.8044687783494481
0.24423029246184402
0.08578351490908213
0.1117649571340095
0.11400923524621598
0.911810641239562
0.303550453544743
0.7808467530393394
0.1205605402609751
0.190376903156196
0.12983014240998514
0.8301925510765942
0.825547536076051
0.48395810061831396
0.3460557067526122
0.38546521183218335
0.8018693341727323
0.2904538790169746
0.3581216032892556
0.9122962669957408
0.5455425033961304
0.11646614872776266
0.07365540627747895
0.43181647246279115
0.05226698088417315
0.1581097179935021
0.5455698952886874
0.7884946622951063
0.4381648917648828
0.7329030484855069
0.6278365697550793
0.5270204770646291
0.13411766999919217
0.8047993381375927
0.9123965491786611
0.9425531658063755
0.2633191916884641
0.9943698054061382
0.883800806157326
0.404516040970843
0.9513719624016097
0.6755035697671503
0.5576659693340799
0.8661933904756068
0.709524300322853
0.2776841501224278
0.7635188275155739
0.8449163897299902
0.5455671096724951
0.03726225926472732
0.06371539916487226
0.913405870778979
0.20377061007780226
0.06378271822285116
0.7924070602370931
0.4423637439053039
0.9205871893225475
0.9121077736333999
0.25064417374445314
0.8216133174738918
0.9152703765503115
0.9644759652392241
0.9737664595096759
0.07088882512922938
0.5768769714037927
0.9159426385913696
0.04300619985310517
0.09857831434935899
0.7802719875650094
0.3902351152920115
0.3196545650213889
0.8897555250375826
0.9574343917746325
0.5455954301037828
0.4001825507144641
0.5632409158734625
0.9425503801901833
0.9644597158114361
0.3066638439089252
0.8082925008426489
0.416489083634412
0.26275649721763367
0.8443922296164856
0.627622541577643
0.9876898977771711
0.06438673266719964
0.938784691367654
0.05942555022883837
0.8936832438686266
0.660703126668468
0.13161897227476205
0.8389635279271951
0.7312270360765153
0.73155759586466
0.5304802123753785
0.45209668688095483
0.16933157282389985
0.6847652793369491
0.24800712374914227
0.18703555653361637
0.9881639167992156
0.8005243458212508
0.7530927303774232
0.13413438369634556
0.0038223296851046602
0.911874246142618
0.15154866332207015
0.43794436381633134
0.8052566434624838
0.07086607593032616
0.1441059611257975
0.8833054307444745
0.4081898044590287
0.199512795727979
0.847734504777796
0.9126486474440578
0.7645903612108517
0.1759432328561573
0.7831453506672944
0.16598790485449333
0.16311036332791995
0.27361204351875323
0.8047208766148449
0.8005243458212508
0.2555064668079903
0.036875058614007375
0.9916538296187142
0.3640289666942443
0.7499997678653173
0.15837481580112928
0.18356607156619414
0.3960064477729463
0.8082962149975719
0.31936996790041605
0.11202773359480984
0.8838254124336907
0.40880913979243444
0.8838096272752681
0.5455912516794944
0.28939859474948487
0.7312284288846114
0.1136471051412261
0.041884989335732675
0.9518603737739807
0.6958469248190046
0.04184599070904146
0.43256394614103943
0.45165330963702494
0.04457125188377295
0.617790709227168
0.24510869010112715
0.43816953445853657
0.9159528525174078
0.05243365358634157
0.4423637439053039
0.2108372540881239
0.9518353032282506
0.3818926590656486
0.7531154795763263
0.290336883136901
0.360526982871246
0.9515093861337597
0.9126091845480013
0.9644731796230318
0.3351685901346474
0.06446101576565912
0.8278489193201982
0.9980305693520936
0.10701083883260397
0.8048443722660338
0.5708047923740971
0.6495448767411262
0.05602152724193355
0.3921432623836889
0.9644685369293782
0.9875297248461179
0.9848773539617498
0.6857356023105757
0.7502885434105785
0.7780574226921866
0.458967873488455
0.9118422115564073
0.6845948924798577
0.25063349554904957
0.6395575141532516
0.45205397409934067
0.627646219315277
0.14113602999551517
0.4520646522947442
0.5087482276516977
0.4667327786242956
0.3099847626794285
0.345669434640623
0.2667069652475809
0.7535876415209093
0.7981653931757975
0.7315784879861016
0.3100130831107162
0.34752372648591734
0.2776841501224278
0.06453529886411857
0.7581639446553775
0.5361159782016247
0.6335744748417074
0.6644846006494199
0.6395486930353096
0.8993250451966227
0.13994285772651005
0.2997894074158674
0.3909979098593171
0.6273165880658631
0.7312075367631697
0.9205806895514322
0.4140980964027481
0.20339965885487032
0.7745879377247644
0.17793773404979382
0.8030193293907579
0.14402099983193448
0.40932030036370864
0.9101207007496093
0.3196327443612164
0.14897893238473817
0.30123328514217323
0.158084647447772
0.8495836896600713
0.522628024598848
0.3317919590402995
0.9290285349237345
0.6479491829323439
0.14112303045328475
0.6238276037850953
0.8182311151471595
0.2707400732245643
0.21109863774082813
0.34717598873125394
0.27066532585673947
0.17164270572471985
0.9955198006241638
0.9120450972690748
0.5065034852701259
0.6848590617487541
0.1580605054407727
0.6279034245436929
0.7198366514664877
0.014800907368047683
0.5301863298670982
0.7129482868924687
0.13414738323857595
0.7202647078213603
0.5640459589530169
0.5255891346111883
0.16793551484222735
0.07364426381271003
0.15812503888255935
0.5226178106728099
0.3194544649249137
0.7208510800298247
0.634935712620977
0.6488336160733769
0.8229805907549113
0.7892221723906436
0.0894944199464976
0.2506492807074722
0.9220519591702949
0.11403105590638844
0.36053673252791885
0.437940185392043
0.9901263834066415
0.06430966395254796
0.3033146047071342
0.6337508972005486
0.8477266121985847
0.28943991472300296
0.25844761323761956
0.7119487149488236
0.805404281120672
0.7810055331622965
0.751854523979977
0.5305043543823779
0.07052158806122041
0.6335698321480536
0.2513948973082591
0.527019084256533
0.8669023297965293
0.14102692669465283
0.3640512516237821
0.8053072488233093
0.013948508813225362
0.8907420974389973
0.17449749805239
0.5633384124401905
0.05258871955437569
0.06368522165612311
0.8801651127571007
0.9981800640877432
0.1441287103247007
0.6857244598458069
0.9633375767553328
0.5304625701394944
0.04875199751894451
0.6252844810536314
0.5341850819110441
0.7980075415915711
0.31963135155312034
0.7120155697374371
0.34709056316802556
0.8050816139117387
0.7981630718289706
0.9657768480009954
0.34384114187978954
0.6161151610875417
0.3196545650213889
0.43238241681917916
0.9125836497329058
0.9663952547956705
0.8278229202357374
0.08899068768506938
0.9514601735810303
0.14104596173863307
0.9296539057588901
0.9378496528657955
0.36051351905965023
0.42776247236436604
0.6349310699273233
0.8933187924168099
0.9122711964500108
0.06420706042280083
0.7486106739241254
0.9514689946989724
0.9576437772584151
0.18355725044825208
0.6393309507029502
0.9519063364411524
0.4275841929280633
0.4091661629344052
0.8049539398362615
0.7279762219801831
0.04658293104392824
0.8611806741376893
0.4818716740903338
0.7694405832708892
0.7920272878962191
0.9106495035567677
0.7694415118096198
0.4695346442443134
0.633686363758762
0.9449743305467886
0.7764956205470764
0.5604627279910785
0.5491317698598185
0.11409744642563659
0.1397492574011501
0.06496474802708734
0.28370525952193254
0.11207230345388551
0.7120160340068025
0.938833439651018
0.5257353794612803
0.9981847067813969
0.28944223606982983
0.9120502042320938
0.12377560561617366
0.6868530986730254
0.9518269463796739
0.5904387438356635
0.9119968132550761
0.2918791859686655
0.6488317589959154
0.17570924109600997
0.6746915626471154
0.8800759730389495
0.9509940471381972
0.5613290546268621
0.822269330087162
0.5568534979446795
0.26192406224552234
0.08677194438795834
0.3941340494224025
0.37909822175547675
0.7308871909010632
0.12208380804875943
0.4579218746082727
0.8048791924684366
0.7321072907932599
0.8261097662775161
0.6239436711264382
0.8578230780873216
0.8017783373771195
0.7007440380849446
0.9385493067994105
0.5255714923753042
0.37377908763641393
0.8229824478323727
0.9574627122059202
0.9943841977564647
0.15937763763033203
0.4053373334781854
0.988165773876677
0.921200024884838
0.16793551484222735
0.2501525124865246
0.5311283324094372
0.013949901621321478
0.8440537772491298
0.11049239480352585
0.7315603814808521
0.635404160410637
0.08898883060760789
0.9209386412321338
0.5357064926213669
0.9125868996184634
0.5769637897751172
0.8754820276685971
0.7612100159615808
0.534494749577747
0.2584049004560054
0.5414615756745137
0.713072246813023
0.3060431157674233
0.5756164800768088
0.06452879909300337
0.3522838802890727
0.25132386409535723
0.9121922706578975
0.8044297797227569
0.9118087841621005
0.4634095385069654
0.7694712250490037
0.7272853891645101
0.02703394087622486
0.6473874170002442
0.8017193751677173
0.4520818302612629
0.5613332330511505
0.9118403544789458
0.19935540841311802
0.9574223207711329
0.3960078405810424
0.761737425960643
0.8124059274198415
0.808355177206974
0.9159277819716777
0.44720003788438023
0.9640934072821579
0.31368591806017115
0.9091076649943685
0.42063918749146906
0.3606634780646653
0.9060374516811658
0.9877651094143614
0.19576939183498754
0.7764793711192884
0.4524281752078302
0.02048727855511945
0.2893577390453322
0.4053387262862815
0.43362990860393275
0.3687426935608625
0.34707199239341074
0.6336858994893966
0.8284250776026244
0.11403477006131141
0.3795327778814646
0.007583375813980265
0.16622328942273676
0.37611436254423325
0.4392526748879486
0.9535071372129539
0.8668925801398565
0.0645510840225412
0.7728538916451013
0.7506112106195117
0.7810538171762952
0.7321045051770677
0.2778888929125567
0.595249038730279
0.7881097829912133
0.6840781606761991
0.9513106788453807
0.9127182878488637
0.2513442919474336
0.035328577357954465
0.8222665444709697
0.7848088278034209
0.06644205314769987
0.37416582401776854
0.33030211864682196
0.7303876370639234
0.5884623491472765
0.9126816105689992
0.6979639931250993
0.6839741643383558
0.31031764381439997
0.6337977884064511
0.7895782669938837
0.7981263945491063
0.46953557278304414
0.9120065629117489
0.20842351765755676
0.7881046760281941
0.6353006283421591
0.610292758976416
0.920574189780317
0.5301645092069258
0.8495651188854564
0.24510033325255046
0.33495316914911494
0.13975668571099603
0.5910204733504741
0.5568618547932562
0.14078411381656347
0.262574503626408
0.3605492678007839
0.9633385052940636
0.5305628523224146
0.2895114122052702
0.520890264364262
0.9125567221097143
0.4281705651365277
0.9571103317576031
0.24789105640779935
0.9513134644615729
0.7810268895531036
0.15853545300154787
0.7723854438554414
0.03306526420176775
0.3920875500598443
0.6395598355000784
0.9558164130363124
0.8495614047305334
0.2896664781733043
0.5118411901638035
0.8526933658693304
0.03900141230740946
0.951953227647055
0.5768755785956966
0.05475082198891139
0.7812799163572312
0.9134067993177097
0.711941750908343
0.3408266408904315
0.7808448959618779
0.0535771490332519
0.9901365973326797
0.36107157083682695
0.6275937568769899
0.4233667700130274
0.31955567564656473
0.11174220793510628
0.2625712537408504
0.29045434328634
0.6012436847759576
0.43917467763456614
0.2894115942917153
0.8933243636491943
0.06937020003509876
0.13994750042016377
0.8659881834161126
0.8443769087274284
0.16619079056716074
0.7645652906651216
0.8933173996087138
0.7398916952424461
0.39209219275349805
0.26478628288303846
0.3902351152920115
0.6245281862574411
0.24014750766276588
0.951719700156273
0.1341418120061915
0.7756668997298881
0.5634623723607447
0.03535829059733825
0.9118134268557543
0.9122883744165294
0.06445312318644779
0.03540611034197153
0.6335958312325145
0.2904752354077817
0.8801548988310626
0.7912631005208174
0.906056486725146
0.8914886425785149
0.1580670052118879
0.2614741852304772
0.40281449374675593
0.9127647147854008
0.3641013927152422
0.00029898947129933213
0.9194571576872329
0.6286374344103454
0.7906247301434314
0.8661994259773567
0.9558331267334658
0.06404503041428612
0.2513141144386844
0.9875469028126367
0.15413603649528626
0.6337648252815097
0.29133738361927686
0.3021084328958987
0.9119814923660188
0.08958495247274506
0.47373396065409984
0.3845046385152294
0.900407257087304
0.05421598368000327
0.3572441341887032
0.9789175281184741
0.6400310689059306
0.19574942825227654
0.6278588546846172
0.11410766035167476
0.04250896736279215
0.9928683582785264
0.3096119543790351
0.9121736998832827
0.9663432566267488
0.9424960606744348
0.9085765408403833
0.458967873488455
0.05344018957046727
0.6276726826691031
0.0461957303932083
0.912503795402062
0.7653201926532158
0.5938316243577993
0.805311891516963
0.6519446850907321
0.7981774641792971
0.9896449360747511
0.5815475212194313
0.17796001897933167
0.19653032932483164
0.6477068343236199
0.5633853036460931
0.7098163257536717
0.5632065599404249
0.0011959578851973285
0.08900554430476126
0.5436492129241449
0.364717013893725
0.8048420509192069
0.346032957553709
0.37613107624138664
0.9121523434924755
0.3064122099128938
0.04875199751894451
0.7486246020050865
0.8049743676883379
0.6278388911019062
0.46808333820816167
0.8669162578774905
0.9529356216241813
0.5317667027868233
0.2893586675840629
0.9902740210648296
0.3921497621548041
0.37603915090704304
0.9657842763108413
0.10330782637439982
0.7999170814913447
0.7645759688605251
0.7626316087583487
0.9085797907259409
0.7756696853460803
0.416489083634412
0.9126351836324621
0.2511571913931888
0.18378056401299583
0.9118013558522546
0.6746725276031351
0.5776755147122319
0.08950045544824743
0.30821264651180497
0.19652893651673553
0.4522791447415459
0.8053741036119229
0.20339733750804348
0.6415144095282931
0.2776841501224278
0.06456454783413698
0.7999203313769022
0.28960658742517137
0.34708499193564113
0.9125994348913284
0.9119002452270788
0.25022308143006106
0.7531140867682302
0.31583827083803406
0.911911851961213
0.5065684829812779
0.4001240527744273
0.12372035756169443
0.42230545024378785
0.06724338207233131
0.8297793513414135
0.8239485923817111
0.3158391993767648
0.4265883351393412
0.37900118945811406
0.1154229354637726
0.10698669682560465
0.42064150883829593
0.06371261354868003
0.9517619486685219
0.4465115264155341
0.351487194058095
0.9156524702380123
0.4667248860450843
0.7881028189507326
0.44887187186908345
0.91273871570094
0.6158769909031061
0.912718752118229
0.5493513692696393
0.0462152297065539
0.6246544675248221
0.3079916542938881
0.4395228796585949
0.34083081931471987
0.7303704590974046
0.9514527452711844
0.3900907275193809
0.08677983696716966
0.17570970536537533
0.9123858709832575
0.14082171963515855
0.9425568799612986
0.8659900404935741
0.9902735567954642
0.9245534425109173
0.9121690571896289
0.34721034466429146
0.6479436116999594
0.8017579095250431
0.1235982547186017
0.9738936693157877
0.37680844524546386
0.14081382705594725
0.6365950113328153
0.20377710984891748
0.16615132767110416
0.9125873638878288
0.9085640055675183
0.11049564468908345
0.5997459518032686
0.2707368233390067
0.7634909713536516
0.5209905465471824
0.951286072569016
0.39700880533278365
0.5208856216706084
0.7812864161283464
0.9125683288438485
0.6276123276516048
0.40324255010162857
0.9574571409735357
0.4144746188580645
0.5361210851646439
0.0645297276317341
0.13410838461188473
0.303554167699666
0.9119944919082492
0.577680621675251
0.06448840765821603
0.6565818075120641
0.31368313244397894
0.2751362398452683
0.9159417100526389
0.05226465953734629
0.046204551511150355
0.7280142920681436
0.17570274132489477
0.982019311748522
0.5991437944363817
0.25015994079637055
0.42865247673778345
0.08950231252570892
0.2997819791060215
0.24959585351744398
0.8675388430964538
0.6868456703631793
0.6246307897871882
0.6277140026426212
0.8115173158545202
0.31212504445379174
0.5209000140209349
0.6104877521098722
0.6158774551724714
0.6338135735648738
0.3470654926222955
0.7764979418939033
0.08596179434538484
0.9135692935955898
0.5065471265904707
0.4138213918609866
0.7945561631293984
0.05601734881764521
0.9513018577274386
0.42869983221305136
0.40915641327773244
0.5501995894001732
0.7691750211938966
0.3770136523049581
0.8047204123454795
0.7279915428692404
0.4680898379792769
0.7912598506352597
0.7579030252720387
0.7765030488569225
0.6365950113328153
0.7130643542338116
0.9057830320689422
0.5554843675861986
0.11758735924513515
0.3066754506430595
0.5209130135631652
0.6607049837459296
0.3511543129231235
0.5361141211241632
0.6400306046365652
0.9880979905493328
0.04390131118954168
0.9425113815634921
0.5632966281973071
0.7531131582294995
0.9212074531946839
0.624636825288938
0.06432777045779745
0.50652112750601
0.7817372216821222
0.5304890334933205
0.364062394088551
0.06453251324792635
0.25133268521329927
0.8659905047629394
0.11753350399875205
0.2407459508747299
0.4489433693513507
0.9519156218284599
0.034423716364845154
0.849584618198802
0.7819962839879996
0.7985642005606517
0.014801371637413054
0.25840304337854386
0.9001625871317531
0.3194600361572982
0.7802571309453175
0.8951777269557579
0.758162087577916
0.042046090805516634
0.4222896650853652
0.7129682504751796
0.26763457543959346
0.9896356506874436
0.0524299394314186
0.7645611122408332
0.6645718832901099
0.942490025172685
0.9117990345054278
0.5982124700894461
0.6276819680564106
0.7920365732835265
0.9511820762311727
0.1757008842474333
0.8017096255110445
0.7497212062460943
0.14397271581793583
0.0664448387638921
0.07571954787592122
0.4389694705750719
0.804767303551382
0.8188444149788154
0.12373010721836723
0.306414995529086
0.6868410276695256
0.2627411763285764
0.5341767250624675
0.4318169367321565
0.14106592532134404
0.43817510569092105
0.7119877135755148
0.4680926235954691
0.9091090578024645
0.7889050764140948
0.3538554320908557
0.24805633630187165
0.2030171008978041
0.11099148437130035
0.82610837346942
0.6047735247608781
0.5884688489183917
0.6307786447234394
0.31153217247421217
0.849592046508648
0.3902351152920115
0.9388306540348258
0.5304936761869743
0.7881172113010592
0.447933119212302
0.5301830799815407
0.19931130282340773
0.08505043358116032
0.5455327537394576
0.13162175789095426
0.3187199907888958
0.15782697794999076
0.9347641186635356
0.14955555493652972
0.7926094816803951
0.5222979290800688
0.8449029259183944
0.9649815545781137
0.8083482131664935
0.42769004634336805
0.6341223126928459
0.3079884044083305
0.7358358380665595
0.13270536258973167
0.7626218591016759
0.24794491165418248
0.7096974727961365
0.9955216577016253
0.8049632252235689
0.375339496973428
0.5305726019790874
0.7723041967165013
0.2895685173372109
0.25582449132326984
0.8495655831548218
0.5065220560447408
0.8936892793703765
0.04660660878156219
0.5304890334933205
0.8658934724655768
0.3795327778814646
0.9152634125098309
0.5366870295210319
0.4388910090523241
0.5397470289081963
0.3903163624309515
0.9209962106334398
0.28540866382348107
0.2706616117018165
0.9212919502191815
0.31435910863996
0.5087477633823323
0.3815672062405231
0.8047264478472294
0.8121700785822328
0.4277527227076932
0.9365125570935252
0.4137745006550841
0.6335670465318615
0.9123886565994498
0.9513236783876111
0.9212705938283745
0.24796951793054717
0.3099880125649861
0.8053406762176161
0.7315743095618132
0.5396328186443149
0.5012920616438292
0.203011993934785
0.8041572536052838
0.3900893347112848
0.8965296793477201
0.7745939732265142
0.6845851428231848
0.9955137651224139
0.7617406758462005
0.26331362045607964
0.9568373413707646
0.10698669682560465
0.6161383745558103
0.18191977239658633
0.1398439683516859
0.262760675641922
0.48395438646339095
0.2894389861842722
0.3906757069197492
0.9125381513350994
0.19316948338890638
0.6286513624913066
0.5455615384401107
0.24073712975678785
0.20012609555963493
0.628655540915595
0.9090979153376956
0.951347356125245
0.5568576763689679
0.892745419750576
0.8018860478698857
0.12056889710955178
0.5568609262545254
0.8198941280139207
0.342190200016528
0.1765156769836605
0.03306433566303701
0.3555337658466741
0.6200985922424304
0.03182520072686012
0.2513503274491834
0.3162110791384275
0.41643754973485575
0.345814286682619
0.779249666422461
0.25024490209023353
0.9621903671534995
0.34580128714038855
0.8216100675883342
0.9510256174550424
0.20012238140471197
0.7499904824780099
0.17570459840235625
0.5209691901563752
0.8030165437745657
0.7498052390012266
0.9512600734845551
0.35309728021720377
0.7359147638586727
0.6856478554005205
0.6513740980406905
0.951153755799885
0.6353085209213704
0.7635197560543047
0.9388399394221332
0.7810333893242188
0.647695691858851
0.11202169809306001
0.7996431625657754
0.6353029496889859
0.6158746695562792
0.3815672062405231
0.14956159043827957
0.7820046408365763
0.9374206679721921
0.5208749434752048
0.3770062239951122
0.6844918246807452
0.7941165000403915
0.7356923788326597
0.16932228743659242
0.7198320087728339
0.6063478621788533
0.6840633040565072
0.5803000294346777
0.2894111300223499
0.7279766862495485
0.5613360186673426
0.03675342004028001
0.7980191483257054
0.951282358414093
0.6349422123920921
0.1341334551576148
0.1399484289588945
0.13204888570709616
0.775658078611946
0.48396924308308287
0.9109238867517022
0.06964690457686026
0.8018684056340016
0.3854638190240872
0.805138254774314
0.10331061199059205
0.8041614320295721
0.9960978159840514
0.7356923788326597
0.9848272128702896
0.1398472182372435
0.7723083751407896
0.769446618772639
0.24498705152739977
0.9125752928843291
0.912237769055704
0.7980256480968206
0.7276605188117304
0.5460569138529622
0.8041122194768427
0.8048963704349554
0.8673870270139773
0.888108297329244
0.8390164546348475
0.4276677614138302
0.7518573095961693
0.9057830320689422
0.053159770873782805
0.15823924914644077
0.7653201926532158
0.4336201589472599
0.9303577381167935
0.9763761176124298
0.8053063202845786
0.013947116005129248
0.529355287703083
0.41920552369120145
0.7939108287115318
0.7745860806473029
0.5403366510022183
0.4737622810853875
0.5356883861161175
0.12073603408108557
0.21265951134720756
0.8389625993884644
0.2895030553566935
0.390099548637323
0.34721823724350276
0.4461020408352763
0.5633026636990569
0.855988285555373
0.7579220603160188
0.7320933627122987
0.790620551719143
0.7699800642734509
0.06963622638145671
0.3247480642288811
0.4667174577352383
0.5209882252003555
0.06724291780296594
0.9388329753816527
0.24072923717757652
0.9708058137667009
0.1639622976133769
0.8446480420368054
0.19290624265874065
0.34213680903951027
0.48397110016054434
0.8801562916391588
0.7119914277304378
0.4609484466011304
0.5633189131268449
0.5834895599747809
0.6341989171381323
0.9450314356787293
0.8429669226647948
0.6335949026937837
0.34565689936775795
0.9119759211336343
0.27072289525804555
0.895974877456101
0.8198955208220168
0.805105755918738
0.5065471265904707
0.748206759576252
0.540333865386026
0.5209269416441263
0.5065150920042601
0.026618419794217245
0.14103667635132563
0.7780393161869371
0.7892105656565094
0.5257325938450882
0.15026031583316388
0.8907407046309012
0.8659895762242087
0.052446653128571975
0.9292017073970181
0.48431140960536173
0.9124257981486795
0.6868716694476402
0.46893155833869565
0.9001565516300033
0.2896664781733043
0.9916505797331565
0.1236112542608321
0.5308070580086002
0.9156533987767431
0.924545549931706
0.2904979846066849
0.1427702581616233
0.2895745528389607
0.10698669682560465
0.013943866119571647
0.997531479784319
0.5396369970686032
0.3530736024795698
0.9122447330961846
0.7760926347379339
0.30684769457761235
0.7398684817741775
0.1407752926986214
0.2449689450221503
0.15392479393404218
0.34715509660981225
0.42063640187527684
0.19467928736509493
0.34213355915395266
0.1758675569496017
0.2913318123868924
0.06644576730262285
0.922241845340732
0.37417371659697984
0.34707663508706443
0.6755007841509582
0.24805122933885257
0.017383173578244707
0.26967271795357495
0.14013227962758168
0.20303242178686137
0.9127721430952467
0.6477128698253697
0.11265310442996543
0.9060225950614739
0.8284812541958344
0.9527698774607437
0.6276633972817958
0.7980140413626863
0.9125265446009652
0.731573845292448
0.45204376017330244
0.5350871572879612
0.9640901573966002
0.7817478998775257
0.9927128280411268
0.9127688932096891
0.19907870387135654
0.1993507657194643
0.042516395672638096
0.5779057923174562
0.9663381496637297
0.9558173415750431
0.04590556203985102
0.6409744642563658
0.9916445442314067
0.1957777486835642
0.0849673293647588
0.06967476073878255
0.483983171164044
0.345814286682619
0.7920268236268537
0.9633329340616791
0.4000186636284879
0.7498061675399573
0.4337919386124474
0.2906818352753721
0.0485296124929315
0.9159375316283506
0.9508942292246423
0.6278792825366936
0.0368894509643339
0.06420798896153157
0.5637140063567762
0.06451765662823444
0.11270788821507928
0.8871649019788089
0.11203469763529042
0.3770062239951122
0.8053861746154225
0.6198098166971692
0.15901411471724602
0.07363869258032557
0.6239385641634191
0.8049520827588
0.4609503036785919
0.2749723527592921
0.9877595381819769
0.8449131398444326
0.07294878830338332
0.89375613415899
0.7945635914392443
0.9401296797191356
0.16932228743659242
0.9134012280853253
0.9789128854248204
0.16310247074870862
0.5501833399723852
0.5551097022083437
0.630801858191708
0.7120109270437834
0.5304816051834746
0.6275292234352033
0.6361428129709432
0.9066999640655511
0.2904998416841464
0.2894055587899655
0.522619203480906
0.08898836633824252
0.29048823495001214
0.6839760214158173
0.6644655656054398
0.4064385804128469
0.3294074715797508
0.3969781635546691
0.274970959951196
0.3542658462098442
0.20841748215580694
0.3078672301039685
0.11409976777246345
0.8526984728323496
0.08844981387441142
0.9419547225944115
0.3195189983667004
0.7298964400753603
0.45897065910464724
0.9124689751996591
0.7214499875111541
0.6335832959596495
0.0538668531172438
0.9125349014495419
0.34621773676112694
0.053561363874829265
0.7810157470883347
0.14441609306186576
0.26479649680907663
0.2913378478886422
0.03537361148639551
0.3470534216187959
0.7312279646152461
0.9076178246008908
0.9975296227068575
0.14082543379008153
0.4395228796585949
0.9419384731666235
0.7926131958353181
0.4667225646982574
0.7130819964696957
0.3515011221390561
0.11049889457464104
0.5065016281926643
0.8053852460766917
0.8051860745189473
0.1991873429028535
0.38168280931250065
0.7999184742994407
0.19653822190404294
0.7357206992639473
0.8049701892640495
0.5576659693340799
0.09822407682358043
0.6278328556001563
0.776482621004846
0.03537361148639551
0.6278212488660221
0.9876745768881139
0.19908009667945264
0.9123338728143359
0.5632307019474243
0.014764230088183323
0.5554662610809491
0.3902351152920115
0.24338485794750228
0.19936097964550248
0.7502681155585021
0.8390289899077126
0.6240838804747805
0.8123961777631687
0.8053137485944245
0.9209386412321338
0.4318257578500986
0.3471212049461401
0.9123858709832575
0.24338485794750228
0.6859765581112036
0.6197856746901699
0.749147369310495
0.9164022652630875
0.376144075783617
0.1693338941707267
0.520877729091397
0.18358603514890512
0.5925804184181228
0.9126621112556537
0.6530087904761639
0.24497776614009234
0.7980205411338015
0.31435168033011407
0.9121857708867823
0.5209292629909532
0.4019918084313174
0.9109234224823368
0.6277831787780616
0.06417873999151316
0.6754650354098245
0.8220000538552464
0.06965433288670621
0.6140751614960988
0.7765290479413832
0.07375058149738013
0.7756534359182923
0.38560263556433333
0.15753448824980662
0.7691856993893
0.6494004889684956
0.8611950664880158
0.4097957121938492
0.1495741257111446
0.9126073274705397
0.9214730152716765
0.289419951140292
0.34709381305358317
0.6527149079678837
0.8611973878348427
0.7530959802629807
0.26066217811044223
0.9194028381714844
0.6868614555216019
0.3066838074916362
0.38188894491072567
0.5301645092069258
0.053569256454040586
0.9060383802198966
0.27067878966833525
0.8053369620626931
0.9902735567954642
0.0849770790214316
0.8477335762390653
0.7810092473172194
0.16060330875491313
0.1580767548685607
0.8611532822451323
0.23499736759269835
0.8607020124219912
0.7486167094258752
0.91342583436169
0.7122894886630063
0.9975375152860688
0.31954731879798803
0.7398624462724277
0.9118960668027905
0.8121594003868292
0.06449490742933124
0.623837353441768
0.7328204085384707
0.891477500113746
0.14410038989341303
0.448918763074986
0.8048861565089173
0.8032774631579045
0.5808585454812198
0.5640413162593632
0.0661713841076882
0.2502277241237148
0.0895877380889373
0.67551564077065
0.45166166648560163
0.9091025580313493
0.9608969127015742
0.19932383809627274
0.47492899000056643
0.6409716786401736
0.45864706335698324
0.0038246510319315183
0.9121667358428021
0.24799458847627723
0.6275292234352033
0.9529268005062393
0.5895993448230716
0.6477017273606008
0.4520623309479173
0.6495532335897028
0.3572441341887032
0.31951481994241204
0.6123016525203792
0.5208995497515695
0.8893808596597277
0.9516180251652567
0.9518524811947694
0.1408207910964278
0.7474922490229451
0.41643754973485575
0.7780462802274177
0.4394063480478866
0.27068528943945047
0.2847712219848258
0.3640930358666655
0.8166498136887037
0.8052659288497912
0.08434102999087247
0.7617207122634896
0.1487769752108015
0.29051005561018456
0.052279516157038186
0.9121481650681872
0.1555320944769588
0.569922680579891
0.5270125844854178
0.5938506594017796
0.6355049068629226
0.7847981496080174
0.7817585780729293
0.248011766442796
0.911979171019192
0.7623284408627611
0.7119482506794582
0.9848272128702896
0.826124622897208
0.7498929859112818
0.1957517495991034
0.9663362925862682
0.7581560520761662
0.8838314479354406
0.5305814230970295
0.5344859284598049
0.15938320886271648
0.9123180876559133
0.07079411417869357
0.3303030471855527
0.3610789991466729
0.24795837546577823
0.5301765802104255
0.9516403100947946
0.210826111623355
0.08291293742298932
0.11755903881384748
0.07078947148503985
0.08594183076267385
0.004075820758597572
0.26275696148699906
0.26356061175845735
0.5210054031668742
0.15781351413839498
0.1407752926986214
0.5345021778875929
0.7996436268351408
0.8222702586258926
0.5926129172736989
0.7130643542338116
0.5104711312665918
0.14098699952923086
0.8099852269487938
0.7912663504063749
0.06636080600875983
0.0849803289069892
0.974782280881109
0.06698942672947303
0.4206456872625843
0.6277520727305818
0.7485479975598002
0.5925767042631999
0.24497173063834252
0.7892152083501631
0.7291206459658242
0.3407421438659339
0.8050314728202785
0.3902355795613769
0.8018827979843282
0.34721916578223355
0.11911387691847708
0.9106369682839026
0.25188330868063
0.6958469248190046
0.364114856526838
0.02883577028323217
0.5209376198395299
0.3454075867185534
0.8301962652315172
0.6868660982152557
0.975073377773197
0.908532435250673
0.26967782491659403
0.14081521986404336
0.9558530903161767
0.2881854588977688
0.7653201926532158
0.5436482843854141
0.4277104741954444
0.56319402466756
0.8032700348480586
0.5065090565025103
0.3470534216187959
0.7810069259703926
0.2893888450928121
0.037716314704060776
0.24805494349377555
0.7722944470598285
0.9108913878961262
0.8993338663145648
0.07363497842540259
0.7617416043849313
0.5341539758635643
0.03380066687651642
0.9470449719163461
0.3456791842972958
0.7328278368483166
0.9515674198044312
0.8284250776026244
0.7982856389414287
0.9122985883425676
0.2997819791060215
0.9121718428058212
0.08504439807941049
0.6353020211502552
0.3055361336204375
0.19904202659149217
0.8053383548707892
0.7623340120951455
0.8052533935769262
0.657893368469239
0.9120506685014592
0.14083100502246598
0.6846018565203382
0.6038895558892104
0.15394615032484926
0.909098379607061
0.800955652061681
0.2110187834099842
0.3647225851261095
0.7129422513907189
0.2627551044095376
0.617790709227168
0.3198792713942288
0.8053536757598465
0.5637112207405839
0.929010428418485
0.32886195507543914
0.1931741260825601
0.6286448627201914
0.8032598209220204
0.07050441009470167
0.15389136653973542
0.1140366271387729
0.02353334986132274
0.7004942611663746
0.28942552237267644
0.4281798505238351
0.9519030865555949
0.6840753750600068
0.7104259114304047
0.6757691318441429
0.7912612434433559
0.8580208568369699
0.377012259496862
0.5310122650680944
0.1606102727953937
0.6757626320730277
0.8113970700888891
0.5631610615426186
0.7273573509161427
0.34563740005441235
0.7981245374716448
0.027007477522398675
0.3487874676984589
0.06366618661214288
0.37416860963396076
0.4262661321997733
0.3753654960578888
0.251870773407765
0.8053253553285588
0.9010776620509007
0.08851852574048642
0.36445795158784766
0.9119671000156923
0.06366618661214288
0.6645728118288406
0.6277683221583698
0.8053689966489037
0.19908195375691412
0.45912897495823896
0.5692095628346802
0.3902351152920115
0.6643764258872884
0.7398689460435429
0.08593579526092403
0.14401032163653094
0.8673879555527081
0.24789569910145307
0.27068668224754655
0.8198936637445553
0.6578850116206623
0.5341535115941989
0.8297779585333174
0.2895081623197126
0.07571165529670991
0.14404792745512604
0.40322305078828297
0.3737781590976832
0.9633375767553328
0.7298964400753603
0.3970877311248968
0.7486171736952406
0.6647561982281623
0.19423266023560742
0.7699809928121817
0.24347306912692288
0.8964716456770486
0.0696673324289366
0.9562221844616472
0.2881905658607879
0.9123584790907006
0.07086421885286467
0.535686529038656
0.7640220955076368
0.6123141877932441
0.9076178246008908
0.5768737215182351
0.8297867796512595
0.2518726304852265
0.905781639260846
0.804156325066553
0.43295811083224
0.6197791749190547
0.9401333938740586
0.8526952229467919
0.07620192374654236
0.139849075314705
0.6277283949929477
0.035342969708280984
0.3350390589817087
0.18358046391652066
0.11099334144876184
0.9106323255902489
0.674510033325255
0.6957898196870639
0.5576093284715046
0.1580670052118879
0.5550108128335195
0.8610534643315775
0.3538526464746634
0.8580027503317205
0.30669030726275137
0.9574817472499004
0.7612100159615808
0.7399046947846765
0.7484583935722835
0.6518281534800239
0.7981454295930864
0.7926122672965873
0.4479396189834172
0.4465092050687072
0.9571228670304681
0.38166795269280873
0.36741906160018795
0.5210012247425858
0.15154355635905106
0.41601645742046367
0.30553334800424525
0.4737376748090228
0.8222651516628736
0.9090969867989649
0.9290419987353302
0.9085277925570192
0.7131437442952901
0.8046530932875007
0.04547472006878615
0.8051958241756201
0.8051753963235437
0.9121105592495922
0.9122544827528574
0.37603775809894696
0.03306201431621015
0.9159533167867732
0.06437094750877702
0.19578192710785255
0.9943925546050414
0.3606634780646653
0.8053471759887313
0.8880990119419366
0.27513995400019126
0.6276791824402184
0.8446680056195164
0.5568632476013523
0.06948673164580704
0.9527406284907253
0.38156906331798457
0.844667541350151
0.07258480112093195
0.45221368276102847
0.9965611568106924
0.9211252775170131
0.7291127533866129
0.732832015272605
0.9663975761424972
0.8032574995751935
0.29407842995243094
0.1502858506482593
0.751188761710034
0.4186056876711413
0.5341641897896025
0.6395319793381562
0.7130165344891783
0.7802599165615096
0.2913197413833927
0.3351500193600325
0.4277058315017907
0.6578840830819315
0.7640081674266757
0.9118491755968879
0.9574641050140162
0.8048179089122076
0.7645597194327372
0.11409651788690583
0.7764965490858072
0.3458138224132536
0.5681742421499014
0.7123298800977937
0.24807722842331337
0.951298607841881
0.3901218335668608
0.158068398019984
0.9197742536637817
0.12371060790502163
0.9119722069787114
0.9571112602963339
0.8659881834161126
0.11261735568883181
0.1226195748963983
0.7498553800926867
0.06451533528140758
0.47404130697397584
0.7499106281471659
0.8531502069248561
0.7198343301196608
0.07619495970606179
0.21101460498569585
0.711941750908343
0.08505507627481404
0.14082496952071616
0.9346805501777687
0.8019770446654986
0.8651812832590967
0.8666103043657105
0.6958283540443897
0.8183248975589645
0.04697384584957116
0.29047477113841635
0.8048355511480917
0.5210109743992587
0.5451432317419108
0.7098112187906526
0.32474667142078495
0.7329309046474292
0.3458059298340423
0.6896619283335237
0.18358371380207825
0.24959585351744398
0.6493870251568998
0.555113880632632
0.3447859300383208
0.08651984612256154
0.9209962106334398
0.06409377869765015
0.11364339098630312
0.8048035165618811
0.9347692256265547
0.5210184027091046
0.27073728760837207
0.24869842083418062
0.8610994269987493
0.7920207881251039
0.5632706291128462
0.7098209684473253
0.3351746256363972
0.15900854348486157
0.9657912403513219
0.34753440468132085
0.45213568550764605
0.9123213375414708
0.7357230206107742
0.8096175256114195
0.783016283783721
0.1957498925216419
0.06644205314769987
0.5976186695711359
0.6193515828335474
0.2583802941796407
0.801901368758943
0.5065489836679322
0.05866368420026352
0.8053648182246154
0.6342281661081506
0.02233971332295227
0.2588450278143777
0.3605585531880913
0.7981477509399133
0.39696377120434256
0.3902351152920115
0.2126506902292655
0.861149103820844
0.9928367879616811
0.9564297128679683
0.8937046002594338
0.8051767891316398
0.627714931181352
0.18213240776592654
0.2570538766027739
0.5431352667366784
0.822988947603488
0.7129988922532943
0.8611031411536723
0.03724879545313154
0.2769357479054488
0.5208693722428203
0.9515149573661442
0.9511491131062313
0.3101769701966924
0.9124346192666215
0.7498507373990331
0.1779493407839281
0.7519859122103771
0.8048406581111108
0.7996013783228919
0.36408653609555036
0.1440339993741649
0.6278152133642723
0.26066217811044223
0.791257529288433
0.9708253130800465
0.7198115809207576
0.5301645092069258
0.3795327778814646
0.6355007284386343
0.911794391811774
0.9955109795062217
0.5954403177088121
0.7315473819386218
0.05345179630460156
0.995374020043437
0.1746372431313669
0.2997931215707904
0.05214162815552281
0.0535868986899247
0.8904198944994294
0.3854633547547219
0.8754783135136741
0.5808464744777202
0.9515079933256636
0.14877790374953226
0.16622653930829437
0.35229270140701474
0.7119593931442272
0.8666126257125374
0.14403353510479952
0.5633829822992662
0.16522000332416867
0.110987305947012
0.1582123215232492
0.26967225368420955
0.084957579708086
0.2126506902292655
0.7357318417287163
0.9212919502191815
0.5631958817450214
0.9125920065814825
0.6479775033636316
0.6123086165608597
0.29958141474018096
0.07362290742190293
0.25843925638904286
0.2893995232882156
0.9122034131226665
0.06404688749174761
0.9927369700481261
0.2919075063999532
0.177947947975832
0.6518323319043122
0.15753541678853739
0.06420520334533934
0.07573022607132478
0.8669055796820869
0.5119707213167422
0.40931194351513195
0.9574692119770354
0.9119903134839609
0.8612271010742265
0.9912007027181114
0.3572441341887032
0.3842288625121987
0.7985126666610954
0.6585707374733161
0.5257186657641271
0.11270463832952168
0.7280008282565478
0.28944177180046443
0.345689398223334
0.8669120794532021
0.40949765126128057
0.7359119782424804
0.8578100785450913
0.5311185827527645
0.9916538296187142
0.7358209814468676
0.6578840830819315
0.40931658620878564
0.2896520858229778
0.4423637439053039
0.6839685931059714
0.6245309718736333
0.9123324800062398
0.5451269823141228
0.45209993676651244
0.014808335677893629
0.7840757464754992
0.78175950661166
0.6038904844279412
0.6284229419635438
0.9059195272623614
0.28212813648776514
0.8560811394284473
0.5104418822965734
0.11697963064586368
0.5599501746117083
0.3572441341887032
0.375529383143865
0.3515029792165176
0.44792940505737905
0.45202797501487985
0.6338163591810659
0.3902351152920115
0.31283537658281035
0.913923066852003
0.40324951414210913
0.11501902111589928
0.5681742421499014
0.28938420239915835
0.24524797091073863
0.3196545650213889
0.804782160171074
0.753123836424903
0.8082869296102645
0.7357197707252167
0.8612702781252061
0.9511704694970384
0.5576659693340799
0.9633222558662755
0.3471100624813712
0.29978244337538684
0.9125465081836761
0.4093077650908436
0.25856878754198154
0.9425132386409536
0.3624602005086535
0.24760970917238415
0.9290531412000992
0.06366618661214288
0.6746948125326729
0.42759254977664
0.17776966853952927
0.375529383143865
0.5768806855587156
0.7484588578416489
0.9513013934580732
0.5455438962042265
0.7398643033498892
0.9125135450587347
0.43191629037634605
0.17948235822838524
0.8668939729479527
0.8229750195225268
0.9124299765729679
0.16615457755666174
0.14898636069458412
0.3815672062405231
0.7357244134188703
0.6278509621054058
0.6585772372444313
0.9973963773989959
0.7119426794470738
0.6844918246807452
0.8255484646147818
0.17794423382090901
0.05531444499847255
0.9765539327793671
0.8222735085114503
0.09079019574524982
0.9135790432522626
0.5895784527016299
0.47376181681602214
0.5591437387240578
0.45279680508393527
0.9513394635460337
0.11350178882986478
0.5445285391021588
0.9085380064830574
0.3971174443642806
0.9527318073727832
0.1606757347759111
0.5397363507127928
0.362465771741038
0.9558841963636566
0.8611764957134009
0.5779327199406478
0.587850906393082
0.9378329391686422
0.08578955041083196
0.2588431707369162
0.20339919458550496
0.549768283159743
0.9515182072517018
0.11756971700925103
0.907619217408987
0.9901175622886994
0.0715545873991723
0.35922563584010936
0.9106332541289796
0.41658147323812095
0.6644716011071896
0.14497414483904245
0.8037825882274289
0.014424384912731287
0.6246312540565536
0.21083307566383555
0.20067300487204273
0.13284000070568944
0.08291433023108544
0.39101880198075883
0.8048429794579377
0.951956941801978
0.6400129624006812
0.5455875375245715
0.7756775779252917
0.43366240745950874
0.7694484758501005
0.257370044040592
0.951193682965307
0.6104738240289109
0.6349491764325728
0.9303586666555242
0.24806933584410207
0.2393758919775182
0.9425020961761846
0.6338864638552371
0.769209377126934
0.7130346409944278
0.5397549214874077
0.16038231653699622
0.8018396209333486
0.5209199776036458
0.7576894613639676
0.31435446594630634
0.31939503844614614
0.8052478223445417
0.7129988922532943
0.9149825295437811
0.054215055141272527
0.9108793168926266
0.9425564156919332
0.8048388010336494
0.04178331434471629
0.657898475432258
0.912678824952807
0.9292007788582873
0.9470463647244423
0.24818865307100257
0.9519300141787864
0.5632710933822116
0.9118041414684469
0.06970308117007022
0.9378282964749884
0.9122855888003373
0.12361682549321656
0.5455499317059763
0.6167391391146012
0.8018920833716355
0.9124680466609283
0.9518413387300004
0.06966965377576347
0.19469182263795998
0.36408003632443514
0.6310395641067782
0.02351942178036159
0.39700323410039917
0.11412019562453979
0.9951047438115215
0.36327127908995777
0.1582160356781722
0.13411674146046143
0.3276567118029344
0.3407579290243565
0.9245775845179166
0.7723069823326936
0.9118199266268695
0.588449349605046
0.5952513600771059
0.9163414459762238
0.5208949070579157
0.02353288559195737
0.34580500129531155
0.5255705638365735
0.5808650452523351
0.8440635269058026
0.2894905200838285
0.5997422376483457
0.812220219673693
0.19466768063096063
0.5309983369871333
0.290470592714128
0.6956965015446241
0.052272087847192235
0.17585362886864056
0.14118384974014844
0.9291970647033644
0.37614221870615555
0.7694521900050234
0.15476929990965319
0.0218253028661205
0.08496547228729731
0.199322909557542
0.5983577864008075
0.951520992867894
0.8122471472968845
0.045947810552099844
0.7129988922532943
0.9001695511722337
0.35384521816481745
0.9955109795062217
0.5341869389885057
0.5962750740277503
0.5722124570899039
0.4285178386218257
0.30666245110082907
0.9655948544097697
0.2881775663185575
0.2480716571909289
0.9292063500906718
0.6840758393293722
0.8124286766187447
0.7788490019601453
0.5304834622609361
0.5493425481516973
0.8049599753380113
0.5460713062032887
0.7694317621529471
0.7924442017863228
0.04189798887796308
0.5209004782903002
0.9747655671839556
0.1931546267692145
0.6276002566481051
0.9509745478248516
0.8658934724655768
0.6197935672693812
0.9004225779763613
0.7965325578177854
0.3530763880957621
0.55686649748691
0.3158447706091493
0.15026542279618296
0.0641991678435895
0.5808566884037584
0.06644623157198822
0.9220570661333141
0.8269867711087031
0.10313558243984694
0.6239441353958035
0.6246540032554568
0.5304792838366478
0.6354988713611728
0.9574645692833816
0.9513659268998599
0.140778542584179
0.14085514702946533
0.24507804832301264
0.29914221592053936
0.880815089868621
0.9513441062396875
0.8278154919258914
0.5065280915464906
0.692857958644742
0.9152587698161772
0.7941188213872183
0.9123343370837013
0.9139318879699451
0.4318972553323658
0.1606678421966998
0.30359827328937633
0.7835418367053217
0.9159542453255038
0.7202647078213603
0.805270571543445
0.6513740980406905
0.8124091773053992
0.7648707799075362
0.34479150127070524
0.9649629838034989
0.3761185409685216
0.6246484320230723
0.9217798973221871
0.5769006491414267
0.19652382955371642
0.0344246449035759
0.9126797534915377
0.33517044721210887
0.5305791017502026
0.6341223126928459
0.3068439804226894
0.9640892288578695
0.40930544374401673
0.7623414404049914
0.3610724993755577
0.11756600285432806
0.06421959569566586
0.8936688515183001
0.6277126098345251
0.14093778697650147
0.17929247205794824
0.750778811860411
0.7280258988022779
0.9649629838034989
0.9106448608631139
0.3351110207333413
0.6118735961655064
0.5270097988692255
0.9747706741469747
0.9515432777974319
0.24524611383327716
0.7498637369412634
0.7912705288306633
0.3456926481088916
0.7098274682184406
0.6643764258872884
0.20851172883697738
0.4516602736775055
0.15390065192704286
0.15957820199617256
0.9067078566447624
0.8051461473535253
0.29187407900564644
0.8659631128703825
0.5878434780832361
0.8993255094659881
0.007600089511133644
0.30668287895290547
0.2480312657561416
0.9142889111119158
0.43237638131742934
0.14105710420340198
0.12372267890852129
0.6278853180384434
0.12363261065163919
0.5455592170932838
0.792611803027222
0.510004076285028
0.59053438332493
0.28963351504836293
0.9123464080872009
0.27352847503298633
0.8658934724655768
0.11270788821507928
0.9076178246008908
0.7640118815815986
0.1931625193484258
0.5493332627643898
0.7279725078252601
0.7198217948467958
0.431815079654695
0.9779950248894806
0.690662893085265
0.2896219083142286
0.4141018105576711
0.8121575433093677
0.8121672929660405
0.9750237009511022
0.8443917653471202
0.37603961517640844
0.014764230088183323
0.9558893033266758
0.19688085269568723
0.5632794502307883
0.07509371277140027
0.6161100541245226
0.1538918308091008
0.4546780245524211
0.6395435860722904
0.8800857226956222
0.7358869076967504
0.5460759488969424
0.8666079830188836
0.5310981549006881
0.19443322460144796
0.007600089511133644
0.5361229422421053
0.9928488589651807
0.7359737260680749
0.7124055560043493
0.9378301535524499
0.890423144384987
0.5814365608411075
0.1777808110042982
0.9127159665020368
0.5493439409597933
0.9927323273544725
0.5776917641400199
0.6458738988691327
0.8222795440132001
0.9513524630882642
0.9568415197950529
0.06434634123241231
0.27724170141722865
0.5065494479372976
0.55722259209015
0.07085957615921097
0.9106416109775562
0.5461674099619206
0.2896307294321707
0.6158765266337407
0.28369690267335584
0.2943166001368666
0.7499895539392791
0.5640366735657094
0.4276143704368125
0.06422423838931958
0.9875450457351752
0.04302105647279707
0.9121114877883229
0.3454038725636304
0.8659918975710356
0.6904484006384632
0.7302311782877932
0.14408692608181725
0.7645560052778142
0.997021712021141
0.8611867096394391
0.7119974632321876
0.9515465276829894
0.5053962028337144
0.0542187692961955
0.7831504576303134
0.5768834711749079
0.0985764572718975
0.7497899181121693
0.7623275123240303
0.9516495954821019
0.8526947586774266
0.7817543996486409
0.31584012791549554
0.7778173954302895
0.735950048330441
0.852704044064734
0.2480493722613911
0.5632260592537706
0.35385078939720194
0.9330774280591405
0.15025428033141405
0.9108932449735877
0.7531094440745765
0.7359686191050558
0.8047408401975559
0.4001208028888697
0.06366618661214288
0.5301691519005794
0.46976956454319146
0.9122985883425676
0.7924339878602846
0.04184459790094534
0.3421572368915866
0.994392090335676
0.8578114713531874
0.6409693572933467
0.5815280219060858
0.8611732458278434
0.2481375834408117
0.19908102521818338
0.36446305855086675
0.2555013598449712
0.9385497710687759
0.9126472546359617
0.2706913249412003
0.9290554625469261
0.9387935124855961
0.17776409730714482
0.4516667734486207
0.40665260859028324
0.1639622976133769
0.8429655298566986
0.5455601456320145
0.8052348228023113
0.7802752374505669
0.037954949157861795
0.6277209666831018
0.5633876249929199
0.7397273438871046
0.6957758916061028
0.8239504494591726
0.16917650685586572
0.5681742421499014
0.06968915308910907
0.7498479517828408
0.9516718804116397
0.7357234848801396
0.9123705500942002
0.5692090985653148
0.5421226952508029
0.29069344200950636
0.7802743089118361
0.9067542835812996
0.9347682970878239
0.2506283885860305
0.033808095186362366
0.5814342394942806
0.921205131847857
0.30302954331679605
0.8626259446720912
0.7358971216227885
0.45209622261158944
0.9644676083906474
0.11752514715017535
0.7202647078213603
0.04301455670168186
0.633885071047141
0.7276540190406152
0.39021004474628146
0.9663362925862682
0.8578188996630333
0.245094762020166
0.1408830031913876
0.8048067664474386
0.06446751553677431
0.8051846817108512
0.9765432545839636
0.14118199266268694
0.035350862287492305
0.3035523106222045
0.913422120206767
0.20302452920765005
0.5550005989074813
0.041886846413194165
0.9108793168926266
0.5493457980372548
0.3128256269261375
0.8278294200068527
0.33178174511426134
0.6755133194238232
0.888519175717598
0.06432591338033597
0.7980126485545902
0.2918750075443772
0.723408739963657
0.7920268236268537
0.8183244332895991
0.11047614537573784
0.3555337658466741
0.07088000401128731
0.3062696792177247
0.31947025008333635
0.7276521619631537
0.9705100741809592
0.13976272121274586
0.7617239621490471
0.059421371804550024
0.6395565856145209
0.9737673880484066
0.14404885599385678
0.911861710869753
0.912671396642961
0.9974070555943995
0.6643945323925379
0.03688434400131481
0.6335721534948805
0.5808678308685272
0.04547472006878615
0.2513633269914138
0.8526887231756768
0.6122960812879946
0.7498957715274741
0.3194957848984318
0.8278359197779678
0.8047761246693241
0.9530052620289872
0.6337871102110476
0.5778913999671297
0.5779062565868216
0.9511820762311727
0.2894004518269464
0.37707725720801405
0.8051233981546221
0.970823456002585
0.10864460272934674
0.826124622897208
0.9930183172835414
0.8278164204646222
0.9289983574149853
0.10699041098052761
0.2108288972395472
0.6353247703491585
0.9657982043918025
0.7196806569597228
0.1139679152726979
0.5311000119781496
0.62786860434129
0.6106748526641169
0.40931705047815103
0.501285561872714
0.6279099243148081
0.735712806684736
0.07067108279687008
0.7135490514512596
0.24511333279478087
0.7699879568526623
0.9117864992325627
0.28958105261007594
0.08947817051870958
0.9927137565798576
0.9989795359349132
0.920241772914711
0.9139212097745415
0.9125655432276564
0.8050969348007959
0.5460606280078851
0.16038695923064994
0.36403407365726337
0.9927100424249347
0.18378334962918805
0.04657225284852469
0.041898917416693826
0.7691815209650117
0.80374033971518
0.7924052031596316
0.7745921161490528
0.8659877191467472
0.1409568220204817
0.510177713027677
0.9516263820138333
0.422306843051884
0.7810217825900845
0.0757265119164018
0.5078935077500485
0.15939156571129318
0.511996720401203
0.47492666865373956
0.812843733431387
0.5065666259038164
0.14111606641280416
0.7985084882368071
0.11752050445652164
0.24338485794750228
0.7119607859523233
0.05228694446688413
0.15155562736255074
0.3902351152920115
0.6844932174888413
0.18357349987604007
0.9519759768459582
0.6161314105153297
0.9425192741427034
0.39020633059135845
0.7505991396160121
0.24833954061474836
0.80176023087187
0.9134532262542469
0.10466349292128499
0.07375011722801475
0.2518851657580915
0.6284141208456017
0.5301645092069258
0.31945539346364443
0.5631926318594638
0.27073078783725685
0.6958845306375997
0.8143345023635954
0.9392670672382751
0.2506348883571457
0.6003638943285783
0.994388376180753
0.9251282079852474
0.4336192304085292
0.6488308304571846
0.021825767135485872
0.9106397539000948
0.39711976571110746
0.2943152073287705
0.6307846802251892
0.3624606647780189
0.4465147763010917
0.6585716660120469
0.9515637056495082
0.4276835465722528
0.3602363502485234
0.9401440720694622
0.7007477522398675
0.1150905185981665
0.736047544897169
0.7129482868924687
0.7356923788326597
0.3606634780646653
0.6246540032554568
0.139764114020842
0.13994100064904857
0.5065475908598361
0.9508872651841618
0.9125191162911191
0.9197742536637817
0.04621894386147688
0.8801739338750428
0.6277557868855047
0.07619263835923493
0.9961953125507794
0.9974033414394764
0.5925075281277595
0.2635592189503613
0.4265990133347447
0.34707988497262204
0.71232523740414
0.3624648432023072
0.07357648048536576
0.9568359485626685
0.8612076017608808
0.4521658630163952
0.07375197430547624
0.9518580524271538
0.5317634529012657
0.5103592423495372
0.8050263658572595
0.24497823040945774
0.7328213370772015
0.5209102279469731
0.7723093036795204
0.7981305729733946
0.5356916360016751
0.21082471881525885
0.660876763411117
0.24758695997348093
0.11206719649086642
0.5226261675213866
0.5209320486071455
0.7498368093180718
0.29188290012358853
0.501014428563337
0.9378310820911806
0.7309535814203114
0.07619217408986954
0.613117373795337
0.7764970133551725
0.9848272128702896
0.8871676875950011
0.08577655086860156
0.3971058376301463
0.5613309117043236
0.07051462402073984
0.9202380587597879
0.9122944099182793
0.5412795820832881
0.9245627278982247
0.7640086316960409
0.7530978373404422
0.9060225950614739
0.11098498460018515
0.6341223126928459
0.10313836805603917
0.6907371761837244
0.2706546476613359
0.9649629838034989
0.48395485073275635
0.7398875168181578
0.06439833940133394
0.26671903625108057
0.8216226028611993
0.5632831643857112
0.6245277219880757
0.7761005273171452
0.3079916542938881
0.6352969141872361
0.7984973457720381
0.28958105261007594
0.28211606548426543
0.8278405624716215
0.5064668079902614
0.3906789568053068
0.8626226947865336
0.4091712698974243
0.993495121921778
0.5808460102083548
0.6839620933348561
0.6840619112484111
0.627718645336275
0.0040753564892322
0.5460638778934428
0.9971823492215596
0.9633208630581794
0.9127791071357273
0.17586848548833245
0.9518399459219044
0.9571117245656993
0.6278504978360405
0.5878490493156205
0.45864381347142563
0.3143470376364604
0.45242538959163797
0.8611816026764201
0.30272173272755465
0.9747804238036475
0.5808571526731238
0.1630996851325164
0.9121760212301095
0.581543342795143
0.7567056745787452
0.7124208768934065
0.6757621678036624
0.9142889111119158
0.3035583461239543
0.0705039458253363
0.34083267639218134
0.9004095784341308
0.7123312729058898
0.8808155541379864
0.375529383143865
0.34753440468132085
0.17656442526702454
0.7129988922532943
0.6341223126928459
0.3000503267992063
0.7119788924575727
0.9635966390612102
0.335204338875781
0.5576720048358297
0.6845972138266845
0.2584490060457157
0.1835799996471553
0.2514000042712782
0.17433036108085623
0.7648707799075362
0.28496250096335896
0.4276338697501581
0.5779164705128598
0.9107052158806122
0.14411292516627808
0.7280170776843359
0.5634001602657849
0.6495402340474725
0.9123737999797579
0.7129993565226596
0.1606771275840072
0.8018883692167126
0.7005044750924129
0.19316855485017564
0.25024768770642575
0.5436478201160487
0.9125966492751363
0.08578444344781287
0.04375785195564185
0.34708313485817965
0.7497119208587869
0.7645861827865633
0.7576806402460257
0.5501898397435004
0.16913240126615542
0.9222325599534245
0.8041191835173233
0.14110213833184304
0.8052585005399453
0.7612100159615808
0.890743025977728
0.3761974667606348
0.240787270848248
0.7996375913333909
0.20845880212932502
0.24073759402615322
0.7981500722867402
0.14108728171215112
0.8255480003454164
0.9139119243872341
0.31950460601637387
0.0029741095545706853
0.08150341562972103
0.6219812045190123
0.5210156170929123
0.7920323948592382
0.3294046859635586
0.30998058425514013
0.6473902026164364
0.7694675108940806
0.1397585427884575
0.7499983750572212
0.7199299696089273
0.4479451902158017
0.6365950113328153
0.5397331008272351
0.9387995479873459
0.45912386799521987
0.9516899869168893
0.77669989906784
0.002977359440128287
0.34709659866977544
0.07364565662080613
0.8051006489557189
0.05601549174018372
0.9516454170578136
0.6276703613222763
0.04300805693056666
0.6393342005885079
0.4186056876711413
0.7359036213939038
0.7694651895472538
0.2881942800157109
0.046454792699085666
0.42775086563023174
0.7234277750076372
0.7291099677704207
0.8182339007633517
0.3632717433593231
0.14077622123735214
0.9424988462906271
0.0636805789624694
0.052287873005614875
0.8755772028884983
0.36108039195476904
0.3121176161439458
0.30552731250249543
0.9574706047851315
0.7303853157170965
0.14116388615743747
0.04528854805327212
0.5464157940723945
0.9125553293016182
0.9120358118817673
0.21109817347146276
0.5344891783453626
0.8051925742900625
0.4520493314056869
0.21101274790823438
0.5210142242848163
0.25277192024595135
0.294523200004457
0.08496779363412417
0.31955892553212234
0.7007449666236754
0.6118712748186796
0.44889462106798667
0.0029587886655134217
0.9517169145400809
0.9355227348065529
0.11752050445652164
0.6342142380271895
0.7817400072983144
0.6755114623463616
0.21082704016208573
0.2913327409256231
0.6197763893028624
0.023543563787360916
0.965593925871039
0.0757348687649785
0.9290503555839069
0.9519314069868825
0.4001175530033121
0.9890854914894782
0.916355374057185
0.6886674633528976
0.08497104351968177
0.04618551646717012
0.951314857269669
0.8049655465703958
0.7309099400999665
0.912525151792869
0.17570691974918312
0.9574589980509972
0.8449043187264905
0.6335953669631491
0.17974467041982023
0.9635984961386717
0.25582263424580837
0.6607063765540256
0.9508905150697193
0.29189357831899204
0.6239413497796114
0.8114003199744466
0.8051596111651211
0.0640403877206324
0.8139811933765475
0.06969936701514726
0.8389728133145026
0.34582264353119563
0.8936943863333956
0.5255710281059388
0.6337968598677204
0.14079200639577477
0.5414680754456289
0.5455550386689955
0.8526891874450421
0.9085296496344807
0.9509907972526396
0.9126379692486544
0.4521236145041464
0.9106443965937485
0.3035509178141084
0.7119872493061494
0.9347710827040162
0.8297793513414135
0.8015007042966272
0.2751367041146337
0.9425536300757409
0.9747716026857054
0.8083533201295126
0.12982967814061977
0.3816637742685204
0.25142136066208526
0.6494357734402638
0.9120720248922662
0.4327960808237253
0.8005243458212508
0.9513287853506301
0.9535038873273962
0.7497978106913806
0.7863808438745693
0.7981282516265678
0.6273110168334787
0.5101879269537152
0.7935589125325802
0.5460569138529622
0.01394479465830239
0.7756590071506768
0.5632943068504802
0.7119807495350342
0.8051939670981586
0.13415202593222966
0.24502837150091786
0.9760822351041496
0.769467975163446
0.6427275453800091
0.0697067953249932
0.657894761277335
0.7198194734999689
0.9878273215093212
0.038056159879512816
0.29979405010952115
0.11407330441863726
0.7007500735866944
0.9291942790871721
0.8449098899588751
0.9123566220132391
0.9122001632371088
0.20851172883697738
0.5604664421460016
0.9120228123395369
0.5632803787695191
0.9220579946720447
0.2513879332677785
0.291343883390392
0.9205816180901629
0.3795360277670222
0.8440421705149954
0.951508457595029
0.8389598137722721
0.20845973066805576
0.8881059759824171
0.08495850824681674
0.3460380645167281
0.42762319155475453
0.9515604557639507
0.9558516975080806
0.03762903206337091
0.42336909135985423
0.5564389054014026
0.4137624296515844
0.2914557723074466
0.3193444330853206
0.2913299553094309
0.9245631921675901
0.7645898969414863
0.911999134601903
0.1408063987461013
0.8051888601351396
0.13984768250660887
0.5064784147243958
0.9511481845675006
0.43897364899936026
0.5087519418066206
0.7778108956591743
0.9663362925862682
0.37552984741323037
0.883840733322748
0.804751054123594
0.9820383467925022
0.2903447757161123
0.4727566736399925
0.912581328386079
0.8833054307444745
0.9121226302530918
0.34708592047437187
0.9510446524990227
0.8389551710786185
0.5464018659914333
0.757903489541404
0.3100107617638893
0.34582125072309955
0.3457632170524281
0.7979991847429944
0.8032718919255201
0.8051428974679677
0.08487447549168448
0.8083639983249161
0.8801502561374088
0.9636049959097869
0.5309983369871333
0.8569084674375396
0.2625879674380038
0.16397947557989564
0.2506372097039726
0.390524355106638
0.2514199678539891
0.0011945650771012135
0.11230815229149431
0.7208515442991901
0.8211806184253655
0.054221554912387726
0.7123261659428707
0.9301729589093756
0.2071908824924951
0.8261102305468815
0.9118046057378122
0.14956669740129866
0.9515214571372593
0.14235891550390403
0.00010028218292027288
0.9123793712121423
0.13984675396787813
0.4843545866563413
0.289613551465652
0.2071908824924951
0.9057588900619428
0.41649604767489257
0.9515358494875858
0.3194642145815865
0.9517062363446773
0.2894250581033111
0.6745169973657357
0.7578979183090195
0.8526961514855227
0.9150219924398376
0.10702476691356512
0.8936976362189532
0.42763944098254253
0.5209552620754141
0.35425795363063284
0.11569499731188038
0.1763109341935316
0.39021468743993515
0.3971234798660304
0.7119426794470738
0.31283212669725274
0.06436398346829644
0.2996036996697188
0.7617434614623928
0.7648707799075362
0.5792517092076687
0.5261165446102505
0.5455606099013799
0.42767054703002244
0.9135832216765509
0.8070529016371066
0.11509701836928171
0.0075819830058841495
0.5814319181474538
0.6754882488780931
0.3941205856108067
0.8053792105749419
0.8048587646163603
0.07258480112093195
0.8569084674375396
0.6428236491386411
0.8993292236209111
0.15754191655965258
0.9980305693520936
0.4051892315506318
0.06432080641731687
0.03442557344230664
0.9562110419968782
0.5776741219041358
0.6518262964025624
0.4336275872571059
0.3030304718555268
0.20067579048823495
0.1578279064887215
0.24789430629335696
0.866894437217318
0.9574534268186128
0.4489094776876786
0.29053559042528004
0.1410324979270373
0.9205746540496824
0.7691764140019927
0.3195561399159301
0.0643988036706993
0.8049019416673399
0.9085677197224412
0.08487447549168448
0.5633458407500365
0.0642140244632814
0.3514881225968257
0.3198866997040747
0.6239427425877074
0.8527059011421955
0.7131655649554627
0.8580120357190278
0.416489083634412
0.2893883808234467
0.4277745433678657
0.639825397577071
0.00029898947129933213
0.03190876921262701
0.30981716143852933
0.8668935086785873
0.7847972210692866
0.6488401158444921
0.5209677973482791
0.8048216230671306
0.9738922765076915
0.1603911376549383
0.2997819791060215
0.8578105428144566
0.34566061352268096
0.7494551798997364
0.8446810051617468
0.14095450067365484
0.6277618223872545
0.3471328116802744
0.3030286147780653
0.15301482597791377
0.9507934827723566
0.18193555755500895
0.7279831860206637
0.06969611712958965
0.43256441041040483
0.06455526244682955
0.28370061682827885
0.13415249020159503
0.19930805293785012
0.6338948207038138
0.6643764258872884
0.3487874676984589
0.4489210844218129
0.19652707943927403
0.7212823862702549
0.24759253120586538
0.5554801891619102
0.3640730722839546
0.8009370812870661
0.08957659562416838
0.9970244976373333
0.45220300456562496
0.5305591381674917
0.3969735208610154
0.5306422423838932
0.33517601844449335
0.3520610309936943
0.3012119287513661
0.24079609196619003
0.9513083574985538
0.9759875241536138
0.9516686305260822
0.8936916007172033
0.5249767633182632
0.7847972210692866
0.32765903314976125
0.29430406486400157
0.6365950113328153
0.07085771908174948
0.8049135484014741
0.07352448231644414
0.23674487748395717
0.2909023632239236
0.921737184540573
0.7536080693729856
0.14118477827887918
0.36525324501072925
0.5779313271325517
0.80487083561986
0.09073773330696283
0.007719871007399525
0.7886455498388522
0.11756785993178955
0.5637548620609288
0.5884590992617189
0.6352969141872361
0.6957800700303911
0.4680930878648345
0.6342290946468814
0.912266553756357
0.11269581721157962
0.6757751673458927
0.2667153220961576
0.8880929764401868
0.42851969569928716
0.4091740555136166
0.3530736024795698
0.9425485231127219
0.036876915691468864
0.7947047293263173
0.14080593447673592
0.561336482936708
0.7817557924567371
0.7498563086314175
0.45864334920206024
0.5681742421499014
0.40663310927693763
0.635322913271697
0.08951716914540081
0.9135804360603588
0.8445992937534414
0.04660243035727385
0.7397273438871046
0.563716327703603
0.39101833771139344
0.1993280165205611
0.7449847301805729
0.34155879367962255
0.9558150202282163
0.06645087426564193
0.13162082935222352
0.5633523405211517
0.9085751480322871
0.06409842139130387
0.7298922616510719
0.07570794114178693
0.7398749815452927
0.4276334054807927
0.6578929041998736
0.2635675757989379
0.3059632614365794
0.7280091851051245
0.9124685109302937
0.24812876232286962
0.309816697169164
0.9122243052441081
0.8269514866369349
0.5209162634487229
0.33502605943947833
0.06366618661214288
0.8222670087403351
0.5633351625546329
0.8047998024069581
0.7311736450994976
0.0895993448230716
0.9123139092316249
0.9663437208961142
0.6643843184664997
0.7981417154381635
0.5305702806322606
0.9133928712367486
0.5396263188731997
0.7764854066210383
0.3470534216187959
0.9657462062228809
0.8229935902971417
0.5344859284598049
0.6494088458170723
0.052282301773230413
0.10701083883260397
0.2769366764441795
0.05228323031196116
0.04619248050765069
0.6907371761837244
0.6745123546720819
0.24807490707648652
0.04711730508347099
0.6428134352126029
0.6585800228606236
0.04099730630914211
0.40451789804830446
0.20851172883697738
0.640035247330219
0.8047273763859601
0.6335689036093229
0.7728515702982744
0.6400129624006812
0.951513564558048
0.9633282913680254
0.9108793168926266
0.1961593781018997
0.3844986030134796
0.38271070168743343
0.3542324188155374
0.0850490407730642
0.07366051324049804
0.6167219611480824
0.0075903398544608395
0.06369450704343055
0.7735015474097948
0.8198801999329595
0.7887100832806387
0.5778858287347453
0.289432486413157
0.576888578137927
0.5432234779160992
0.42767101129938784
0.8032533211509052
0.2451588311925873
0.07364612089017152
0.8610534643315775
0.8933341133058672
0.536098800235106
0.5209942607021053
0.9518622308514422
0.3055268482331301
0.6896642496803506
0.633586545845207
0.6284271203878321
0.15902061448836124
0.3753511037075623
0.40339993741648955
0.6336868280281273
0.9901379901407757
0.29145345096061975
0.5065471265904707
0.3302914404514184
0.5683794492093956
0.6610387934196317
0.24801130217343062
0.9122642324095301
0.1411434583053611
0.1440158928689154
0.557987243734917
0.6342277018387853
0.9663404710105565
0.07052112379185504
0.8569084674375396
0.6488387230363959
0.569029426320916
0.7129608221653337
0.3407402867884724
0.6745183901738318
0.29916728646626944
0.25550507399989414
0.24758278154919258
0.9516500597514673
0.4520809017225322
0.29072408378762093
0.6342133094884588
0.34621773676112694
0.9981888852056853
0.806604881699523
0.24788780652224177
0.39100023120614397
0.5792670300967259
0.44889740668417893
0.28950862658907794
0.46346525083081
0.1440469989163953
0.9515061362482021
0.06367454346071956
0.9574599265897279
0.9085681839918066
0.6349547476649572
0.40917080562805896
0.6276174346146239
0.3530736024795698
0.6131057670612028
0.08853663224573592
0.906040237297358
0.11406912599434892
0.9619326976557183
0.8015211321487036
0.5997478088807301
0.34464757776744004
0.05357436341705967
0.5633630187165551
0.3100414035420038
0.4137642867290459
0.6868712051782748
0.7793736263430152
0.08495990105491286
0.9425322736849339
0.452045617250764
0.9152634125098309
0.2518828444112647
0.06452276359125354
0.248112977164447
0.749713313666883
0.91944740803056
0.9663362925862682
0.545124660967296
0.8801539702923319
0.3302960831450721
0.7359194065523265
0.05292949326855847
0.4520822945306283
0.005593517313997443
0.9290127497653118
0.9122800175679527
0.03676224115822207
0.4093105507070358
0.24335607324684924
0.9511416847963854
0.0522841588506919
0.8048267300301497
0.5256894167941086
0.13161015115681998
0.013951758698782964
0.03676549104377967
0.8216221385918339
0.10702523118293049
0.5708057209128279
0.31946375031222113
0.059015600379215216
0.3181210833075664
0.3475227979471866
0.7120044272726682
0.7760856706974533
0.8051215410771606
0.27724170141722865
0.11412298124073202
0.965593925871039
0.2997819791060215
0.6565702007779297
0.1993424088708876
0.6276448265071809
0.17463817167009762
0.4001351952391962
0.0736428710046139
0.8053759606893843
0.30122214267740427
0.08578815760273585
0.5778923285058605
0.5982082916651578
0.6279094600454427
0.6275292234352033
0.9194557648791367
0.3963481500258598
0.9334312013155537
0.7790881006833117
0.9245622636288594
0.9516839514151395
0.6118800959366216
0.06419313234183968
0.9519072649798832
0.5637585762158518
0.2554990384981443
0.18359299918938568
0.2881798876653844
0.3902351152920115
0.9657949545062449
0.9564297128679683
0.36410603540889597
0.27068436090071973
0.3061712541122659
0.9122479829817421
0.9602260434686122
0.9122586611771457
0.2570538766027739
0.004072570873039971
0.8449112827669711
0.6746776345661543
0.31281819861629157
0.8099847626794285
0.5613281260881313
0.3196346014386779
0.7359096568956536
0.6161337318621566
0.7276577331955382
0.7357076997217169
0.4839423154598913
0.19382085330852278
0.7131692791103856
0.7131637078780012
0.7129529295861224
0.28946312819127157
0.30799536844881104
0.26956686453827017
0.29188568573978074
0.31937089643914685
0.8383451211325201
0.8018591202466941
0.03182612926559086
0.9425355235704914
0.1580818618315798
0.8018540132836751
0.8531502069248561
0.5691923848681615
0.6645226707373805
0.9107047516112469
0.7129134666900658
0.5938562306341642
0.6161337318621566
0.9108793168926266
0.11365221210424518
0.9515177429823364
0.9568498766436296
0.23499411770714074
0.7778234309320393
0.9126514330602501
0.44888533568067923
0.021827624212947358
0.8578054358514375
0.7764784425805576
0.38166934550090487
0.24796023254323973
0.9120070271811143
0.8444005864650623
0.6919577403452865
0.16793551484222735
0.2502407236659452
0.8446661485420549
0.017398958736667344
0.1581078609160406
0.9602831486005529
0.13414134773682612
0.5065503764760284
0.8051461473535253
0.711941750908343
0.9085630770287875
0.26427047961811057
0.5633059135846145
0.5633583760229015
0.24778752433932147
0.35422313342823
0.6105030729989294
0.7198287588872764
0.6352899501467556
0.03537361148639551
0.3082103251649781
0.5397377435208889
0.8871839370227891
0.4521008653052432
0.9951033510034254
0.8052065023710236
0.764041130551617
0.6495430196636647
0.3795327778814646
0.9118881742235792
0.5226322030231364
0.5341683682138908
0.5209812611598749
0.8198825212797863
0.06449955012298496
0.8017750874915619
0.16468655782335664
0.6338994633974675
0.4839358156887761
0.46976910027382607
0.3196545650213889
0.34709427732294856
0.8569084674375396
0.6477151911721966
0.6104919305341605
0.5361155139322594
0.7691815209650117
0.9513092860372846
0.6772139381091794
0.6755012484203234
0.602983302088005
0.7499106281471659
0.420642901646392
0.9303586666555242
0.26274210486730715
0.13984628969851276
0.9602223293136891
0.8082841439940722
0.8032389288005787
0.17651289136746828
0.42936466594426353
0.6643764258872884
0.03442696625040275
0.08496361520983582
0.9515404921812396
0.9658014542773601
0.11758457362894292
0.6638903358617443
0.15448655986614185
0.8049901528467605
0.527024191219552
0.627752536999947
0.4579218746082727
0.14400846455906946
0.6866910686645106
0.8060756146229994
0.9975361224779727
0.5210146885541816
0.7320975411365871
0.8121524363463487
0.4520934369953972
0.1575284527480568
0.25016133360446663
0.779249666422461
0.5878555490867358
0.9387907268694038
0.17974977738283932
0.47492666865373956
0.7098172542924024
0.7497936322670923
0.11501762830780315
0.06420938176962768
0.20851172883697738
0.31283676939090643
0.9451103614708425
0.5209557263447794
0.052130949960119265
0.9118083198927353
0.041835776783003285
0.5209037281758578
0.18816837378512313
0.883828198049883
0.7119412866389776
0.3033090334747498
0.7499802685519718
0.26435961933626195
0.9125748286149638
0.8271144451841803
0.5078995432517983
0.8018396209333486
0.06411884924338021
0.3644718796688088
0.893332720497771
0.07508907007774655
0.5317718097498424
0.80481465902665
0.8800694732678342
0.3845032457071333
0.23937821332434508
0.6277543940774085
0.40322537213510984
0.8936744227506845
0.5341748679850059
0.29045527182507075
0.6953343714396343
0.5808771162558347
0.3456633991388732
0.7497309559027672
0.25838075844900604
0.4276779753398684
0.11206905356832791
0.15939017290319704
0.26258239620561935
0.1870364850723471
0.822278151205104
0.7765327620963062
0.42345033849879427
0.9527443426456482
0.04529458355502196
0.5632822358469806
0.18358510661017438
0.5209032639064924
0.9121732356139173
0.14401171444462707
0.6131275877213752
0.08953109722636196
0.781052424368199
0.4516718804116398
0.8047250550391333
0.1539210797791192
0.909094665452138
0.2907226909795248
0.5342719002823686
0.2769366764441795
0.6276202202308162
0.44795215425628226
0.7617388187687391
0.7123261659428707
0.7292181425325522
0.15155841297874295
0.8284835755426613
0.9123529078583161
0.06378411103094726
0.9134230487454977
0.9212469160907405
0.924550656894725
0.033802523953977905
0.3186754209298201
0.28210631582759266
0.42804985510153104
0.8612688853171099
0.9076173603315255
0.9529365501629121
0.727991078599875
0.1961561282163421
0.4697718858900183
0.11099009156320423
0.8051828246333897
0.7793648052250731
0.912286517339068
0.14830667034368003
0.8048777996603406
0.34075700048562574
0.9587668448532491
0.25132107847916496
0.9135846144846471
0.17897212619584182
0.45221646837722074
0.36446027293467453
0.7358966573534232
0.20851730006936184
0.5397507430631193
0.6278918178095586
0.2776841501224278
0.2502360809722915
0.34082896223725834
0.5344859284598049
0.9134444051363049
0.24794351884608634
0.8121584718480985
0.9125279374090612
0.31962531605137046
0.5357050998132709
0.46953510851367875
0.8448959618779138
0.9401361794902509
0.866192461936876
0.8612554215055142
0.8933257564572905
0.5236967726779336
0.42817752917700824
0.9123269087738554
0.9101197722108786
0.6868609912522367
0.7497267774784788
0.3421618795852403
0.34711099102010196
0.7631553046024879
0.563315198971922
0.39699255590499566
0.20851172883697738
0.1545348438801405
0.5236949156004721
0.5302007222174248
0.6643764258872884
0.20303892155797656
0.13973672212828506
0.35148347990317197
0.8052965706279057
0.685738387926768
0.13415713289524875
0.5100063976318548
0.0376276392552748
0.9127507867044397
0.24334260943525346
0.8051322192725642
0.4276677614138302
0.45210318665207005
0.5455722166355141
0.06420195345978173
0.8121607931949254
0.04184459790094534
0.3632554939315351
0.7788485376907799
0.34215770116095195
0.9142889111119158
0.1440456061082992
0.11403709140813827
0.9120204909927101
0.8052974991666365
0.9568322344077455
0.9125154021361962
0.9109243510210676
0.06378271822285116
0.03795123500293882
0.35114734888264293
0.9574260349260558
0.14364401310725272
0.045947810552099844
0.11408073272848321
0.9197742536637817
0.6958158187715247
0.8051577540876597
0.8124166056152451
0.7129431799294497
0.2450864051715893
0.33495316914911494
0.5344859284598049
0.10313743951730843
0.7726041147265315
0.798510809583634
0.5895844882033797
0.2997819791060215
0.8051433617373331
0.15389740204148525
0.9139091387710419
0.545137196240161
0.4680865880937193
0.11509283994499336
0.915272233627773
0.6197861389595352
0.908564934106249
0.9705017173323826
0.9122229124360121
0.25186473790601516
0.804112683746208
0.730580773119918
0.17896794777155348
0.991643615692676
0.6319151761298691
0.03537361148639551
0.7980158984401478
0.7945292355062068
0.3542361329704604
0.9635961747918448
0.16060795144856685
0.06427855790506806
0.9981953849768005
0.6328460362074393
0.9293372740517066
0.40665168005155244
0.8241380142827828
0.5306417781145278
0.6286629692254408
0.7398694103129083
0.684857668940658
0.8668972228335102
0.4516519168289288
0.7329295118393331
0.5769693610075016
0.921301235606489
0.1407752926986214
0.6866947828194335
0.8124008204568225
0.20067300487204273
0.08845213522123828
0.8833058950138398
0.9117971774279663
0.9820406681393291
0.5956204542225763
0.3770117952274966
0.8445807229788266
0.7764784425805576
0.9424997748293578
0.06430409272016349
0.9334335226623806
0.20341033705027387
0.45207022352712867
0.31284280489265626
0.9119768496723651
0.9513478203946104
0.1411369585342459
0.8229750195225268
0.07619728105288864
0.7981751428324703
0.35114781315200827
0.03725854510980435
0.7119914277304378
0.046246800023399176
0.7892119584646055
0.3761171481604255
0.140794792011967
0.6012441490453229
0.35228480882780344
0.42228920081599985
0.6252872666698237
0.6647775546189695
0.7005026180149513
0.20012238140471197
0.8124091773053992
0.8222725799727195
0.9387925839468653
0.8239202719504235
0.9425067388698384
0.8655981971492004
0.8053875674235186
0.28956805306784555
0.5633676614102089
0.9119694213625191
0.2940556807535277
0.1640115101661063
0.1341464546998452
0.6016471348544655
0.9515585986864891
0.3970984093203004
0.7945454849339948
0.31018022008224994
0.6276155775371625
0.8046465935163855
0.5834895599747809
0.023531028514495882
0.5632864142712689
0.9245738703629937
0.3187199907888958
0.8838300551273445
0.6321422038495359
0.37620350226238464
0.00295553877995582
0.4423637439053039
0.2481213340130237
0.20303660021114972
0.8951786554944886
0.9125641504195602
0.899454112080196
0.6757640248811239
0.43360715940502953
0.929317774738361
0.8994680401611572
0.8994527192720999
0.2997819791060215
0.9245562281271095
0.5613336973205157
0.3647174781630904
0.3456615420614117
0.4265911207555334
0.9644685369293782
0.9347775824751314
0.19314580565127243
0.5064900214585301
0.776482621004846
0.7722972326760208
0.6278444623342907
0.5460764131663078
0.1991827002091998
0.08948699163665165
0.7280203275698934
0.5209770827355865
0.28940138036567714
0.7497852754185156
0.24833768353728686
0.6465916593079972
0.7694382619240623
0.7810538171762952
0.772291197174271
0.3099847626794285
0.6158793122499329
0.8060746860842686
0.9514402099983194
0.47500838006204493
0.40324162156289783
0.06592671415213736
0.6755003198815928
0.9789152067716472
0.24793748334433652
0.2894738063866751
0.8611472467433825
0.13413438369634556
0.3572441341887032
0.19317041192763712
0.2895216261313084
0.7692195910529722
0.3902156159786659
0.8047617323189976
0.4737409246945804
0.1502566016782409
0.028284218277170668
0.9875580452774055
0.6349440694695537
0.1792882936336599
0.04204748361361275
0.6400329259833921
0.07572233349211345
0.5633435194032096
0.243353287630657
0.4521491493192418
0.4349711828004914
0.3815672062405231
0.24347167631882677
0.06418988245628207
0.7831467434753905
0.04620130162559276
0.24798344601150832
0.912747536818882
0.29132299126895034
0.31584616341724536
0.8730863977432795
0.2895801240713452
0.31951946263606573
0.6958450677415431
0.07052576648550876
0.764004917541118
0.9121226302530918
0.5477635680400683
0.5637014710839111
0.5757446184216513
0.8669153293387597
0.9120135269522295
0.1220810224325672
0.9118640322165799
0.3447942868868975
0.9515066005175675
0.08677194438795834
0.9527680203832822
0.9633375767553328
0.24422797111501715
0.9134314055940744
0.15391875843229236
0.0409991633866036
0.993017853014176
0.06439137536085336
0.9209386412321338
0.5301645092069258
0.14103017658021041
0.42624663288642767
0.9747878521134934
0.13985278946962795
0.20841748215580694
0.9602297576235351
0.3143586443705947
0.052273944924653724
0.03307315678097907
0.9574608551284587
0.91188306726056
0.2126506902292655
0.4394017053542329
0.6958766380583884
0.007594518278749184
0.5311255467932451
0.04528622670644527
0.5421171240184185
0.4277002602694062
0.5302011864867902
0.29188522147041535
0.9385465211832184
0.9981912065525121
0.9139314237005797
0.38306354640511586
0.780264094985798
0.23165787804758017
0.26355782614226514
0.8610534643315775
0.9126811462996339
0.4066266095058224
0.7129988922532943
0.9574673548995739
0.5699212877717948
0.34713884718202426
0.8122230052898851
0.9875301891154833
0.3921010138714401
0.20866958042120373
0.04619340904638144
0.6746878484921924
0.0645102283183885
0.9512856082996506
0.6276661828979879
0.9916482583863296
0.12924237739342465
0.3421312378071258
0.730597022547706
0.4521514706660687
0.9091020937619839
0.6395454431497519
0.8906729213035569
0.5917944103825487
0.5768941493703115
0.03380902372509311
0.9574743189400544
0.3012239997548658
0.03725900937916972
0.9516068827004878
0.9060583438026075
0.14080454166863982
0.9117878920406589
0.1256196835354298
0.11364246244757238
0.6354997998999036
0.549336048380582
0.8048355511480917
0.08951159791301636
0.1950581311672382
0.03302905119126876
0.11821412288838686
0.9425489873820871
0.24959585351744398
0.04400298618055807
0.8082957507282065
0.5209784755436826
0.2769366764441795
0.9608913414691896
0.616117946703734
0.7484588578416489
0.9122600539852418
0.9194701572294632
0.9928660369316995
0.9118528897518109
0.8019779732042293
0.7648707799075362
0.8222851152455846
0.952772663076936
0.3640818934018966
0.9126922887644028
0.3487874676984589
0.9927202563509728
0.8995297879867516
0.749724456131652
0.13954590741911732
0.1432874542346473
0.303557881854589
0.6273124096415748
0.3456592207145848
0.5834951312071653
0.9346838000633263
0.8048002666763234
0.5956264897243262
0.33504555875282394
0.10864228138251988
0.3818926590656486
0.46345828679032947
0.7810463888664492
0.46341603827808064
0.664475779531478
0.7536024981406012
0.5432035143333881
0.6585758444363352
0.8297779585333174
0.909098379607061
0.2847781860253064
0.7491506191960526
0.39697537793847687
0.8096263467293616
0.5778895428896682
0.17449749805239
0.41920227380564384
0.2933671692846816
0.2584387921196775
0.9602255791992468
0.9529346930854506
0.9519374424886323
0.19382921015709947
0.9636040673710562
0.251317364324242
0.3610734279142884
0.6279108528535388
0.17947678699600078
0.9119332083520202
0.7701323446252928
0.9125005455165043
0.7122119556789893
0.7808416460763203
0.5613290546268621
0.8017788016464849
0.44891458465069767
0.11412530258755887
0.6868888474141589
0.805315605671886
0.9574264991954212
0.3530982087559345
0.7723933364346527
0.5808720092928156
0.30684630176951627
0.7617267477652394
0.10699041098052761
0.19936005110677174
0.7309071544837743
0.37359152281280383
0.014424384912731287
0.8066104529319075
0.9451080401240156
0.9608931985466512
0.1777692042701639
0.12409316586208785
0.9932235243430356
0.7764840138129422
0.5305856015213178
0.36409489294412706
0.39712765829031876
0.8052947135504442
0.45213104281399236
0.035326256011127606
0.02233971332295227
0.8052798569307523
0.5301867941364636
0.9519146932897291
0.805165646666871
0.3197348836215982
0.26973771566472693
0.9347678328184587
0.6745132832108126
0.15902247156582272
0.7494551798997364
0.9125465081836761
0.7303634950569241
0.24833582645982538
0.7359212636297879
0.1957796057610257
0.7926104102191258
0.016548417259306513
0.8229926617584109
0.9777610331293334
0.2442159001115175
0.14441609306186576
0.6643764258872884
0.5064881643810686
0.11756553858496269
0.42761019201252415
0.7358400164908478
0.7810055331622965
0.9512851440302852
0.01740081581412883
0.3969586642413235
0.9663957190650357
0.25837797283281383
0.5579765655395135
0.6856483196698859
0.4293655944829943
0.08949627702395908
0.25187588037078407
0.05244851020603346
0.34566572048570005
0.6029823735492743
0.7777932534232902
0.34479010846260916
0.6932530518746732
0.7725966864166854
0.9519044793636909
0.04356750151583948
0.735768983277946
0.35307778090385816
0.9981916708218775
0.251870773407765
0.627734894764063
0.6027047404687821
0.3909914100882019
0.614065411839426
0.15837017310747556
0.39031729096968226
0.3644635228202321
0.24013497238990084
0.7491529405428795
0.8666149470593643
0.36327035055122703
0.475013487025064
0.17933286349273558
0.1397622569433805
0.5301937581769443
0.30666755806384816
0.42063918749146906
0.43589182895202333
0.8054019597738451
0.9121672001121675
0.3960059835035809
0.4520841516080898
0.15936881651238996
0.6395551928064247
0.2776841501224278
0.10331339760678428
0.7778108956591743
0.6428222563305449
0.8801470062518513
0.2557186379079651
0.29847320376503883
0.9621639037996733
0.2893753812812163
0.8443806228823514
0.4001788365595412
0.1410617468970557
0.6957879626096024
0.6495425553942993
0.798006148783475
0.42765429760223445
0.9124411190377367
0.541465754098802
0.8053016775909249
0.03533275578224281
0.34218602159223965
0.5451232681591999
0.3160249071229135
0.6395338364156177
0.6465781954964015
0.16068316308575706
0.9127702860177852
0.7356923788326597
0.8122104700170201
0.4262605609673888
0.9125409369512917
0.8197274553117523
0.14117038592855266
0.6480007168319001
0.11543175658171466
0.5982017918940425
0.9159426385913696
0.8048104806023616
0.8434121569861861
0.9515228499453555
0.6349473193551113
0.2635629331052842
0.08947817051870958
0.96577638373163
0.10330550502757296
0.9953721629659755
0.612300259712283
0.9951056723502523
0.9124425118458328
0.7449847301805729
0.1603911376549383
0.36326524358820794
0.7298941187285334
0.8051712178992554
0.9127707502871506
0.8527124009133107
0.7531052656502881
0.9747832094198398
0.8389560996173492
0.8216105318576996
0.14115877919441835
0.8256905310405855
0.7579141677368075
0.866918114954952
0.13284325059124705
0.3000498625298409
0.9120088842585757
0.912011669874768
0.9124420475764675
0.8124342478511293
0.5909986526903017
0.9574408915457477
0.6400319974446614
0.29034338290801615
0.1397325437039967
0.7914692361190424
0.9657991329305332
0.427766186519289
0.3475409044524361
0.9848272128702896
0.8301953366927864
0.3143530731382102
0.8018391566639832
0.8611695316729204
0.9085301139038461
0.5065229845834714
0.4276552261409652
0.2895016625485974
0.951504743440106
0.7981458938624518
0.3470594571205457
0.07362244315253756
0.7530936589161539
0.7808411818069549
0.75029040048804
0.141000927610192
0.3475227979471866
0.5209803326211442
0.9004258278619188
0.8053550685679426
0.8644927717902505
0.2511488345446121
0.5226215248277328
0.0535706492621367
0.15813618134732826
0.5637116850099493
0.5305651736692415
0.6643894254295188
0.017386887733167683
0.9108793168926266
0.7623265837852996
0.9519509063002282
0.43237638131742934
0.11510026825483931
0.08958216685655283
0.30359595194254946
0.9920164239930694
0.06445405172517854
0.7308932264028131
0.45208043745316684
0.34569311237825695
0.9117874277712935
0.9120121341441334
0.8914830713461305
0.8047914455583814
0.6350624581577234
0.7311778235237859
0.6596998405698999
0.9559023028689061
0.6335772604578996
0.21084003970431614
0.5460717704726541
0.24788130675112655
0.5396411754928916
0.7357271990350626
0.9855454375785195
0.2633099063011567
0.14118477827887918
0.33504834436901615
0.8047320190796139
0.24794816153974006
0.20866958042120373
0.9845649006788547
0.6279038888130583
0.6354111244511176
0.4325611605248472
0.9973894133585153
0.2627411763285764
0.5631624543507147
0.2894413075310991
0.24512029683526143
0.9789124211554551
0.40518041043268976
0.26249604210366023
0.6529939338564721
0.03387402143624514
0.8923558977530291
0.17657835334798566
0.960232078970362
0.08952831161016973
0.12372778587154037
0.5938604090584524
0.8383539422504622
0.14100232041828814
0.975073377773197
0.02703719076178246
0.7980135770933209
0.7653201926532158
0.8052821782775792
0.9122080558163201
0.5455192899278618
0.34708777755183334
0.43740859696869244
0.6840739822519107
0.9124940457453891
0.1441189606680279
0.9292049572825757
0.9516440242497175
0.16793551484222735
0.801877691021309
0.08487447549168448
0.07572604764703643
0.9515725267674503
0.31850503407272873
0.6246298612484574
0.16060423729364387
0.7848116134196131
0.9927044711925501
0.6276471478540077
0.7357109496072746
0.9355231990759183
0.24515418849893358
0.6985652219532555
0.13140865825224868
0.24494851717007393
0.3487874676984589
0.4277694364048466
0.5064784147243958
0.8446758981987277
0.33495316914911494
0.7356923788326597
0.9833568717901576
0.052275802002115214
0.9881676309541385
0.8964679315221257
0.8730836121270873
0.6038793419631723
0.8048731569666868
0.2903252764027667
0.15390111619640823
0.8019891156689982
0.938546056913853
0.8881069045211479
0.21110420897321258
0.26356061175845735
0.8049813317288184
0.432797009362456
0.08950324106443966
0.7756636498443304
0.9558419478514079
0.45213614977701144
0.42775132989959713
0.05226465953734629
0.7305895942378601
0.0029597172042441647
0.2776841501224278
0.06430641406699035
0.5834895599747809
0.924565513514417
0.7279929356773365
0.7279845788287598
0.3470789564338913
0.6772139381091794
0.42766590433636875
0.04660382316536996
0.4276529047941383
0.91227026791128
0.7579174176223652
0.7129988922532943
0.7130332481863317
0.5209236917585688
0.5255807777626117
0.24794166176862487
0.4483347122133485
0.9848272128702896
0.7198157593450459
0.9928386450391425
0.02233971332295227
0.25843322088729304
0.9974019486313803
0.951714593193254
0.02825311222969077
0.07352726793263638
0.805299356244098
0.5633769467975164
0.24868867117750781
0.4392489607330256
0.054757321760026595
0.9209976034415359
0.28937816689740853
0.2614802207322271
0.5997440947258071
0.41602249292221355
0.9122280193990312
0.34755111837847424
0.9763770461511605
0.2904933419130312
0.0715545873991723
0.7122894886630063
0.06423723793154998
0.6479468615855171
0.69579121249516
0.7356923788326597
0.7996380556027562
0.6245267934493449
0.48435087250141834
0.9123970134480265
0.12056425441589808
0.6104756811063725
0.4318118297691374
0.9516537739063903
0.7777927891539248
0.531132975103091
0.40664053758678353
0.824904058735646
0.014764230088183323
0.24506783439697444
0.6072787222564234
0.35228713017463026
0.8050992561476228
0.1120825173799237
0.6266726464560927
0.1495643760544718
0.7357137352234667
0.0590142075711191
0.5455921802182252
0.7835409081665909
0.7511650839724001
0.8838203054706716
0.04624447867657232
0.7005012252068552
0.2906813710060067
0.4066479658966295
0.8801474705212167
0.7626316087583487
0.9973801279712079
0.04019458457641456
0.03725250960805452
0.5455336822781883
0.8122290407916349
0.7486199593114328
0.34707106385467995
0.5253398219619838
0.4141041319044979
0.7694220124962743
0.3816865234674236
0.046359153209819114
0.25549532434322136
0.8801632556796393
0.9124448331926597
0.8044683140800828
0.14098885660669236
0.6868456703631793
0.9206874715054677
0.9655929973323082
0.48396552892815986
0.7276530905018844
0.1502552088701448
0.7358915503904041
0.713072246813023
0.11406216195386834
0.9121300585629377
0.26355550479543827
0.2895160548989239
0.9109280651759906
0.7309521886122153
0.31937043216978145
0.9511881117329225
0.9916468655782336
0.8054066024674988
0.5613332330511505
0.07619217408986954
0.6184894346220522
0.4263404152982327
0.9387986194486151
0.14094289393952056
0.9916450085007721
0.8559901426328345
0.06436351919893106
0.9515841335015846
0.8936878865622804
0.6747612030519211
0.7315510960935447
0.8800782943857762
0.23166112793313778
0.798159821943413
0.6018797338065167
0.04184599070904146
0.1409962849165383
0.9808985655005149
0.2896664781733043
0.40017187251906056
0.7311759664463244
0.5012832405258872
0.630794429881862
0.9076196816783523
0.11408537542213693
0.7124018418494263
0.45167234468100514
0.14831084876796838
0.0077268350478801
0.9425448089577988
0.375529383143865
0.9516523810982942
0.2514167179684315
0.6335856173064763
0.6579003325097195
0.11821783704330983
0.44892758419292805
0.7122119556789893
0.1593864587482741
0.24761063771111488
0.9330881062545441
0.7568946322104515
0.17778034673493284
0.7511567271238234
0.5310990834394189
0.1407850423552942
0.7484635005353025
0.7924423447088613
0.8009514736373926
0.7935640194955992
0.7985205592403067
0.23509997112244546
0.9118176052800426
0.19381853196169593
0.9106378968226333
0.4165861159317747
0.44889694241481354
0.6868809548349476
0.3014705267878781
0.6494107028945337
0.15936788797365922
0.633675221293993
0.9574455342394014
0.26275696148699906
0.269730287354881
0.852698937101715
0.468078695514508
0.557671076297099
0.9802476598502639
0.8018605130547903
0.45211386484747357
0.34216930789508626
0.6643945323925379
0.4066479658966295
0.6585739873588737
0.0380515171858591
0.01654284602692205
0.6409786426806542
0.023524064474015307
0.4001681583641376
0.8052213589907156
0.8610372149037895
0.5350017317247329
0.4165633667328715
0.5632372017185395
0.7812785235491351
0.847730790622873
0.30595769020419494
0.7502764724070788
0.20842212484946065
0.022022617346403445
0.6352932000323132
0.9152490201595044
0.940126429833578
0.9930197100916375
0.0462054800498811
0.7320896485573758
0.027007477522398675
0.915931960395966
0.34754554714608976
0.9663451137042103
0.7119450007939007
0.15806329105696493
0.6958227828120053
0.37593933299348814
0.5604627279910785
0.6277051815246791
0.5451251252366613
0.11412808820375112
0.15028817199508618
0.7397268796177392
0.6307888586494775
0.9707969926487588
0.7518132040064589
0.5633463050194019
0.5632683077660193
0.1441301031327968
0.439406812317252
0.02233971332295227
0.24074409379726844
0.3059572259348296
0.6644827435719585
0.40880913979243444
0.7486078883079331
0.5778886143509375
0.6479775033636316
0.5769702895462324
0.9877586096432461
0.2797455061046779
0.6518309390962161
0.3542342758929989
0.24959585351744398
0.07293625303051829
0.24014657912403514
0.534163725520237
0.8113970700888891
0.8626171235541491
0.2914492725363314
0.38188755210262953
0.30642753080195106
0.15754238082901795
0.7923959177723242
0.6276438979684501
0.12361496841575507
0.911971742709346
0.3700468262081914
0.6355025855160957
0.20301663662843872
0.4064478658001543
0.8083737479815889
0.6757672747666814
0.8261153375099005
0.059425085959473
0.11048914491796824
0.7098260754103445
0.4586503132425408
0.9571015106396611
0.7358316596422712
0.15390761596752342
0.7819888556781536
0.8993217953110652
0.43237638131742934
0.9657740623848031
0.06423213096853089
0.3421642009320672
0.8560913533544855
0.7694507971969273
0.912678824952807
0.7945454849339948
0.3128423406232909
0.711985392228688
0.9943679483286767
0.10331432614551501
0.24506829866633983
0.02354402805672629
0.2896214440448633
0.8051809675559282
0.3741662882871339
0.6958808164826767
0.9212826648318742
0.05421412660254178
0.8044678498107174
0.16447020829909348
0.5455281110458039
0.10437703872285069
0.08947817051870958
0.6932595516457885
0.6527325502037679
0.42626288231421566
0.37416582401776854
0.1489752182298152
0.6745383537565427
0.9512972150337848
0.17928550801746768
0.3816725953864625
0.8745455963586425
0.5301789015572523
0.5834895599747809
0.9120697035454395
0.9290471056983494
0.9765437188533289
0.3507007217531554
0.7130276769539473
0.46807730270641185
0.9060355946037043
0.392095906908421
0.19316855485017564
0.7840850318628065
0.7981301087040292
0.9516992723041967
0.0705169453675667
0.21084096824304688
0.9568299130609187
0.07572836899386329
0.627586328567144
0.5637557905996596
0.5683803777481264
0.052272087847192235
0.9516950938799084
0.8229731624450654
0.849572082925937
0.4591275821501429
0.5633240200898639
0.5252297901223907
0.9401417507226353
0.5455698952886874
0.25839190091377495
0.2514092896585856
0.8014909546399545
0.7847972210692866
0.9118468542500611
0.9214600157294461
0.8611913523330929
0.6643773544260192
0.2584039719172746
0.019092613381543066
0.7119612502216887
0.24014007935291992
0.9210421733006117
0.7302311782877932
0.27724170141722865
0.8301976580396133
0.4275814073118711
0.730390886949481
0.695819997195813
0.7723951935121142
0.7398935523199076
0.5210207240559315
0.9518102326825205
0.7767003633372054
0.7881172113010592
0.3067413768929423
0.6284141208456017
0.9108946377816838
0.3795327778814646
0.899466647353061
0.7303867085251926
0.7494482158592558
0.07364797796763299
0.9961915983958565
0.24813015513096576
0.7511441918509584
0.27072335952741095
0.2502495447838873
0.2627411763285764
0.5633147347025566
0.5361201566259131
0.997394056052169
0.6277706435051965
0.15808696879459888
0.8801590772553509
0.4063745112404256
0.03381180934128534
0.8801804336461581
0.06449119327440826
0.831026843126167
0.9293228817013801
0.8449057115345867
0.3770062239951122
0.9518631593901729
0.0038241867625661468
0.97477113841634
0.6645802401386866
0.28362354811362717
0.06963251222653374
0.4242535245008872
0.14437013039469396
0.47501209421696794
0.41602156438348276
0.525593777304842
0.7778090385817128
0.1634776003959289
0.06421309592455066
0.04657225284852469
0.8050755784099889
0.6350680293901079
0.9514420670757808
0.25131504297741514
0.563477693249802
0.33504045178980485
0.9135832216765509
0.2501576194495437
0.6643764258872884
0.5087468348436016
0.9127015741517103
0.8569107887843663
0.4281705651365277
0.19653775763467757
0.29916217950325036
0.5599501746117083
0.19314905553683
0.04100194900279583
0.8018396209333486
0.7398708031210044
0.19653450774911999
0.10353253274723968
0.7912640290595481
0.08957613135480301
0.6286378986797108
0.685637177205117
0.8051503257778136
0.9848272128702896
0.10701083883260397
0.9401259655642127
0.883800806157326
0.9378334034380075
0.5455958943731481
0.9091053436475416
0.6284145851149671
0.5815526281824505
0.7918276520691093
0.9121096307108614
0.9938883580742478
0.34705713577371883
0.06421216738581992
0.9134574046785352
0.9122995168812984
0.2631956960372753
0.06968497466482074
0.47404130697397584
0.6578901185836813
0.9970203192130449
0.5344998565407661
0.19382921015709947
0.4614099303503098
0.951537242295682
0.8124054631504762
0.951170005227673
0.1993164097864268
0.1835586432563482
0.18359160638128957
0.776113991128741
0.6495263059665113
0.16931996608976554
0.7511567271238234
0.17161299248533604
0.8610534643315775
0.5579830653106287
0.8052241446069077
0.6578780475801816
0.6597003048392653
0.5896095587491098
0.3198853068959786
0.5099971122445474
0.3160174788130675
0.7302311782877932
0.9122085200856855
0.14364401310725272
0.7129130024207004
0.158068398019984
0.6140691259943489
0.3195575327240262
0.0849770790214316
0.11049332334225659
0.08677194438795834
0.15936045966381326
0.25142321773954673
0.5810006119070236
0.5815465926807006
0.9118422115564073
0.950793947041722
0.9415879497957679
0.19687760281012961
0.16455841947851407
0.11401062805431209
0.9387925839468653
0.15938692301763946
0.5304737126042633
0.9515163501742403
0.762626966064695
0.9355255204227451
0.6161258392829453
0.9619326976557183
0.07337173769523687
0.9708188133089314
0.8801706839894853
0.2896664781733043
0.289613551465652
0.39052574791473416
0.8838351620903635
0.7124171627384835
0.4137605725741229
0.3753511037075623
0.39052528364536876
0.09822407682358043
0.7234273107382718
0.5917846607258759
0.7723794083536916
0.8048759425828791
0.7645815400929096
0.9518130182987128
0.6840674824807955
0.3971095517850693
0.7835515863619945
0.7735015474097948
0.6038914129666719
0.9928646441236033
0.9516426314416214
0.033816916304304424
0.8018790838294052
0.8936688515183001
0.11409187519325212
0.4186056876711413
0.8115196372013471
0.31001169030262005
0.7830529610635854
0.5209682616176444
0.9194683001520018
0.26275696148699906
0.06967197512259032
0.577696871103039
0.9515813478853923
0.9290220351526193
0.5692095628346802
0.19653125786356238
0.899324116657892
0.6352969141872361
0.5497636404660893
0.3045282048282157
0.5226210605583674
0.861183924023247
0.912047882885267
0.0708934678228831
0.5253393576926184
0.8297779585333174
0.6279076029679812
0.93878608417575
0.17164270572471985
0.9789282063138777
0.7892305292392203
0.34566061352268096
0.26671950052044596
0.5301756516716947
0.5305846729825872
0.9658033113548216
0.3475436900686283
0.8054038168513066
0.2558337767105773
0.801506739798377
0.014764230088183323
0.19317459035192547
0.8871635091707127
0.06429295025539458
0.00760194658859513
0.07570840541115231
0.7723789440843262
0.43588486491154277
0.5938246603173188
0.6868479917100062
0.6284141208456017
0.6757770244233542
0.7123284872896976
0.844902461649029
0.649420916820572
0.6338093951405854
0.3644644513589629
0.31212133029886874
0.2943036005946362
0.7810213183207191
0.9663362925862682
0.7208524728379208
0.05344436799475561
0.08487447549168448
0.6958093190004094
0.9085496132171917
0.1395463716884827
0.2513651840688753
0.44891087049577466
0.23187422757184337
0.24806144326489074
0.37700668826447753
0.24747321397896488
0.9387967623711536
0.9401445363388276
0.7626288231421565
0.28959265934421025
0.624656788871649
0.8730803622415296
0.7202647078213603
0.7328306224645089
0.4460987909497187
0.7761135268593756
0.8066099886625421
0.9091095220718299
0.37359245135153457
0.7980172912482439
0.8383530137117314
0.950971297939294
0.9875464385432713
0.15806282678759956
0.318108083765336
0.11364989075741833
0.04528761951454138
0.8018679413646362
0.6349440694695537
0.8048341583399956
0.8060705076599802
0.7356923788326597
0.1237291786796365
0.8871779015210393
0.5064779504550304
0.4322032088441457
0.39710537336078094
0.2502221528913303
0.0708837181662103
0.7398754458146581
0.11658918010958615
0.1141150886615207
0.17775713326666426
0.5905450615203336
0.5897293402453756
0.9262768103951768
0.0038176869914509437
0.4349739684166836
0.9649332705641152
0.781282237704058
0.9644764295085895
0.017401744352859575
0.6608800132966747
0.9401310725272317
0.2583905081056789
0.7329276547618716
0.010737621882315144
0.5905315977087379
0.7359073355488267
0.938797226640519
0.16467309401176086
0.3969897702888034
0.5463958304896834
0.7761506684086054
0.9330829992915249
0.1606102727953937
0.8053662110327114
0.7484588578416489
0.5304876406852245
0.686848920248737
0.1341339194269802
0.6958390322397933
0.9330890347932748
0.5952495029996444
0.7276544833099806
0.8959758059948317
0.5209965820489322
0.633570296417419
0.3186754209298201
0.03676781239060653
0.7007468237011368
0.921760862278207
0.7691717713083389
0.9118598537922915
0.6755239976192267
0.7780453516886869
0.9118254978592539
0.8044297797227569
0.9513385350073029
0.12361821830131267
0.7759491755040341
0.007731013472168444
0.7497230633235559
0.7398921595118115
0.7691838423118386
0.4489382623883316
0.8222637588547774
0.9574534268186128
0.14404282049210695
0.8937556698896246
0.5253351792683301
0.05600295646731868
0.07570933394988305
0.6428236491386411
0.26318641064996784
0.6277288592623131
0.9004174710133421
0.11269210305665665
0.24869656375671914
0.40013287389236935
0.5579719228458598
0.6518355817898698
0.5257205228415885
0.5803009579734085
0.862691870921974
0.9004077213566694
0.14110120979311228
0.633881356892218
0.7398615177336969
0.9106453251324793
0.16460113226012826
0.7780383876482064
0.5451214110817383
0.6827879561098312
0.1765203196773142
0.05242901089268785
0.06455061975317583
0.0645199779750613
0.10698669682560465
0.19935169425819504
0.9513227498488803
0.28362169103616564
0.2478919849465301
0.36407771497760827
0.5222960720026073
0.8018544775530404
0.9511630411871925
0.6194342227805835
0.9955142293917792
0.7780551013453597
0.6868637768684288
0.942517417065242
0.11697963064586368
0.11569685438934187
0.7276479835388654
0.7831430293204675
0.1931611265403297
0.633695184876704
0.17928597228683305
0.9747678885307824
0.8198648790439023
0.08849856215777545
0.9518835872422493
0.6928848862679335
0.29035870379707346
0.9205774396658746
0.3902351152920115
0.04189427472304011
0.94255873703876
0.5768639718615624
0.891473785958823
0.4276779753398684
0.05601734881764521
0.7781934536162405
0.4212552729393172
0.801517882263146
0.06436723335385404
0.727352708222489
0.08497568621333548
0.04186131159809872
0.20274411051096558
0.24796348242879732
0.6480211446839765
0.32474667142078495
0.5301737945942332
0.5055990885463819
0.4097957121938492
0.43333649036501787
0.610477538183834
0.19908613218120247
0.8838221625481332
0.7130021421388518
0.08495572263062451
0.34705852858181496
0.2475943882833269
0.13412974100269184
0.5681742421499014
0.03531093512207034
0.07051508829010521
0.5451474101661992
0.06428737902301011
0.11261828422756255
0.5633031279684223
0.9571131173737953
0.15388950946227395
0.17655560414908247
0.2564076136461766
0.6527176935840759
0.8048290513769765
0.6353075923826397
0.9514643520053186
0.26258703889927304
0.8051117914204878
0.9424923465195119
0.2558333124412119
0.29187547181374257
0.9519198002527482
0.9512568235989975
0.5455847519083792
0.27073450199217985
0.06366618661214288
0.3079976897956379
0.11177284971322081
0.1965242938230818
0.7802650235245288
0.93854234275893
0.7835409081665909
0.5681733136111707
0.2513893260758746
0.7312298216927076
0.2583802941796407
0.4276747254543108
0.9245715490161668
0.525576135068958
0.9738927407770569
0.9313577743298039
0.9981833139733008
0.5768871853298309
0.7497927037283616
0.6276081492273164
0.9355245918840144
0.7965325578177854
0.5633100920089028
0.2478919849465301
0.3970060197165914
0.9126523615989809
0.6400324617140268
0.28369736694272124
0.002956467318686563
0.9558549473936382
0.8050700071776044
0.43918442729123897
0.2884937337563756
0.7303681377505777
0.8278154919258914
0.5572211992820538
0.29131231307354677
0.39700230556166843
0.3605455536458609
0.9928497875039115
0.2895717672227685
0.24338485794750228
0.9535057444048577
0.39042685853991
0.5982115415507154
0.7358233027936945
0.5792503163995725
0.9955133008530486
0.5226201320196368
0.14993857716296133
0.11225568985320732
0.6349333912741502
0.804872228427956
0.18703277091742412
0.9122679465644531
0.9519527633776896
0.5815326645997394
0.7202647078213603
0.7498428448198217
0.7981593576740477
0.805105755918738
0.7817548639180063
0.4488876570275061
0.5119962561318376
0.5637720400274476
0.805109470073661
0.5930214743152259
0.80503332989774
0.8060835072022107
0.9877702163773804
0.9119763854029997
0.5455364678943806
0.9425373806479529
0.15813943123288587
0.7653201926532158
0.5222928221170497
0.6745267470224084
0.06418059706897464
0.8580129642577586
0.9574288205422481
0.7645801472848135
0.14086814657169572
0.764033702241771
0.15811203934032894
0.036754812848376124
0.9895362970432541
0.8249077728905689
0.5493903678963306
0.42759672820092837
0.8446805408923814
0.8936688515183001
0.9709265238016975
0.43925360342667935
0.3572441341887032
0.20067300487204273
0.4520530455606099
0.39438846903462615
0.4591271178807775
0.08487447549168448
0.34707617081769904
0.3844958173972874
0.9118203908962349
0.963598960408037
0.8610534643315775
0.30451056259233156
0.41921341627041275
0.45210504372953153
0.7130643542338116
0.9108783883538958
0.3195579969933916
0.748206759576252
0.2769496759864099
0.24508594090222394
0.5905371689411223
0.12363121784354308
0.046238907444187856
0.8936721014038577
0.633631579973648
0.8800713303452957
0.8933271492653866
0.28366161820158764
0.04623751463609174
0.017392923234917514
0.14111931629836177
0.4091916977495007
0.9981977063236274
0.577673193365405
0.0649587125253375
0.8838124128914603
0.08578955041083196
0.6518300105574854
0.6140677331862529
0.1634780646652943
0.05212816434392703
0.9789012786906861
0.5253491073492912
0.2518819158725339
0.9527336644502448
0.10331246906805354
0.043008985469297406
0.4064497228776158
0.6845869999006463
0.9076178246008908
0.19908056094881801
0.3303025829161873
0.6582322851059602
0.7329062983710645
0.7840771392835952
0.9388385466140371
0.24798716016643127
0.7098302538346328
0.656578093357141
0.6745323182547929
0.1957679990268914
0.8383441925937893
0.35922749291757083
0.8449019973796636
0.8047208766148449
0.42626752500786935
0.26330851349306056
0.8871820799453276
0.5633509477130555
0.6579059037421039
0.9057746752203655
0.9943656269818498
0.027007477522398675
0.03380716664763162
0.8658934724655768
0.5431366595447746
0.9123765855959501
0.7356923788326597
0.4843076954504388
0.002975038093301429
0.2896664781733043
0.9513176428858612
0.18378474243728418
0.9765506828938095
0.6131006600981836
0.05227673054084595
0.7280175419537012
0.15778751505393418
0.7486199593114328
0.44794101179151335
0.9519518348389588
0.8446972545895348
0.735828874026079
0.9928432877327963
0.42064429445448814
0.25135729148966396
0.9214618728069076
0.06644205314769987
0.684590249786204
0.9766983205519977
0.14403678499035713
0.45205072421378306
0.8390266685608857
0.5925771685325653
0.43183086481311767
0.07364565662080613
0.7397273438871046
0.8015034899128195
0.731578952255467
0.1240857375522419
0.9705082171034977
0.7848018637629404
0.011058432013786944
0.06445590880264002
0.7809804626165664
0.8052937850117136
0.6579086893582962
0.5208958355966465
0.8800796871938724
0.6131192308727985
0.3487874676984589
0.5584088003186745
0.5236935227923759
0.06421588154074288
0.9134495120993239
0.8216239956692953
0.8124077844973031
0.7214499875111541
0.6336770783714545
0.5087449777661401
0.7497328129802286
0.2506353526265111
0.7981774641792971
0.6284141208456017
0.2110173906018881
0.7130638899644463
0.6527163007759799
0.5604613351829825
0.9126036133156168
0.9558828035555605
0.546074091819481
0.9943893047194838
0.08949720556268982
0.8009463666743736
0.7920133598152579
0.02188519361425344
0.8050848637972963
0.3012179642531159
0.9514833870492989
0.416489083634412
0.9293289172031299
0.9649328062947498
0.5209055852533193
0.8123994276487264
0.43366240745950874
0.7198315445034685
0.9558656255890418
0.452123150234781
0.5302438992684043
0.9134536905236122
0.31988577116534395
0.9214604799988114
0.14107660351674758
0.1541304652629018
0.7357360201530047
0.8897573821150441
0.7926141243740489
0.8567487587758517
0.6844918246807452
0.04852821968483539
0.335204338875781
0.8151330456720346
0.9425364521092221
0.20841748215580694
0.2557218877935227
0.03540611034197153
0.9121398082196106
0.8030179365826617
0.5983610362863651
0.14400660748160796
0.6152590483777964
0.3407611789099141
0.8666130899819028
0.2896664781733043
0.163967404576396
0.05226976650036538
0.40635733327390683
0.14407717642514445
0.7321031123689716
0.312120401760138
0.711952893373112
0.6342225948757662
0.9060318804487814
0.052927636191096986
0.30553102665741844
0.525561278449266
0.06448190788710083
0.3196527079439274
0.798151000825471
0.19951233145861363
0.023527778628938283
0.6585702732039508
0.9152940542879454
0.1767872745624029
0.7793717692655537
0.5613258047413044
0.5493276915320053
0.3624574148924613
0.8881027260968596
0.42776850786611587
0.9209386412321338
0.4052059452477852
0.29133041957879624
0.053437403954275035
0.7617146767617398
0.8666093758269798
0.7760884563136455
0.46953232289748653
0.09296436918328518
0.4319139690295192
0.9107010374563239
0.8054052096594027
0.9658014542773601
0.08595065188061592
0.7484588578416489
0.25132711398091484
0.8800936152748335
0.6855805363425417
0.9415874855264026
0.03537361148639551
0.5633866964541892
0.24758649570411556
0.03377931048570933
0.8053982456189221
0.9121068450946692
0.8049622966848382
0.8113984628969851
0.5356911717323097
0.4186056876711413
0.3652523164719985
0.7999133673364216
0.8526910445225035
0.14109378148326635
0.911922994425982
0.5884470282582192
0.5983610362863651
0.7357081639910823
0.046365188711568944
0.5455935730263213
0.6746883127615577
0.5210304737126042
0.7280133635294128
0.0649670693739142
0.9513459633171489
0.8018600487854249
0.3458166080294458
0.34155600806343034
0.4091912334801353
0.15391225866117714
0.7617332475363546
0.20842073204136455
0.6277571796936008
0.34220552090558526
0.5591442029934232
0.7007519306641559
0.09857924288808972
0.5493518335390046
0.7536150334134663
0.6645723475594753
0.8658939367349421
0.27724170141722865
0.04618551646717012
0.7615373258641678
0.8801813621848887
0.9001769794820796
0.06456501210350235
0.8669218291098749
0.41921713042533576
0.4579218746082727
0.8019751875880371
0.14407903350260595
0.5099998978607396
0.29602836128699184
0.610486359301776
0.7491524762735141
0.08578119356225528
0.35421199096346107
0.8907388475534397
0.13008549056093954
0.30665734413781
0.14009838796390955
0.4325528036762705
0.7359068712794614
0.6928946359246063
0.3247508498450733
0.9292044930132103
0.0636722221138927
0.11509701836928171
0.6131080884080297
0.5065201989672792
0.7324290294634624
0.9517665913621756
0.9808878873051113
0.1407752926986214
0.5874033507248637
0.912116594751342
0.5255705638365735
0.865597732879835
0.7883465603675528
0.5358425235454208
0.8284222919864322
0.419219916041528
0.8914770358443806
0.2451212253739922
0.3194609646960289
0.8991987639292416
0.3902351152920115
0.5551134163632666
0.804156325066553
0.7985614149444594
0.8017142682046983
0.7315422749756026
0.7819902484862498
0.6286560051849602
0.15901272190914992
0.7567056745787452
0.2905179481893959
0.3045087055148701
0.1070266239910266
0.3115326367435775
0.6330842063918749
0.24746207151419597
0.695836246623601
0.08899997307237681
0.8449145326525287
0.4479400832527826
0.1931430200350802
0.9126681467574035
0.2625712537408504
0.1515365923185705
0.8047965525214005
0.9568526622598218
0.5210262952883159
0.7291113605785168
0.727365243495354
0.34214655869618305
0.17933704191702393
0.547764496578799
0.6167284609191976
0.16310247074870862
0.6219835258658392
0.15809346856571407
0.01759720175568103
0.8871755801742124
0.7198152950756805
0.04659082362313956
0.06448562204202381
0.9120023844874605
0.801776480299658
0.47500141602156437
0.40880913979243444
0.905906527720131
0.3487874676984589
0.7793750191511113
0.06453994155777229
0.13984489689041665
0.9955179435467022
0.11047475256764172
0.8183258260976952
0.8659881834161126
0.24524936371883477
0.9124049060272378
0.700749609317329
0.6349347840822462
0.4332153160606559
0.251422289200816
0.03677199081489488
0.38166330999915504
0.29049612752922344
0.15938553020954332
0.7303899584107503
0.2769366764441795
0.19908056094881801
0.5938566949035294
0.5768853282523694
0.28477029344609506
0.1528866876330712
0.3470979914778715
0.8018521562062136
0.5497641047354547
0.8037417325232762
0.40984121059165557
0.15812457461319399
0.8610534643315775
0.6510918222665445
0.6395491573046749
0.8800912939280067
0.0038246510319315183
0.24508872651841618
0.6645746689063021
0.6335786532659957
0.130091061793324
0.913413299088825
0.8047445543524788
0.6154549700499833
0.06371447062614152
0.3421604867771442
0.07086421885286467
0.7810078545091234
0.2513693624931636
0.7311796806012474
0.6277650722728121
0.7196871567308379
0.07620238801590773
0.05358643442055933
0.711941750908343
0.9527420212988214
0.761721176532855
0.5396281759506611
0.5604636565298093
0.5910009740371286
0.43925499623477543
0.10864320992125064
0.4276724041074839
0.20842073204136455
0.9927197920816074
0.6579026538565463
0.11411648146961682
0.24524379248645028
0.6193543684497396
0.8871727945580202
0.9558920889428679
0.7329030484855069
0.9119773139417304
0.5779345770181092
0.6354101959123868
0.6278621045701748
0.9535001731724733
0.26066217811044223
0.9514481025775307
0.06496614083518344
0.3970881953942622
0.04712241204649008
0.9953763413902639
0.8936758155587807
0.20851172883697738
0.10437564591475457
0.5304932119176089
0.39701019814087973
0.3902351152920115
0.5308061294698694
0.28370200963637493
0.6578817617351046
0.4277559725932508
0.25188145160316855
0.5633342340159021
0.9509972970237548
0.5451330178158726
0.5895872738195719
0.6585846655542773
0.5415483940458382
0.9090923441053111
0.5779373626343015
0.15413139380163254
0.9902735567954642
0.13284000070568944
0.686836384975872
0.911950386318539
0.16067480623718036
0.15827871204249735
0.0637181847810645
0.8495790469664175
0.20851172883697738
0.9515089218643944
0.6472592786554017
0.8933215780330022
0.9663362925862682
0.5208693722428203
0.11265310442996543
0.7359528339466331
0.9974038057088418
0.0416472834206624
0.14087975330583002
0.3045291333669464
0.99012452632918
0.9118733176038872
0.8037825882274289
0.649424630975495
0.9334288799687268
0.34075514340816426
0.9134657615271119
0.375529383143865
0.06427252240331822
0.06420241772914712
0.9108830310475495
0.14077436415989064
0.17794051966598604
0.7130058562937748
0.6479450045080556
0.7484588578416489
0.43173615386258185
0.1585349887321825
0.3770062239951122
0.16483605255900632
0.9640938715515233
0.5768862567911002
0.375529383143865
0.6645853471017056
0.43320835202017527
0.8658934724655768
0.9527345929889754
0.15809114721888723
0.1644651013360744
0.9214614085375422
0.5708047923740971
0.9004086498954001
0.8838258767030561
0.6958381037010625
0.5255840276481692
0.6565609153906223
0.1777710613476254
0.635311770806928
0.9134509049074201
0.686893954377178
0.21102249756490718
0.08504486234877585
0.7514970365686409
0.7812720237780199
0.33510405669286075
0.7098088974438257
0.8052840353550407
0.29131277734291217
0.8727563022245003
0.24801733767518044
0.525593777304842
0.8052608218867722
0.46953371570558267
0.9149848508906079
0.5119735069329344
0.8244439677945626
0.24338485794750228
0.35307778090385816
0.9527749844237627
0.7321007910221448
0.14407439080895224
0.5878355855040247
0.9091016294926186
0.23937496343878747
0.26147557803857335
0.16598140508337814
0.951815803914905
0.08950974083555487
0.8009537949842195
0.6400115695925851
0.9760873420671686
0.7931726404205909
0.9875515455062904
0.34711888359931325
0.20067300487204273
0.9290108926878503
0.5065150920042601
0.5209478337655681
0.2705325448182432
0.45203076063107206
0.5620082807084008
0.37620396653175
0.27496863860436915
0.951379854980821
0.247959304004509
0.07089300355351773
0.34569821934127604
0.2991598581564235
0.4276747254543108
0.5361131925854326
0.5209329771458763
0.4276970103838486
0.6958715310953693
0.7497277060172095
0.24803080148677623
0.9558224485380622
0.7920277521655844
0.9174088012472132
0.992730470277011
0.9518348389588852
0.6246433250600533
0.3407625717180102
0.11757482397227012
0.7356923788326597
0.9515325996020283
0.9518218394166549
0.2513972186550859
0.7778002174637707
0.007721728084861012
0.9500826863739726
0.24494805290070856
0.5691919205987961
0.39700323410039917
0.24493644616657428
0.3640322165798019
0.9163391246293969
0.6276680399754494
0.9119972775244415
0.2450557633934748
0.7810152828189693
0.21104710384127187
0.05257850562833752
0.9517624129378872
0.960228364815439
0.9953786627370907
0.5310113365293636
0.43182715065819466
0.9974033414394764
0.6857249241151723
0.9197742536637817
0.8009547235229503
0.003818615530181687
0.6745114261333511
0.19527680203832823
0.439403098162329
0.3475227979471866
0.14407903350260595
0.598203648971504
0.3902351152920115
0.06422795254424254
0.5209854395841632
0.764567147742583
0.9640920144740618
0.8048880135863787
0.1409438224782513
0.5445308604489856
0.9388292612267296
0.2894473430328489
0.86684708174205
0.8611746386359395
0.13413113381078795
0.2893777026280432
0.4275948711234669
0.3815672062405231
0.31435121606074873
0.657894761277335
0.7999333309191327
0.617790709227168
0.5873996365699408
0.8611862453700737
0.30668241468354007
0.9516690947954476
0.7502750795989827
0.9943967330293297
0.13412231269284589
0.5776959425643082
0.15783672760666356
0.9519202645221136
0.5064825931486842
0.3470622427367379
0.433334169018191
0.39011161964082264
0.319623458973909
0.2481227268211198
0.43361319490677935
0.41410088201894035
0.05226465953734629
0.48431187387472713
0.043024306358354664
0.14104410466117157
0.5455889303326675
0.8047306262715177
0.9347669042797279
0.07364983504509448
0.6277102884876983
0.05358457734309785
0.8580143570658547
0.06367732907691179
0.14105942555022885
0.9125200448298499
0.9519021580168642
0.1316031871163394
0.8800713303452957
0.30566427196528007
0.5255919202273805
0.8800834013487954
0.39031775523904766
0.4276923676901949
0.7358386236827518
0.4521171147330312
0.1141053390048479
0.2614765065773041
0.9513334280442839
0.5341776536011982
0.06455154829190658
0.7280170776843359
0.7820037122978455
0.6194300443562951
0.39023604383074223
0.9574678191689393
0.563714934895507
0.6494237024367642
0.8669162578774905
0.8434075142925325
0.4254174477998739
0.48430119567932356
0.9108918521654916
0.3969586642413235
0.6754613212549015
0.24015261462578497
0.8048016594844196
0.9385483782606798
0.627852354913502
0.5451450888193723
0.5952504315383751
0.07089625343907532
0.4141148100999015
0.07636998925680688
0.6901405900492218
0.2558254198620006
0.7985609506750941
0.9060420943748195
0.6395612283081745
0.8967840989599438
0.9574292848116134
0.5445160038292938
0.7981356799364137
0.581369706052494
0.5634623723607447
0.04204423372805515
0.6350573511947044
0.7927626905709677
0.1936123963634709
0.1765778890786203
0.9118510326743494
0.9514453169613384
0.7906326227226427
0.8002559981280659
0.3538503251278366
0.9425647725405099
0.2895466966770384
0.6167284609191976
0.6565678794311028
0.3012207498693082
0.20067300487204273
0.8606602281791077
0.29134249058229594
0.5010172141795293
0.34755065410910885
0.459125260803316
0.9510251531856772
0.866845688933954
0.4667193148126998
0.545562002709476
0.9515437420667973
0.5873982437618447
0.4199191057057777
0.29050448437780013
0.2895856953037297
0.126159628807357
0.7511585842012849
0.9875580452774055
0.29090468457075047
0.24809069223490915
0.24809858481412048
0.9927170064654152
0.8808164826767172
0.144002893326685
0.7981533221722978
0.8659891119548433
0.29032574067213207
0.3542621320549212
0.5397349579046966
0.9194664430745403
0.9415870212570372
0.6958130331553325
0.30640153171749024
0.3581202104811595
0.09822407682358043
0.822974090983796
0.375529383143865
0.7981551792497593
0.9971837420296557
0.844889926376164
0.9221123141877933
0.8048295156463419
0.11270185271332946
0.8434061214844363
0.6238354963643066
0.24758835278157704
0.6276610759349689
0.8937041359900684
0.6428213277918142
0.10330689783566907
0.7981240732022794
0.3902351152920115
0.11048403795494915
0.7634942212392092
0.9123097308073366
0.6365968684102767
0.2913345980030846
0.911886781415483
0.11350828860097997
0.9121045237478423
0.7497328129802286
0.80833753497109
0.7497917751896308
0.9527276289484948
0.37553495437624945
0.531767631325554
0.9334321298542844
0.11401341367050431
0.07375568846039922
0.34707663508706443
0.6104849664936799
0.14107335363118997
0.2896274795466131
0.82228557951495
0.3438448560347125
0.6070795506986789
0.921288700333624
0.7777983603863092
0.9159352102815237
0.7398410898816206
0.9518589809658845
0.6275292234352033
0.23498854647475628
0.6354036961412716
0.520857765508686
0.7303695305586739
0.5065025567313951
0.9519179431752868
0.5956223113000378
0.06966640389020587
0.4521342926995499
0.9558252341542545
0.9649629838034989
0.9955114437755871
0.24347028351073066
0.43784176028658417
0.2894608068444447
0.3195069273632007
0.6409874637985963
0.8048842994314558
0.6845874641700117
0.15811296787905968
0.911854282559907
0.08948884871411314
0.07352819647136712
0.95273412871961
0.9512795727979008
0.9514573879648381
0.390099548637323
0.693237730985616
0.5304848550690322
0.15155655590128148
0.9108793168926266
0.4337919386124474
0.44066405375867834
0.07087861120319121
0.4843531938482452
0.7316040228011971
0.9121945920047244
0.3421312378071258
0.7848032565710364
0.9516885941087931
0.02354449232609166
0.14083146929183138
0.6845948924798577
0.713016070219813
0.37533206866358204
0.9901203479048917
0.9001672298254069
0.6898244226114038
0.052143949502349664
0.7981505365561056
0.6958292825831205
0.9124615468898131
0.07362940719301814
0.2481241196292159
0.8477252193904886
0.7131586009149821
0.862691870921974
0.9527392356826292
0.9510534736169648
0.11403152017575381
0.1965372933653122
0.03688202265448795
0.2625805391281578
0.9928446805408924
0.6350531727704161
0.2894023089044079
0.8495655831548218
0.31282655546486826
0.8018396209333486
0.9509852260202551
0.5396388541460647
0.7329011914080454
0.616721496878717
0.17570413413299088
0.8669023297965293
0.06455247683063732
0.9090993081457918
0.6089830550967027
0.32474667142078495
0.30121100021263536
0.9133975139304024
0.09074051892315506
0.11402130624971564
0.8446471134980746
0.5991419373589202
0.7626255732565989
0.5640450304142861
0.40984353193848244
0.9928460733489884
0.8936985647576839
0.6266740392641887
0.9122832674535104
0.5815298789835472
0.912476403509505
0.3960087691197731
0.7780425660724948
0.053576220494521154
0.39052760499219563
0.6337852531335861
0.11752050445652164
0.9290536054694646
0.20866958042120373
0.8018502991287522
0.9220524234396603
0.6335911885388608
0.5736535492000174
0.15272697897138338
0.5619892456644205
0.9118835315299254
0.24814501175065765
0.9004262921312842
0.47492806146183564
0.31949532062906644
0.2893577390453322
0.13412788392523034
0.021825767135485872
0.14876768982349406
0.91526851947285
0.1758694140270632
0.25147707298592986
0.18703277091742412
0.9802388387323218
0.5690266407047238
0.8053597112615963
0.965747599030977
0.5954417105169082
0.4521185075411273
0.5064872358423378
0.8198718430843828
0.9425429518803373
0.709703044028521
0.7398457325752743
0.8009491522905657
0.31812340465439326
0.8052571077318491
0.7273216021750091
0.9347636543941703
0.24077473557538295
0.794559413014956
0.6865587518953797
0.6277488228450241
0.2943138145206744
0.7397273438871046
0.4262661321997733
0.2449754447932655
0.4479498329094554
0.764028595278752
0.17463817167009762
0.26066217811044223
0.17652171248541035
0.7234263821995411
0.6277557868855047
0.7124009133106955
0.39101601636456657
0.8255484646147818
0.05228044469576893
0.5255793849545155
0.3969958057905532
0.31434889471392186
0.6027052047381475
0.3753362470878704
0.09822407682358043
0.7780448874193215
0.7303904226801157
0.06446380138185134
0.24807490707648652
0.8578026502352453
0.9513032505355347
0.2893577390453322
0.034427894789133495
0.5632204880213861
0.5301645092069258
0.8048290513769765
0.7449847301805729
0.9120358118817673
0.6335758676498034
0.7120118555825141
0.03534157690018487
0.5634781575191674
0.7909339335407689
0.8048968347043207
0.7397273438871046
0.7761181695530293
0.03379231002793973
0.9205885821306435
0.27070386021406534
0.8838124128914603
0.18777560190201872
0.20012238140471197
0.5884651347634687
0.07364008538842168
0.39009862009859225
0.2476069235561919
0.17678959590922977
0.9621889743454034
0.8151395454431497
0.9123686930167387
0.951464816274684
0.5455276467764385
0.9124522615025057
0.7830376401745281
0.7309062259450435
0.20841748215580694
0.8032565710364628
0.9953800555451868
0.6337982526758165
0.9119178874629629
0.7486167094258752
0.9085426491767111
0.1944411171806593
0.34566897037125766
0.0735727663304428
0.5210221168640276
0.13984675396787813
0.24778798860868684
0.09296947614630428
0.4276533690635037
0.6958069976535827
0.7511441918509584
0.1777710613476254
0.3059516547024451
0.9378436173640456
0.2627551044095376
0.1409456795557128
0.010738086151680516
0.13414784750794131
0.7756590071506768
0.7214499875111541
0.8445802587094612
0.546393973412222
0.9470468289938075
0.3247369217641122
0.9519671557280162
0.09822407682358043
0.2506432452057224
0.8610534643315775
0.8018498348593868
0.5421073743617457
0.9123724071716618
0.14404096341464548
0.6342156308352855
0.023887587387101297
0.9121017381316501
0.915943102860735
0.627819856057926
0.07981393940913366
0.9127558936674587
0.7812882732058078
0.9515883119258729
0.748206759576252
0.1835586432563482
0.25132432836472257
0.5101786415664077
0.5634001602657849
0.6844918246807452
0.41411295302244
0.24868867117750781
0.7280249702635472
0.24746207151419597
0.9965848345483262
0.0736609775098634
0.8838235553562293
0.07086746873842228
0.9518469099623849
0.910125343443263
0.15476837137092245
0.7312168221504771
0.3066559513297139
0.7535862487128132
0.23850492264808104
0.9127614648998432
0.8611686031341896
0.2907923313843305
0.05475314333573825
0.2633242986514832
0.05226930223100001
0.812169150043502
0.10698669682560465
0.748206759576252
0.951698343765466
0.16629757252119623
0.9378347962461037
0.09079158855334594
0.08504161246321826
0.805005938005183
0.7808421103456857
0.335066915143631
0.7329257976844101
0.11351200275590295
0.8051405761211409
0.07051880244502819
0.8229921974890456
0.31850317699526726
0.4634657151001754
0.14235891550390403
0.11203609044338653
0.8995344306804053
0.24810879874015865
0.06430502125889424
0.6840572685547573
0.8018925476410009
0.9657485275697077
0.9896449360747511
0.9644722510843011
0.9558851249023874
0.6154549700499833
0.6307953584205928
0.5637065780469303
0.7309549742284075
0.2625698609327543
0.13284000070568944
0.5104460607208617
0.36407539363078145
0.7382050046380509
0.7511873689019379
0.8052009311386392
0.017394780312379
0.8122299693303657
0.8060881498958644
0.8050337941671054
0.13979568433768724
0.4192120234623167
0.9123802997508731
0.9118974596108865
0.6348744290647479
0.332569610227297
0.2633289413451369
0.827826170121295
0.45281816147474235
0.7645592551633718
0.8838360906290943
0.02188797923044567
0.08487447549168448
0.9134105134726327
0.02353056424513051
0.9514773515475491
0.29053559042528004
0.2895002697405013
0.32951425353378627
0.8050291514734517
0.8050862566053923
0.6958418178559855
0.6513815263505364
0.7130193201053706
0.9510497594620418
0.8914742502281884
0.8961299434241351
0.5632358089104433
0.14117177873664877
0.7912658861370097
0.8671989979210017
0.25884363500628155
0.31962531605137046
0.4323833453579099
0.9510502237314071
0.674524889944947
0.25583609805740415
0.45279680508393527
0.5631605972732532
0.25844250627460047
0.2778888929125567
0.30303790016537274
0.5983642861719226
0.9125386156044648
0.8047677678207474
0.9076196816783523
0.911866817832772
0.9118185338187734
0.8527184364150605
0.6644702082990934
0.6610392576889971
0.9424909537114158
0.8961262292692121
0.7634937569698439
0.45207997318380144
0.5209046567145885
0.8261190516648235
0.4682778670722524
0.5834895599747809
0.08950881229682411
0.775354446446993
0.37620350226238464
0.8531390644600872
0.5814407392653959
0.34753951164433994
0.7617494969641426
0.7645824686316404
0.0757051555255947
0.761713748223009
0.7694340834997739
0.12599620599074618
0.0525952193254909
0.4319176831844421
0.427588835621717
0.8993273665434496
0.8801785765686966
0.2895931236135756
0.2896664781733043
0.1580832546396759
0.07351426839040597
0.769464261008523
0.3604991267093237
0.4142768401084162
0.7498962357968394
0.07052065952248968
0.4003705798074396
0.8198727716231136
0.26332151303529094
0.0705136954820091
0.8015072040677425
0.47494338235089295
0.5634781575191674
0.17679516714161422
0.045285298167714524
0.616117946703734
0.06453437032538782
0.24510776156239641
0.4206345447978153
0.7312098581099965
0.4423637439053039
0.14407671215577908
0.9802430171566101
0.7817553281873717
0.14114392257472647
0.5808747949090078
0.6278556047990596
0.525577527877054
0.9214753366185033
0.711941750908343
0.3408312835840852
0.6140593763376762
0.8053053917458478
0.9085811835340369
0.06402645963967125
0.17656628234448601
0.17463538605390538
0.8051303621951027
0.6246372895583034
0.8244546459899662
0.1950595239753343
0.04658432385202435
0.35308660202180026
0.28963444358709367
0.6335647251850346
0.07077832902027092
0.8041567893359184
0.14111188798851584
0.4276477978311192
0.07644473662463172
0.15394522178611852
0.2450752627068204
0.29978569326094445
0.9901217407129878
0.9388315825735565
0.8122081486701933
0.8477266121985847
0.08434102999087247
0.8014900261012238
0.04185945452063724
0.9425629154630484
0.05344808214967858
0.9608936628160165
0.5344859284598049
0.15853452446281713
0.8578165783162064
0.44066405375867834
0.5632817715776152
0.014542773600901055
0.0534462250722171
0.7756655069217919
0.5982041132408694
0.9953809840839176
0.695831139660582
0.13984814677597424
0.9881393105228509
0.3530852092137041
0.7640313808949442
0.5064835216874148
0.11501809257716854
0.4516667734486207
0.9877618595288037
0.8005243458212508
0.1746335289764439
0.8083658554023776
0.9118046057378122
0.8047524469316902
0.9330946060256592
0.5632771288839614
0.8606523355998964
0.28959915911532547
0.10313697524794306
0.9876806123898637
0.3632726718980539
0.8052450367283495
0.3795350992282915
0.19995756578000504
0.30552081273138026
0.027035797953686345
0.4093175147475164
0.5208735506671086
0.6477091556704467
0.7309210825647354
0.4206317591816231
0.5834895599747809
0.3902077233994546
0.7279850430981252
0.9511588627629042
0.40637033281613727
0.9517043792672158
0.14955462639779898
0.8606606924484731
0.24508965505714692
0.8048053736393426
0.11366196176091799
0.9119870635984033
0.7279762219801831
0.3350664508742656
0.4524277109384648
0.7098200399085947
0.0037954020619131055
0.6219849186739352
0.24511565414160771
0.9133998352772291
0.866858224206819
0.6328376793588626
0.9109387433713941
0.5792661015579952
0.3121171518745804
0.04547750568497838
0.3596810840875389
0.8936864937541842
0.5210300094432389
0.07572836899386329
0.9222293100678669
0.9125330443720803
0.8610534643315775
0.9125785427698867
0.8123966420325341
0.25884409927564694
0.24507758405364724
0.6158872048291443
0.7311922158741124
0.712184099517067
0.8047905170196507
0.04620176589495813
0.16039810169541888
0.8278363840473332
0.9122879101471641
0.523697236947299
0.8099856912181592
0.1993099100153116
0.8933206494942714
0.09822407682358043
0.34708452766627573
0.2896079802332675
0.45792326741636885
0.804827194299515
0.9602269720073429
0.6154540415112525
0.5350017317247329
0.6158793122499329
0.6578891900449506
0.9121435223745336
0.951625917744468
0.06369914973708427
0.8447009687444578
0.7298945829978987
0.2894050945206001
0.4318986481404619
0.6072750081015005
0.6277641437340814
0.8612164228788229
0.9425085959472999
0.06452369212998428
0.24524239967835418
0.47493781111850847
0.08505646908291015
0.8050054737358178
0.29133366946435385
0.6755012484203234
0.6131289805294714
0.8801776480299658
0.24787341417191522
0.651825832133197
0.5356860647692906
0.9876820051979598
0.2904473792458594
0.9126091845480013
0.7497940965364577
0.7449847301805729
0.2633080492236952
0.5922285022391711
0.7315613100195829
0.6200990565117956
0.11398509323921664
0.9513454990477835
0.8018437993576369
0.8606987625364335
0.674526282753043
0.8994536478108307
0.5619971382436318
0.827837312586064
0.05422109064302236
0.9122623753320687
0.8578249351647831
0.44794286886897483
0.563247879913943
0.7725999363022431
0.530462105870129
0.8837970920024031
0.31849157026113295
0.3193565040888203
0.7831425650511021
0.07079318563996283
0.9513519988188988
0.2518888799130145
0.7699782071959894
0.5905320619781032
0.5257209871109538
0.7579155605449037
0.29051284122637683
0.34074725082895296
0.8390150618267513
0.43279840217055215
0.3055249911556686
0.7449847301805729
0.8050737213325274
0.6246535389860914
0.6276815037870452
0.805138254774314
0.9220501020928334
0.7945529132438408
0.26763457543959346
0.5104683456503996
0.9708095279216239
0.7214499875111541
0.9118236407817925
0.7761293120177982
0.2893967376720234
0.8933317919590403
0.20866958042120373
0.5311222969076874
0.9134625116415543
0.5938460167081259
0.7535834630966209
0.2450980119057236
0.6338056809856625
0.11412112416327054
0.39100533816916305
0.47492666865373956
0.5100068619012202
0.911866817832772
0.6038770206163454
0.3475227979471866
0.4064427588371352
0.9123705500942002
0.40637868966471397
0.674521175790024
0.616134196131522
0.24334260943525346
0.3773706754469289
0.9558354480802926
0.579272137059745
0.29188568573978074
0.9558451977369654
0.6276828965951413
0.7358488376087899
0.3542352044317297
0.15027702953031724
0.24507572697618576
0.8037375540989878
0.30121425009819297
0.3903168267003169
0.7398364471879669
0.8449154611912595
0.06653258567394733
0.11407005453307965
0.5551050595146899
0.5633077706620759
0.6350559583866082
0.6465902664999011
0.5100022192075665
0.8049896885773951
0.9124383334215446
0.45222250387897056
0.4066396090480528
0.8448992117634715
0.08577655086860156
0.7129603578959683
0.9067018211430126
0.9424937393276079
0.8053174627493475
0.9124206911856604
0.2836634752790491
0.8521882407998062
0.1640031533175296
0.9101165223253209
0.8241403356296096
0.9123306229287783
0.19577357025927586
0.6958218542732745
0.719820866308065
0.8052204304519848
0.42624524007833153
0.5501986608614425
0.6565790218958718
0.9334567361306492
0.8669004727190678
0.08578908614146659
0.912360336168162
0.14092293035680958
0.016549345798037254
0.6104691813352573
0.8015192750712421
0.7999129030670563
0.36472119231801337
0.9121528077618409
0.19505859543660356
0.9875455100045406
0.5983624290944611
0.291327633962604
0.9118245693205232
0.4348648651158213
0.8053676038408076
0.25134661329426045
0.3761858600265005
0.5604627279910785
0.4843559794644374
0.7357332345368124
0.012242783164849981
0.749733277249594
0.3902351152920115
0.5301728660555025
0.8673870270139773
0.5493383697274089
0.9518301962652315
0.9574738546706891
0.9134109777419981
0.9820415966780598
0.75791091785125
0.303036971626642
0.03378906014238213
0.5613276618187659
0.6904549004095785
0.24812319109048517
0.8446680056195164
0.5270232626808213
0.39215022642416947
0.9123348013530667
0.2478887350609725
0.8183244332895991
0.06419638222739728
0.9125335086414457
0.5633142704331912
0.2407315585244034
0.03307362105034444
0.9076178246008908
0.17052149520734733
0.9118533540211763
0.5938293030109726
0.4329608964484322
0.9214618728069076
0.8048768711216098
0.31001447591881226
0.6286012213998464
0.2894691636930214
0.11351385983336444
0.15812318180509785
0.06446705126740894
0.2513229355566265
0.004199780679151798
0.6772130095704487
0.6198209591619381
0.40665260859028324
0.6131169095259716
0.18355539337079058
0.9123431582016434
0.8053369620626931
0.8048903349332056
0.139849075314705
0.6610425075745547
0.3061758968059196
0.0029782879788590303
0.11410998169850162
0.8278168847339876
0.42777315055976955
0.6958729239034654
0.35179918307162467
0.7498451661666485
0.16038881630811144
0.08290922326806635
0.4206396517608344
0.9657824192333798
0.9708160276927391
0.40322490786574444
0.6409925707616153
0.19381992476979204
0.5455522530528032
0.19317784023748308
0.563332841207806
0.8122462187581537
0.2583942222606018
0.3471806314249077
0.424247024729772
0.2583960793380633
0.2583863296813905
0.3943838263409724
0.9759875241536138
0.8526966157548881
0.8053295337528471
0.24798623162770053
0.5012920616438292
0.24494387447642021
0.43678044051734466
0.38450278143776795
0.9747781024568206
0.3470705995853146
0.16397901131053028
0.1411796713158601
0.13160457992443553
0.30998197706323627
0.6276030422642974
0.39030893412110557
0.8906710642260954
0.5690284977821852
0.8055528473175909
0.42763944098254253
0.7397273438871046
0.14402935668051117
0.8051698250911593
0.8936688515183001
0.7129988922532943
0.39012322637495694
0.8241380142827828
0.6901405900492218
0.6337866459416822
0.05531444499847255
0.9927109709636653
0.8658934724655768
0.9825694709464874
0.776101455855876
0.4337919386124474
0.6857295668088259
0.9529337645467199
0.8053778177668458
0.7494523942835442
0.3195440689124304
0.7323923521835981
0.17570784828791386
0.43360855221312566
0.8121668286966752
0.9916477941169644
0.39439079038145297
0.5808627239055082
0.15812271753573248
0.7005040108230475
0.0642302738910694
0.3456870768765071
0.16059913033062478
0.7914757358901576
0.5595773663113149
0.6338024311001048
0.17570134851679867
0.7497147064749792
0.24809951335285121
0.44651199068489944
0.45204422444266784
0.3195073916325661
0.5477677464643567
0.04621662251465002
0.35423149027680667
0.36403082377170576
0.8014955973336082
0.007720799546130268
0.9470472932631729
0.8121710071209636
0.5699250019267179
0.4063564047351761
0.05226465953734629
0.27069503909612325
0.8121626502723869
0.24506783439697444
0.7329290475699677
0.9163558383265503
0.763496542586036
0.381146113926131
0.035316042085089434
0.36525603062692147
0.443242141544587
0.546057842391693
0.8183244332895991
0.32940840011848155
0.8046503076713084
0.19290113569572157
0.5306417781145278
0.976091520491457
0.9209962106334398
0.3530736024795698
0.3963500071033213
0.7119459293326313
0.2881743164329999
0.6585781657831621
0.9118644964859451
0.035330434435415954
0.7617406758462005
0.4234494099600635
0.21102435464236866
0.9789026714987822
0.5397428504839079
0.9975342654005113
0.31282841254232974
0.639335593396604
0.11542432827186871
0.3471230620236016
0.17795723336313943
0.5613262690106698
0.5815257005592589
0.9971735281036175
0.9122089843550509
0.44888579995004463
0.036754348579010755
0.8050361155139323
0.24789430629335696
0.0895826311259182
0.25115301296890047
0.7312186792279386
0.37534646101390856
0.9387990837179805
0.5631624543507147
0.8241380142827828
0.4276473335617539
0.5634716577480522
0.2697288945467849
0.14399360793937757
0.19907823960199117
0.8018883692167126
0.2778888929125567
0.27073775187773746
0.9085579700657684
0.8606560497548194
0.0029615742817056512
0.2778972497611334
0.6140798041897525
0.9126008276994246
0.5493337270337552
0.5683803777481264
0.2633071206849644
0.12055264768176378
0.06446797980613968
0.3741500388593459
0.17564935034787704
0.12363168211290845
0.7130750324292152
0.29036009660516954
0.9975379795554342
0.5311120829816492
0.15902340010455346
0.8449080328814136
0.23165787804758017
0.13416177558890247
0.5584088003186745
0.8032380002618479
0.8390155260961167
0.3350423088672663
0.9518162681842703
0.10978763390689171
0.534178582139929
0.7098283967571714
0.06433705584510488
0.3920963711777864
0.6907371761837244
0.9896440075360203
0.3194530721168176
0.5210300094432389
0.28963119370153606
0.739902837707215
0.8994647902755996
0.05601270612399149
0.9118561396373684
0.6868781692187553
0.8030170080439311
0.027007477522398675
0.5012939187212907
0.1947860693191304
0.9875599023548671
0.43190468364221174
0.6479775033636316
0.9125553293016182
0.9119940276388838
0.05602431285812578
0.9125790070392521
0.11098637740828127
0.5599501746117083
0.5432267278016567
0.3421391303863371
0.9515567416090276
0.5455870732552061
0.8041233619416116
0.9516491312127365
0.9290118212265811
0.7985210235096721
0.5632492727220392
0.9514852441267604
0.9124638682366399
0.9117869635019281
0.15811343214842505
0.6273100882947479
0.9657940259675142
0.9120232766089023
0.5257237727271461
0.31949299928223956
0.3067325557750002
0.06366618661214288
0.9649820188474791
0.9123863352526229
0.957432534697171
0.794535735277322
0.6286453269895568
0.6868763121412939
0.9927105066942999
0.2906883350464873
0.739837839996063
0.5445257534859665
0.4233658414742967
0.360530697026169
0.30596418997531016
0.12055589756732138
0.8019905084770943
0.7581560520761662
0.8229768765999883
0.16931857328166944
0.6069541979700286
0.9122298764764927
0.8256914595793162
0.5397238154399278
0.5317625243625349
0.6395570498838863
0.08950556241126652
0.8936827795992612
0.17925068781506479
0.9808953156149572
0.9592673272291197
0.6276596831268727
0.6072773294483272
0.052131414229484634
0.23506607945877334
0.5100008263994703
0.15779122920885716
0.5768741857876005
0.5253402862313491
0.39711976571110746
0.9119072092675594
0.04547750568497838
0.8015113824920308
0.01654423883501817
0.24335978740177222
0.38167723808011617
0.1944327603320826
0.0705266950242395
0.757903489541404
0.43897504180745633
0.9134332626715359
0.9108927807042223
0.03771585043469541
0.37377908763641393
0.10437657445348532
0.40880913979243444
0.41376475099841126
0.8083760693284158
0.15837063737684096
0.20013538094694236
0.974783673689205
0.6896591427173314
0.2514027898874704
0.9194622646502519
0.8951777269557579
0.8047608037802669
0.8015146323775885
0.6105002873827372
0.30798561879213826
0.27073914468583354
0.4281766006382775
0.4165559384230255
0.9560685113017091
0.16397065446195358
0.4033980803390281
0.16933296563199596
0.3966443538809669
0.8121723999290597
0.5209854395841632
0.9938878938048824
0.3555337658466741
0.8051535756633713
0.20304727840655326
0.1407887565102172
0.7486106739241254
0.9067788898576643
0.9135850787540124
0.4395228796585949
0.664388496890788
0.0029792165175897734
0.7130104989874285
0.17651660552239123
0.16933110855453448
0.9060360588730697
0.06402553110094052
0.19381806769233054
0.6117092448101649
0.24795048288656693
0.8610534643315775
0.02233971332295227
0.792398239119151
0.6845907140555694
0.39042732280927533
0.6857393164654988
0.9558879105185796
0.9560685113017091
0.6123095450995905
0.7778150740834626
0.8239481281123457
0.7935505556840035
0.563199131630579
0.4332157803300212
0.9085788621872101
0.8611927451411889
0.28942552237267644
0.6865587518953797
0.8993213310416998
0.7645810758235442
0.9425113815634921
0.6565711293166605
0.37603775809894696
0.07088325389684492
0.7945575559374944
0.5878536920092743
0.5884539922986998
0.7812771307410389
0.13160922261808924
0.3000484697217448
0.7511441918509584
0.2895295187105197
0.5308089150860617
0.6957419999424306
0.9932300241141508
0.9127804999438234
0.5311264753319758
0.24812458389858127
0.11269163878729127
0.7756552929957538
0.07050812424962463
0.791479914314446
0.9527703417301091
0.6352908786854863
0.7535936770226591
0.8048712998892253
0.821178761347904
0.4520293678229759
0.9347641186635356
0.6747612030519211
0.06439091109148799
0.7358121603289256
0.7357267347656972
0.9704938247531711
0.2905346618865493
0.9515349209488552
0.9134323341328052
0.55548622466366
0.7802627021777019
0.36409164305856945
0.8052427153815226
0.7640350950498672
0.7895787312632491
0.6072791865257887
0.2991408231124433
0.6868725979863709
0.5103592423495372
0.6353990534476179
0.9511597913016349
0.1411467081909187
0.8017086969723137
0.29007039252117767
0.11757621678036624
0.8019032258364045
0.9245692276693399
0.289416236985369
0.8052533935769262
0.9124007276029494
0.8018419422801755
0.5632803787695191
0.17778127527366358
0.25064649509128
0.8051377905049486
0.11174220793510628
0.332569610227297
0.7892142798114323
0.7810538171762952
0.7626167521386569
0.727974829172087
0.6866933900113374
0.29073986894604353
0.7723009468309437
0.8047343404264407
0.9511918258878456
0.9845649006788547
0.7761288477484328
0.8122127913638469
0.7329025842161415
0.5209506193817603
0.14095125078809725
0.9927072568087424
0.17974559895855097
0.375529383143865
0.9621680822239617
0.15933260350189096
0.9571210099530066
0.9560685113017091
0.6479459330467863
0.7999328666497673
0.7399042305153112
0.3470534216187959
0.7359644406807675
0.6350647795045503
0.08849577654158322
0.39710862324633855
0.7518605594817268
0.9212733794445667
0.9122289479377619
0.04619712320130441
0.2633066564155991
0.046226836440688195
0.9519448707984783
0.9509777977104092
0.9508830867598734
0.5255589571024392
0.6904470078303672
0.3760242942873512
0.3741481817818844
0.32474667142078495
0.8301930153459596
0.6644660298748051
0.15393965055373407
0.5632984852747686
0.06439183963021873
0.5304634986782251
0.43191907599253826
0.6956965015446241
0.7276591260036342
0.01887579958791451
0.6529939338564721
0.2511553343157273
0.12056471868526344
0.5403375795409491
0.3351936606803775
0.7984978100414035
0.01887579958791451
0.8658614378793661
0.6278477122198483
0.7756757208478301
0.27072289525804555
0.4164941905974311
0.19918455728666126
0.7920226452025654
0.5953293573304883
0.520901406829031
0.30666337963955986
0.9527383071438984
0.6275292234352033
0.5925794898793921
0.3538498608584712
0.7634970068554014
0.804107576783189
0.1120249479786176
0.06445358745581316
0.9107080014968044
0.10698669682560465
0.801771373336639
0.3136928821006517
0.4520516527525138
6.035501749831238e-06
0.792405667428997
0.8658628306874622
0.5065030210007605
0.952745271184379
0.7130662113112731
0.7130685326581
0.9101086297461096
0.9512605377539205
0.160674341967815
0.5619887813950551
0.9119513148572697
0.199310374284677
0.7920207881251039
0.7640355593192325
0.14830806315177616
0.43793925685331225
0.880173005336312
0.25133454229076074
0.24508408382476246
0.9066902144088783
0.997538908094165
0.3906789568053068
0.6754715351809397
0.5345012493488622
0.7309526528815806
0.7129482868924687
0.9108765312764343
0.7623474759067412
0.7635146490912855
0.9293238102401108
0.9330899633320056
0.8166484208806075
0.9511876474635572
0.713028605492678
0.6277246808380248
0.1515463419752433
0.1938268888102726
0.16310247074870862
0.7120151054680718
0.3790030465355756
0.06409656431384238
0.6277144669119866
0.6398240047689749
0.16347899320402504
0.9060225950614739
0.1779493407839281
0.8612224583805728
0.6277618223872545
0.580856224134393
0.5341809034867558
0.00029898947129933213
0.921248773168202
0.9518534097335001
0.36525603062692147
0.8019779732042293
0.7279971141016248
0.7912556722109714
0.34878978904528574
0.04657225284852469
0.7691866279280308
0.9808925299987651
0.6276671114367187
0.3180946199537402
0.6338042881775663
0.2907245480569863
0.6278992461194045
0.4191980953813555
0.791479914314446
0.8261241586278426
0.912743822663959
0.9527406284907253
0.26331872741909873
0.34480960777595476
0.8838291265886137
0.027007477522398675
0.9334465222046109
0.7491501549266872
0.7399121230945225
0.2480981205447551
0.8800871155037183
0.9568438411418798
0.5874001008393062
0.3128330552359835
0.9194580862259636
0.7531224436168069
0.8052487508832724
0.8278470622427367
0.047116840814105616
0.7810157470883347
0.10978624109879559
0.1408277551369084
0.2751297400741531
0.46976770746572993
0.5460564495835968
0.5634623723607447
0.9809022796554379
0.2706992175204116
0.34566247060014244
0.06432544911097059
0.5555015455527174
0.4242553815783487
0.6276508620089307
0.2480837281944286
0.03190459078833867
0.06446240857375522
0.24814129759573467
0.9001579444380994
0.5681742421499014
0.24511101144795402
0.531011800798729
0.9558113060732932
0.9001769794820796
0.2583965436074287
0.9313535959055156
0.7941281067745257
0.7802696662181825
0.9106954662239394
0.8838086987365373
0.1341158129217307
0.07157965794490237
0.3639296130500547
0.61312108795026
0.1835716427985786
0.9512781799898047
0.06966268973528289
0.5884804556525259
0.7315770951780055
0.2513558986815679
0.12392417181309258
0.951052545078234
0.11099705560368481
0.649420916820572
0.6472620642715938
0.038052445724589844
0.3523818411251661
0.03381227361065071
0.7745925804184182
0.44793219067357126
0.9121634859572445
0.36050051951741985
0.4520367961328219
0.07364797796763299
0.8297779585333174
0.5445266820246972
0.5619980667823626
0.8048206945283998
0.2584401849277736
0.7131446728340209
0.5255854204562653
0.5341702252913523
0.03688759388687241
0.776090313391107
0.31436560841107525
0.7848074349953248
0.0797085502631943
0.4277838287551731
0.9518608380433461
0.29427620870207927
0.5878490493156205
0.9574353203133632
0.45206372375601345
0.4063735827016949
0.20841748215580694
0.16310711344236234
0.18357907110842453
0.5209547978060487
0.1411467081909187
0.9649629838034989
0.11396559392587104
0.4488728004078142
0.3572441341887032
0.9516379887479677
0.03687366580591126
0.10313326109302008
0.52090651379205
0.7202647078213603
0.10707444373565989
0.416489083634412
0.9425104530247613
0.5209807968905095
0.5633690542183051
0.08494736578204781
0.15390947304498492
0.14441609306186576
0.627767393619639
0.17777245415572152
0.615880705058029
0.2940775014137002
0.08956452462066872
0.34481146485341624
0.8050843995279309
0.04457125188377295
0.1837893851309379
0.769176878271358
0.8050351869752015
0.5304806766447439
0.24959585351744398
0.46341278839252303
0.26967782491659403
0.4497126636897715
0.03708351555905924
0.7722986254841169
0.9212747722526629
0.8060691148518841
0.3902351152920115
0.4839720286992751
0.6745341753322543
0.8446958617814387
0.5460680563177311
0.35379646988145347
0.40519108862809333
0.2030301004400345
0.7945570916681292
0.732832015272605
0.7119463936019967
0.7234263821995411
0.134244879805304
0.6278588546846172
0.12205688042556787
0.3193681108229546
0.3902351152920115
0.8041131480155734
0.2913443476597574
0.9571177600674491
0.8041572536052838
0.6488419729219536
0.4337919386124474
0.6480007168319001
0.7279920071386058
0.5997468803419994
0.43740906123805784
0.6276810395176798
0.8881004047500327
0.06366804368960435
0.4276798324173299
0.9655442490489442
0.11408026845911783
0.5631926318594638
0.8662022115935489
0.5350021959940983
0.7198324730421993
0.07434113213013284
0.5253240368035611
0.0644791222709086
0.3538415040098945
0.9516663091792553
0.7581625518472814
0.7994959891769525
0.4489182988056206
0.7635206845930353
0.7765392618674214
0.908561219951326
0.5633671971408435
0.610671138509194
0.1140988392337327
0.7482123308086365
0.003817222722085572
0.9121295942935723
0.9387819057514617
0.912015384029691
0.555497367128429
0.5633541975986132
0.40519201716682407
0.7980627896460504
0.1581013611449254
0.9123450152791048
0.33516441171035904
0.3194632860428558
0.9067505694263767
0.9500803650271459
0.2943198500224242
0.9425313451462031
0.6643764258872884
0.06596710558692469
0.7722953755985593
0.8611012840762108
0.5810006119070236
0.9747762453793591
0.1593729949366783
0.39593309321321757
0.2893995232882156
0.39052806926156103
0.29430638621082844
0.42758187158123645
0.345689398223334
0.07088557524367177
0.8933257564572905
0.9509722264780247
0.34213309488458726
0.06404781603047835
0.24524379248645028
0.9519481206840359
0.5455861447164754
0.5815373072933931
0.29047802102397396
0.05599924231239571
0.7981315015121253
0.15784322737777876
0.6106688171623671
0.9558085204571011
0.4001788365595412
0.5792707442516488
0.7119473221407274
0.8662012830548181
0.7280180062230666
0.28938977363154283
0.6348735005260172
0.9000014856619691
0.9121435223745336
0.7581588376923584
0.45209482980349336
0.9535076014823193
0.9124740821626781
0.19577124891244901
0.6342193449902086
0.9122113057018778
0.43498278953462566
0.9106922163383818
0.11403523433067679
0.14995111243582637
0.04375831622500722
0.15752938128678753
0.8032574995751935
0.000972180051088201
0.8907411689002666
0.8014900261012238
0.15806746948125328
0.8002592480136235
0.3351941249497428
0.9527313431034179
0.6699304803052293
0.15026588706554833
0.21108749527605922
0.20845880212932502
0.29048266371762765
0.1938301386958302
0.9938804654950365
0.6579124035132191
0.9139161028115225
0.381146113926131
0.17928736509492915
0.7764993347019994
0.6197944958081119
0.4333397402505755
0.40662753804455315
0.04184738351713758
0.8051312907338335
0.6518309390962161
0.9763807603060836
0.2518884156436491
0.6063492549869494
0.4520428316345717
0.8914891068478803
0.7945371280854181
0.30553381227361065
0.883831912204806
0.023533814130688113
0.9118923526478675
0.7920212523944693
0.7723018753696744
0.1746367788620015
0.5631930961288292
0.8051809675559282
0.7518076327740745
0.2914571651155427
0.641498160100505
0.7397273438871046
0.8060784002391915
0.8051099343430264
0.8052102165259466
0.03532950589668521
0.3572441341887032
0.15936045966381326
0.8009412597113544
0.47404409259016805
0.5905376332104877
0.9576456343358766
0.9106852522979012
0.6979639931250993
0.9707983854568549
0.11261132018708199
0.2905063414552616
0.9123547649357776
0.0344246449035759
0.45792280314700345
0.3448105363146855
0.8606579068322808
0.7760930990072993
0.2896112301188251
0.43360762367439487
0.9004253635925535
0.03531743489318555
0.7131465299114824
0.6493995604297649
0.05260032628850998
0.911839425940215
0.06422748827487718
0.9134341912102667
0.26066217811044223
0.9109206368661447
0.8241417284377057
0.45209436553412796
0.5925785613406613
0.03532300612557001
0.7357044498361593
0.4843550509257067
0.14497414483904245
0.40035247330219015
0.7129501439699302
0.041886846413194165
0.992719327812242
0.9290136783040426
0.8443852655760051
0.14235891550390403
0.2110201762180803
0.7098191113698639
0.3581248531748132
0.25142414627827747
0.2895244117475006
0.4281705651365277
0.06450233573917719
0.9347761896670354
0.7793652694944385
0.9875603666242324
0.804827194299515
0.3842316481283909
0.0367715265455295
0.11410348192738641
0.3795327778814646
0.5455415748573996
0.375529383143865
0.9118510326743494
0.4242530602315219
0.3194994990533548
0.712426448125791
0.19687667427139888
0.9004151496665154
0.4192143448091435
0.735696557256948
0.9618974131839501
0.6140612334151376
0.14497414483904245
0.42764594075365775
0.6757649534198545
0.9090928083746765
0.03531464927699332
0.24515650984576043
0.42817799344637364
0.6772130095704487
0.8495637260773603
0.29050402010843474
0.6699332659214214
0.3421326306152219
0.6238410675966911
0.3854638190240872
0.3470534216187959
0.6278616403008094
0.6277172525281788
0.8390275970996164
0.9514889582816833
0.9120395260366903
0.7328241226933937
0.9513222855795149
0.347083599127545
0.940133858143424
0.3902351152920115
0.7399005163603881
0.5460638778934428
0.912149093606918
0.9981888852056853
0.5568172849341805
0.8808164826767172
0.8053917458478069
0.4521017938439739
0.43190514791157714
0.7124245910483296
0.35309774448656917
0.08958866662766804
0.9510506880007725
0.18816698097702703
0.043789886541852494
0.416489083634412
0.6979635288557339
0.8495734757340331
0.002973645285205314
0.11366289029964874
0.8047394473894598
0.054906352226310885
0.9451108257402079
0.5078995432517983
0.2706690400116624
0.11398230762302441
0.36054508937649554
0.7096997941429634
0.8668466174726848
0.46095726771907247
0.8871792943291354
0.5305024973049164
0.7830381044438935
0.24808233538633245
0.7985219520484028
0.6277701792358312
0.9085417206379804
0.6353010926115245
0.4337919386124474
0.5301793658266177
0.34073796544164553
0.31601515746624065
0.3064033887949517
0.2847795788334025
0.8580124999883932
0.4333295263245373
0.28950398389542426
0.1757171336752213
0.19316530496461803
0.18357767830032842
0.9747771739180899
0.3726778407017524
0.4242614170800985
0.10698669682560465
0.9928799650126606
0.5208791218994931
0.9510446524990227
0.7131651006860973
0.6275946854157207
0.45211293630874283
0.15389879484958136
0.9388366895365756
0.9938781441482096
0.5065299486239521
0.289363774547082
0.4489076206102171
0.427782435947077
0.919409802211965
0.3115396007840581
0.5104428108353042
0.9932295598447854
0.4091847337090201
0.9290094998797542
0.30121425009819297
0.3530986730252999
0.31849992710970965
0.05244015335745677
0.06444894476215944
0.0708637545834993
0.9938800012256711
0.9514429956145116
0.9571154387206222
0.39634861429522517
0.8278582047075057
0.9125947921976747
0.8446842550473044
0.9159496026318502
0.05258732674627958
0.4001259098518888
0.9516092040473146
0.290486842141916
0.15837388726239854
0.4066266095058224
0.5613341615898811
0.2896376934726513
0.45864474201015637
0.8229773408693537
0.40664703735789876
0.04300527131437443
0.34605988517690056
0.28937166712629336
0.1256196835354298
0.9574204636936714
0.2894747349254058
0.8082897152264567
0.9558976601752524
0.06368104323183477
0.2707136098707381
0.5962606816774237
0.6494181312043797
0.24746207151419597
0.8044743495818326
0.2906920492014103
0.8052334299942152
0.6353958035620603
0.16461831022664702
0.06969286724403205
0.5808696879459888
0.7778062529655205
0.9091002366845224
0.6527023726950186
0.033815987765573687
0.6273138024496708
0.8018646914790787
0.9574854614048234
0.1797479203053778
0.9938916079598055
0.9392679957770058
0.6754966057266698
0.42776572224992365
0.6194356155886797
0.2583900438363135
0.998186099589493
0.0538701030028014
0.9378324748992768
0.064475872385351
0.9576447057971459
0.5632093455566172
0.5249795489344554
0.05531444499847255
0.8082860010715337
0.7498423805504564
0.804778446016151
0.043023377819623926
0.9118714605264258
0.43816349895678675
0.8301971937702479
0.7280045424114708
0.42658647806187966
0.24493644616657428
0.8446647557339588
0.3067441625091345
0.04457125188377295
0.9608941270853819
0.5253249653422919
0.9574334632359017
0.5455522530528032
0.9514912796285102
0.8229824478323727
0.9655920687935775
0.11752375434207923
0.8578003288884184
0.26478628288303846
0.19577032037371828
0.30798794013896513
0.34212520230537596
0.6953394784026534
0.9159338174734275
0.9119132447693092
0.12361543268512044
0.5637061137775649
0.8310881266823961
0.9118802816443679
0.2407840209626904
0.3351662687878205
0.6644674226829013
0.2896437289744011
0.9559032314076369
0.9117971774279663
0.1993312664061187
0.6904484006384632
0.9293312385499568
0.7131511726051362
0.7536749241615992
0.4349855751508179
0.3059730110932522
0.28819242293824937
0.9927327916238378
0.3064233523776627
0.9518900870133644
0.2904984488760503
0.8050124377762983
0.25135914856712543
0.9303591309248895
0.6647613051911815
0.15810832518540596
0.8124347121204946
0.9139328165086757
0.04712055496902859
0.7579169533529998
0.06644205314769987
0.8060886141652297
0.3632726718980539
0.06495314129295304
0.2111004948182896
0.7315469176692564
0.5445197179842167
0.5455197541972272
0.7764895850453266
0.7793657337638039
0.06422377411995421
0.7129988922532943
0.6847657436063145
0.33506737941299636
0.748206759576252
0.66993140884396
0.776533690635037
0.8495614047305334
0.30981808997726007
0.6063515763337762
0.9425605941162215
0.11396884381142865
0.24511704694970385
0.05599831377366497
0.5357092782375592
0.8053871031541532
0.40663032366074536
0.9125390798738302
0.37614082589805947
0.7398856597406963
0.7612100159615808
0.36406982239839697
0.9558995172527139
0.9118528897518109
0.7491585117752639
0.9067686759316261
0.5997422376483457
0.43940356243169437
0.26066217811044223
0.035316042085089434
0.7920444658627378
0.3066638439089252
0.7212842433477163
0.1411810641239562
0.3795327778814646
0.7129408585826228
0.3302914404514184
0.921248773168202
0.019092613381543066
0.6160241642919289
0.543205835680215
0.6607086979008525
0.24869331387116153
0.6353164135005818
0.7536154976828316
0.295056645505269
0.1397376506670158
0.14080779155419743
0.8115168515851549
0.9975347296698767
0.6495416268555686
0.2502277241237148
0.8060686505825188
0.07365912043240191
0.8048624787712833
0.5896016661698984
0.06450187146981182
0.7579229888547496
0.8612229226499382
0.992864179854238
0.06367825761564254
0.6958088547310441
0.5834895599747809
0.9119926348307877
0.16397436861687656
0.951529813985836
0.9121193803675341
0.5878402281976784
0.3902351152920115
0.24759949524634597
0.2991412873818086
0.4136714328559716
0.6513782764649788
0.9802318746918413
0.11207230345388551
0.664383389927769
0.6278370340244447
0.0645004786617157
0.808346356089032
0.9513371421992068
0.8229908046809494
0.8014932759867813
0.8611802098683239
0.7397273438871046
0.9134244415535938
0.8082841439940722
0.8049790103819916
0.05214209242488818
0.5100073261705855
0.11098498460018515
0.530196079523771
0.5834946669377999
0.579272137059745
0.9633255057518332
0.7119839994205919
0.8871732588273856
0.5769029704882536
0.2480326585642377
0.19908520364247173
0.7315729167537172
0.7881074616443864
0.6278871751159049
0.07352773220200175
0.20841748215580694
0.6102922947070507
0.9124504044250442
0.13973718639765043
0.14109888844628543
0.358130888676563
0.8046452007082894
0.5209640831933561
0.34708638474373726
0.24759113839776928
0.17795305493885108
0.26258378901371543
0.12371664340677146
0.284777721755941
0.036876451422103496
0.7535936770226591
0.05475964310685345
0.3640958214828578
0.844906175803952
0.439249425002391
0.6356441876725341
0.7626162878692915
0.7812836305121541
0.18703555653361637
0.8261264799746695
0.03306758554859461
0.5834895599747809
0.08487447549168448
0.19934008752406077
0.1593683522430246
0.7920356447447958
0.42765244052477297
0.887170008941828
0.7497829540716887
0.7484588578416489
0.027007477522398675
0.9789295991219737
0.177947947975832
0.8053703894569998
0.5305034258436471
0.44895219046929274
0.824137085744052
0.06431523518493241
0.5253435361169068
0.7780486015742446
0.44889508533735206
0.6607035909378334
0.06456547637286773
0.649409774355803
0.13159854442268568
0.7131428157565595
0.17778220381239432
0.8053100344395016
0.7640114173122332
0.6276870750194297
0.6958673526710809
0.1990856679118371
0.17929711475160195
0.4212585228248748
0.183584642340809
0.6527320859344025
0.2513424348699721
0.2895183762457508
0.808377462136512
0.13159111611283975
0.26192777640044534
0.06449630023742735
0.3470952058616793
0.30212003963003303
0.24039171334895135
0.1515574844400122
0.8053151414025206
0.627776214737581
0.9119420294699623
0.9516384530173331
0.1743257183872025
0.0353132564688972
0.28818963732205716
0.28946266392190617
0.416489083634412
0.9928377165004119
0.45208368733872445
0.2502435092821374
0.8612062089527848
0.052589648093106435
0.7923866323850167
0.8526850090207537
0.25023654524165684
0.4497140564978676
0.27072846649043003
0.41379632131525657
0.7398364471879669
0.2894050945206001
0.04712009069966322
0.1993215167494459
0.18357860683905916
0.4233649129355659
0.05226465953734629
0.9928465376183538
0.8050839352585656
0.5633012708909607
0.2997921930320597
0.19918502155602663
0.8606523355998964
0.7272853891645101
0.4254174477998739
0.027007477522398675
0.5779006853544372
0.7760917061992031
0.6772116167623525
0.9518116254906166
0.8139825861846436
0.777815538352828
0.6276921819824488
0.7819897842168844
0.21102296183427255
0.15453855803506347
0.052447117397937344
0.054223411989849216
0.966402218836151
0.3454061939104573
0.8030128296196427
0.7129617507040645
0.778057886961552
0.053432761260621325
0.9121732356139173
0.14093314428284776
0.8052088237178505
0.8051726107073515
0.6063506477950455
0.043239263074521736
0.2316527710845611
0.5834890957054155
0.9106959304933048
0.9374206679721921
0.05214580657981115
0.520885157401243
0.9636073172566137
0.3055152414989958
0.5896063088635521
0.05257896989770289
0.9621699393014231
0.6275918997995285
0.7764784425805576
0.5366763513256283
0.39031171973729784
0.880155363100428
0.9510386169972729
0.913434655479632
0.7764979418939033
0.8668981513722409
0.05489892391646494
0.7129376086970651
0.6063464693707572
0.781370913152844
0.19442951044652498
0.7920314663205075
0.9197742536637817
0.6278226416741182
0.6284252633103705
0.6746850628760002
0.804972046341511
0.8014900261012238
0.1410882102508819
0.7123261659428707
0.5808506529020085
0.710422661544847
0.735951441138537
0.6328404649750549
0.8668554385906267
0.3456977550719107
0.9106309327821528
0.08339670610170656
0.40635872608200296
0.900177443751445
0.41601599315109833
0.8449126755750672
0.7202647078213603
0.5579765655395135
0.11099241291003109
0.592243358858863
0.7985029170044227
0.7098144686762102
0.06450929977965776
0.149312277789075
0.5209886894697208
0.24801501632835357
0.7356923788326597
0.9527299502953217
0.1263625145200244
0.4262475614251584
0.8053327836384048
0.054215519410637895
0.04660057327981236
0.4137717150388918
0.7920101099297003
0.8229801264855459
0.8051247909627183
0.5451311607384112
0.3471202764074094
0.6246284684403614
0.7131702076491163
0.9059042063733042
0.28959776630722933
0.8211773685398078
0.9217376488099384
0.4609581962578032
0.9127489296269782
0.19478374797230355
0.8050681501001429
0.4522819303577381
0.200131202522654
0.035336934206531154
0.28950073400986664
0.9120000631406336
0.9126268267838854
0.9347743325895738
0.45913222484379657
0.29145623657681197
0.9512744658348816
0.6568989034886129
0.289586159573095
0.44896379720342705
0.5344924282309201
0.9516890583781585
0.48396599319752526
0.6350675651207426
0.8060816501247492
0.3572441341887032
0.26103730775766254
0.4276858679190797
0.6154363992753684
0.29034338290801615
0.37614546859171316
0.021238930657656127
0.8015174179937806
0.5461683385006514
0.4275939425847361
0.08683508502164888
0.5087486919210631
0.11364431952503387
0.3460543139445161
0.9387907268694038
0.20460165224181748
0.16592151433524518
0.8914830713461305
0.7486037098836448
0.9763779746898913
0.3900888704419194
0.5249688707390519
0.03307408531970981
0.8019779732042293
0.15392850808896516
0.042503860399773066
0.24495037424753544
0.8030114368115465
0.4349823252652603
0.8801799693767927
0.4579218746082727
0.4520925084566665
0.11757110981734714
0.9516417029028906
0.7817465070694296
0.5501865898579429
0.5493337270337552
0.8009421882500852
0.9124369406134484
0.35967412004705834
0.7511692623966885
0.642814828020699
0.17678681029303753
0.5792795653695909
0.8037435896007377
0.9085718981467296
0.7920282164349498
0.8526924373305997
0.3475227979471866
0.7273485297982006
0.9951172790843865
0.39020911620755067
0.9901175622886994
0.014420206488442942
0.5302452920765004
0.8051795747478321
0.6479775033636316
0.26275696148699906
0.692740498495303
0.6510918222665445
0.056008063430337776
0.21082379027652812
0.5884642062247379
0.29051887672812665
0.8052371441491382
0.9415884140651333
0.8018679413646362
0.8995325736029438
0.3815672062405231
0.6131099454854911
0.9388464391932484
0.11397534358254384
0.9519485849534013
0.3840663682343186
0.9212436662051829
0.40533826201691614
0.019084720802331746
0.6745230328674855
0.7812803806265965
0.8047733390531319
0.2943105646351168
0.8658540095695202
0.27496585298817694
0.911850568404984
0.3920977639858825
0.2895076980503472
0.4327830812814949
0.4336234088328175
0.9085421849073457
0.2637667473566824
0.5568558192915064
0.26275696148699906
0.6465874808837089
0.5632859500019035
0.6585660947796624
0.8611477110127479
0.25837797283281383
0.2479574469270475
0.3632522440459775
0.00323967163156326
0.9118751746813487
0.42763108413396583
0.8249022016581845
0.8871667590562704
0.11365406918170667
0.7756822206189453
0.05476010737621882
0.4222864151998076
0.35422266915886463
0.19313837734142647
0.7626172164080222
0.8019942226320174
0.9644587872727053
0.34567686295046895
0.131590187574109
0.6198200306232073
0.6026982406976669
0.0737640453089759
0.43917467763456614
0.01654423883501817
0.7320933627122987
0.42424331057484904
0.053560899605463896
0.44609971948844945
0.6644790294170355
0.11822201546759818
0.5962695027953658
0.9514703875070685
0.42659158502489875
0.433209280558906
0.6160241642919289
0.3487874676984589
0.5632701648434809
0.9940814941302424
0.3770062239951122
0.71221288421772
0.16912033026265574
0.5834895599747809
0.5878392996589478
0.25136239845268304
0.7764877279678651
0.7119477864100928
0.40919216201886605
0.06448701485011991
0.9388352967284795
0.9118162124719466
0.3530787094425889
0.24074548660536454
0.7908986490690006
0.24808883515744767
0.4516737374891013
0.26275556867890293
0.02048727855511945
0.1140185206335234
0.10466349292128499
0.14010813762058236
0.04547472006878615
0.2705325448182432
0.3350882715344381
0.9619326976557183
0.5997445589951725
0.627702395908487
0.5776736576347704
0.844868569985357
0.5834895599747809
0.28932059749610245
0.24818122476115662
0.912286517339068
0.0885157401242942
0.3514946223679409
0.9558349838109272
0.3971211585192036
0.5451163041187193
0.42405156732695054
0.7793643409557077
0.0985764572718975
0.8151349027494961
0.20354915359052
0.6645742046369367
0.9519253714851327
0.5208768005526663
0.9928483946958153
0.04875199751894451
0.344792429809436
0.1341320623495187
0.8053936029252684
0.39052249802917655
0.45214357808685735
0.3099880125649861
0.5064779504550304
0.42759672820092837
0.4001351952391962
0.6465758741495746
0.9419472942845656
0.9932318811916123
0.9708081351135278
0.9855445090397889
0.7119802852656688
0.0524364392025338
0.8049441901795886
0.8897601677312363
0.11072499375557704
0.02661656271675576
0.29187222192818496
0.3741560743610957
0.7579183461610959
0.2895197690538469
0.014810192755355115
0.7817404715676798
0.6353001640727938
0.8936688515183001
0.9421455373035792
0.24493644616657428
0.9535015659805693
0.9124322979197946
0.938837153805941
0.6754914987636507
0.5065666259038164
0.9355236633452836
0.735832588181002
0.6349398910452654
0.9943665555205806
0.31434610909772964
0.02352824289830365
0.2905611252403755
0.6349547476649572
0.3035973447506456
0.3121176161439458
0.8668480102807808
0.71232523740414
0.6643801400422114
0.7640095602347717
0.8526822234045616
0.25023700951102223
0.026618884063582617
0.3317831379223575
0.1950562740897767
0.14955323358970288
0.3470534216187959
0.28212256525538065
0.5874056720716906
0.04624819283149529
0.9004267564006496
0.6276067564192204
0.14104456893053693
0.5065299486239521
0.7645615765101986
0.803241714416771
0.695843674933447
0.9513167143471305
0.6494074530089762
0.004073035142405343
0.861189030986266
0.7359142995893073
0.07573161887942088
0.7535816060191595
0.19996592262858173
0.937838974670392
0.9569617655606841
0.44896843989708074
0.9513371421992068
0.19951093865051753
0.6840646968646032
0.5778974354688795
0.9558962673671563
0.8991987639292416
0.9126997170742488
0.9514536738099151
0.3012235354855004
0.4276282985177736
0.5632576295706159
0.9519550847245165
0.9126305409388084
0.8047473399686711
0.6473939167713594
0.31936578947612776
0.5249818702812823
0.21265254730672697
0.14497414483904245
0.2350043316331789
0.7328375865049895
0.8049971168872411
0.13416270412763323
0.9618964846452193
0.9657787050784569
0.31284001927646404
0.9109280651759906
0.15393965055373407
0.31282051996311844
0.965800061469264
0.9101234863658015
0.25838400833456365
0.36106832095126934
0.6167307822660245
0.9004207208988998
0.2514171822377969
0.8017634807574276
0.08496407947920119
0.07294228853226811
0.23187422757184337
0.5631610615426186
0.06420659615343545
0.45216075605337613
0.11408908957705989
0.7831495290915828
0.14413474582645053
0.27724495130278626
0.33518158967687783
0.2919014708982034
0.9149825295437811
0.9134448694056703
0.7328979415224878
0.6047763103770702
0.8052612861561375
0.525572420914035
0.8293605803738483
0.6745221043287547
0.6857277097313644
0.2513944330388937
0.38406683250368395
0.9513046433436309
0.6197898531144582
0.8801493275986781
0.7303881013332888
0.11406541183942594
0.2514041826955665
0.9515028863626445
0.6353108422681972
0.14098607099050012
0.06431941360922076
0.6645774545224943
0.9122674822950878
0.803736625560257
0.2513289710583763
0.9779801682697887
0.5341655825976985
0.5813757415542439
0.9385493067994105
0.007606125012883475
0.563360233100363
0.9509768691716785
0.6479775033636316
0.8222865080536806
0.8014900261012238
0.24746207151419597
0.4667211718901613
0.06366850795896974
0.9378375818622958
0.4489377981189662
0.007724977970418613
0.30566148634908785
0.9657466704922463
0.045476577146247636
0.9194715500375594
0.8655954115330081
0.8936688515183001
0.141037140620691
0.6365950113328153
0.8047719462450358
0.9106323255902489
0.06366618661214288
0.9060411658360887
0.318193045059199
0.13284000070568944
0.57689229229285
0.4516700233341783
0.42405528148187355
0.7280226489167203
0.7892207795825475
0.19931223136213846
0.5554839033168332
0.9928632513155072
0.9510465095764842
0.9916501154637911
0.10978670536816096
0.07051183840454761
0.8048624787712833
0.17775388338110665
0.3487874676984589
0.3902351152920115
0.36406007274172414
0.37934707013531593
0.8801781122993312
0.8745455963586425
0.1263560147489092
0.957452498279882
0.7303602451713664
0.7640104887735025
0.6197954243468426
0.08496222240173971
0.5301812229040792
0.951040009805369
0.5691900635213346
0.43497953964906805
0.3421428445412601
0.521023973941489
0.838958420964176
0.4332102090976368
0.5208744792058394
0.9127317516604594
0.9122730535274722
0.9197742536637817
0.1401220657015435
0.7507769547829495
0.3052854281631368
0.7981769999099317
0.1999580300493704
0.13009431167888158
0.9106931448771125
0.3770062239951122
0.29051237695701143
0.8053787463055765
0.758162087577916
0.5554755464682565
0.6158820978661251
0.5104442036434003
0.18355957179507892
0.645216029178401
0.7499180564570119
0.6140895538464253
0.8443950152326779
0.0636903286191422
0.9134262986310554
0.9134374410958243
0.99818238543457
0.8244435035251972
0.25138561192095166
0.07573440449561313
0.779249666422461
0.6277613581178891
0.9106843237591705
0.9057821035302114
0.7359649049501328
0.8838198412013063
0.9134662257964773
0.6353916251377719
0.3735929156208999
0.5982008633553119
0.9928753223190069
0.45281816147474235
0.6350624581577234
0.2896047303477099
0.2642690868100145
0.36055344622507224
0.5779387554423976
0.6393351291272386
0.03805383853268596
0.9347766539364006
0.9848272128702896
0.1410649967826133
0.8612127087239
0.5477672821949913
0.3066666295251174
0.6277242165686594
0.6944801158073505
0.033068978356690724
0.05212816434392703
0.9515878476565075
0.7617309261895278
0.8198806642023249
0.617790709227168
0.9119773139417304
0.9123673002086427
0.11269256732602202
0.5421231595201683
0.7511660125111309
0.6275956139544515
0.8871792943291354
0.3079962969875418
0.24805587203250629
0.5257195943028578
0.8995302522561169
0.9194636574583481
0.8448681057159916
0.635393017945868
0.1410454974692677
0.5414741109473787
0.9057574972538467
0.3194493579618946
0.9163539812490888
0.6338790355453912
0.6953357642477305
0.6276633972817958
0.7640063103492142
0.3941205856108067
0.4141180599854591
0.5792512449383033
0.4727473882526851
0.20841748215580694
0.39593262894385217
0.8048782639297059
0.6958432106640816
0.17679098871732588
0.7819930341024419
0.9245469427398021
0.5208800504382238
0.5445229678697743
0.5100096475174124
0.03804873156966687
0.8994517907333692
0.24788455663668416
0.9574246421179597
0.24808140684760172
0.9124982241696774
0.18356050033380966
0.18359160638128957
0.36446305855086675
0.03540611034197153
0.7198352586583915
0.3753399612427934
0.4276366553663503
0.2896441932437665
0.794563127169879
0.7357360201530047
0.14832756246512177
0.3971044448220502
0.12408527328287654
0.6565650938149107
0.6338771784679297
0.05228508738942264
0.7778220381239432
0.358118353403698
0.5690326762064736
0.9123166948478172
0.9152675909341192
0.7640155957365216
0.685733280963749
0.9534987803643772
0.14954255539429934
0.9932230600736702
0.16932182316722705
0.2513507917185488
0.9119183517323283
0.7810138900108732
0.06438301851227668
0.0643203421479515
0.0643565551584505
0.9119197445404243
0.7511813334001881
0.054887781451696024
0.6944643306489279
0.28952673309432747
0.39712812255968416
0.9107047516112469
0.42763758390508105
0.7981700358694511
0.5209696544257406
0.04204887642170886
0.9001607300542916
0.6479775033636316
0.31956356822577603
0.18165792447451673
0.6886669990835322
0.7123261659428707
0.5053962028337144
0.9197742536637817
0.25548650322527927
0.9125260803315998
0.54775938961578
0.24515743838449117
0.40984167486102097
0.24814686882811912
0.306742305431673
0.9121695214589943
0.1441356743651813
0.12392045765816961
0.9123120521541634
0.9209962106334398
0.720847830144267
0.8096244896519001
0.8241403356296096
0.8626148022073222
0.319518534097335
0.3793447487884891
0.7830158195143557
0.9560685113017091
0.033070835434152214
0.8017198394370827
0.7004989038600283
0.9515075290562982
0.0038269723787583768
0.9120060986423835
0.7820023194897494
0.235094399890061
0.5570545265798854
0.7312010369920545
0.3542129195021918
0.9848272128702896
0.911950386318539
0.985538473538039
0.34605942090753516
0.11049471615035271
0.04657225284852469
0.11411648146961682
0.5982055060489656
0.5210165456316431
0.14956298324637568
0.7485484618291656
0.10707444373565989
0.9927095781555693
0.8661952475530683
0.1593711378592168
0.4479470472932632
0.40664193039487967
0.30799722552627257
0.9558419478514079
0.39438289780224167
0.5584088003186745
0.06419452514993579
0.12924052031596317
0.3921534763097271
0.6868934901078126
0.354239382856018
0.9212896288723547
0.9511518987224236
0.6754887131474584
0.11509794690801245
0.7578993111171156
0.9517675199009064
0.2776841501224278
0.9644648227744551
0.3522982726393992
0.8054066024674988
0.4001184815420428
0.9927295417382802
0.6953380855945572
0.29431799294496275
0.6643764258872884
0.8047375903119983
0.8049070486303589
0.7307739091759126
0.2506297813941266
0.1835976418830394
0.064269736787126
0.20841748215580694
0.9212473803601059
0.8448931762617217
0.03378256037126692
0.4091851979783855
0.8801771837606004
0.08953156149572733
0.11758689497576978
0.9516291676300256
0.9118835315299254
0.12392324327436184
0.7303811372928082
0.08496129386300896
0.6868586699054098
0.933084392099621
0.8051187554609684
0.8626315159044756
0.911805534276543
0.34568800541523786
0.2614732566917465
0.6350508514235892
0.6341223126928459
0.05906806281750221
0.9663376853943644
0.023890373003293528
0.4164918692506043
0.9517178430788116
0.14114717246028408
0.39031125546793244
0.7163072757509324
0.7691699142308774
0.73595515529346
0.9950940656161179
0.7926159814515104
0.8053406762176161
0.8049033344754359
0.8037384826377185
0.40323140763685966
0.5493903678963306
0.8229866262566611
0.8626175878235145
0.9076178246008908
0.24802987294804546
0.2894668423461945
0.43190421937284634
0.9387921196775
0.9511398277189239
0.3530926375235501
0.6275292234352033
0.06421356019391602
0.5065192704285485
0.3457975729854656
0.1990791681407219
0.5451441602806415
0.942551308728914
0.5579812082331672
0.6754627140629976
0.29051841245876125
0.6473837028453212
0.9197742536637817
0.06653119286585123
0.6104812523387569
0.950980119057236
0.9974056627863033
0.7120039630033028
0.8051637895894095
0.8606527998692618
0.9125766856924252
0.3128246983874068
0.8440542415184951
0.16061120133412446
0.18378520670664955
0.31935557555008953
0.6901433756654141
0.6342239876838622
0.5396383898766993
0.4064455444533275
0.2647932469235191
0.04205026922980498
0.9927049354619155
0.9123956206399303
0.8122295050610003
0.2905314120009917
0.6395287294525985
0.26478860422986533
0.539641639762257
0.397134158061434
0.5270149058322446
0.9126816105689992
0.29957816485462335
0.26066217811044223
0.8052886780486944
0.19917852178491144
0.4839441725373528
0.08497847182952772
0.35425795363063284
0.8994536478108307
0.6944652591876586
0.8626250161333604
0.7198306159647379
0.8668503316276077
0.6845851428231848
0.03532904162731984
0.9618955561064886
0.06653351421267809
0.6901438399347795
0.2027473603965232
0.34621773676112694
0.9364902721639874
0.633820073335989
0.8906752426503838
0.5255905274192845
0.5962750740277503
0.9975319440536844
0.9159477455543887
0.3196545650213889
0.2513777193417403
0.5209246202972996
0.35422545477505685
0.14400892882843483
0.9763816888448142
0.20354497516623166
0.4516686305260822
0.7198199377693343
0.5555015455527174
0.06967661781624404
0.9209386412321338
0.14103156938830655
0.7307776233308355
0.4737506743512532
0.34755390399466646
0.7280050066808361
0.25139582584698983
0.9245747989017243
0.8019923655545558
0.27068157528452746
0.899457826235119
0.7202647078213603
0.27361297205748397
0.5301645092069258
0.9124996169777736
0.6338131092955084
0.7847995424161135
0.7981644646370667
0.5253467860024643
0.05357668476388653
0.8301939438846904
0.5925024211647404
0.2896455860518626
0.0642989857571444
0.15273719289742155
0.9119601359752117
0.10698669682560465
0.9364912007027181
0.5632775931533268
0.9124290480342371
0.4378612595999298
0.7359481912529795
0.075716762259729
0.9125720429987716
0.5576083999327738
0.28211095852124635
0.25136054137522157
0.2905420901963952
0.5633091634701721
0.6198102809665346
0.3941312638062103
0.9513018577274386
0.0643300918046243
0.9120223480701716
0.937842688825315
0.4521212931573195
0.912431369381064
0.9425146314490497
0.9574408915457477
0.30123049952598097
0.18356375021936727
0.7502699726359636
0.7202647078213603
0.9515465276829894
0.7449847301805729
0.67469109837775
0.695832532468678
0.9574752474787852
0.2913332051949885
0.8607038694994527
0.3475227979471866
0.861177888521497
0.9519309427175172
0.5052884923409483
0.762630680219618
0.6284252633103705
0.8959771988029279
0.6745309254466968
0.8477224337742963
0.42125991563297094
0.36055066060887997
0.8222800082825655
0.7640392734741556
0.8961308719628659
0.03707980140413627
0.5208842288625122
0.3194665359284134
0.6286012213998464
0.505607909664324
0.9513677839773214
0.8559817857842578
0.8049474400651463
0.438970863383168
0.29048312798699305
0.11351060994780683
0.06454876267571434
0.7119956061547261
0.09822407682358043
0.7985577007895365
0.6635820610031375
0.9705128597971514
0.9123668359392773
0.8606592996403769
0.8051122556898532
0.8610534643315775
0.9133840501188065
0.5460587709304237
0.9108793168926266
0.9517043792672158
0.7502876148718477
0.90852872109575
0.8995293237173863
0.8991987639292416
0.15806468386506103
0.8871751159048471
0.9060225950614739
0.6757723817297006
0.9334474507433417
0.2904803423708008
0.2627583542950952
0.05901652891794596
0.9518144111068089
0.5834895599747809
0.7007412524687523
0.11410626754357864
0.6277604295791583
0.9292072786294026
0.40016630128667613
0.5209659402708176
0.3458138224132536
0.6252849453229968
0.9152518057756966
0.3448128576615124
0.6353150206924856
0.5357055640826363
0.8611964592961119
0.3066833432222708
0.6647863757369116
0.9387944410243267
0.5956195256838456
0.7980098629383979
0.5493341913031206
0.7280087208357592
0.6140723758799065
0.19933033786738796
0.530167294823118
0.14955323358970288
0.52101886697847
0.42765151198604223
0.776538797598056
0.1320498142458269
0.2706746112440469
0.03190691213516553
0.40930869362957434
0.3068411948064972
0.6286369701409801
0.5065471265904707
0.7358404807602132
0.08578862187210122
0.6352894858773902
0.7980075415915711
0.5632655221498272
0.05601967016447207
0.06430548552825961
0.20301292247351577
0.921467444039292
0.9121240230611879
0.2126506902292655
0.5252297901223907
0.6339022490136598
0.9220584589414101
0.9514778158169145
0.677209759684891
0.6348735005260172
0.5302025792948862
0.14931320632780573
0.6565688079698336
0.8284821827345651
0.7129988922532943
0.19932523090436888
0.2751357755759029
0.7358604443429242
0.8019779732042293
0.7981658574451628
0.14012810120329333
0.46673324289366097
0.038054302802051326
0.4276635829895419
0.8054024240432105
0.9975375152860688
0.2893828095910623
0.6278621045701748
0.33495316914911494
0.6395514786515017
0.5397275295948507
0.8936753512894153
0.750274151060252
0.17432339704037564
0.9292031002051142
0.41447229751123765
0.3193857530588387
0.5451176969268153
0.6957786772222949
0.02048727855511945
0.34753440468132085
0.8009561163310464
0.929006714263562
0.8015160251856845
0.9126254339757893
0.4107330720425345
0.8050681501001429
0.3457641455911588
0.3470701353159492
0.5613323045124197
0.5632683077660193
0.7701170237362356
0.4833011594663131
0.804883370892725
0.651833260443043
0.7980196125950707
0.8560894962770239
0.312124115915061
0.990117098019334
0.2614746494998426
0.8051285051176412
0.6104747525676417
0.37620118091555776
0.924549264086629
0.913447190752497
0.24078448523205576
0.5896090944797444
0.9290132140346772
0.0702044920846716
0.1157010328136302
0.19577403452864123
0.9060555581864153
0.7499974465184904
0.6868359207065066
0.7802575952146827
0.6585633091634702
0.04619387331574681
0.8560908890851201
0.8121519720769833
0.9513431777009567
0.6901438399347795
0.8049506899507038
0.03535132655685767
0.4329576465628746
0.3421405231944332
0.29429802936225175
0.8611718530197472
0.15936045966381326
0.6246400751744956
0.9127178235794983
0.1493874894262652
0.0697067953249932
0.7980627896460504
0.24818029622242588
0.6857360665799411
0.9118347832465614
0.6754645711404591
0.2667069652475809
0.9134532262542469
0.08849624081094859
0.8278252415825643
0.6745295326386006
0.44983476653286425
0.63359026000013
0.8014900261012238
0.9133831215800758
0.7535843916353517
0.6772111524929872
0.7761009915865106
0.14403910633718398
0.021886122152984185
0.6647849829288154
0.8937008861045107
0.974778566726186
0.7303839229090004
0.1777627044990487
0.8278229202357374
0.752221761047986
0.9877613952594384
0.3696768035239902
0.8053077130926747
0.9212998427983928
0.08949581275459371
0.19996035139619725
0.9330908918707362
0.28946823515429065
0.711941750908343
0.28210028032584283
0.7357244134188703
0.8124235696557257
0.8048392653030146
0.9121579147248601
0.24813433355525408
0.24746207151419597
0.24810090616094732
0.2584466846988888
0.07089578916970996
0.8567501515839477
0.44452723914793574
0.41427591156968546
0.4336220160247214
0.289646050321228
0.23827185942666448
0.347067349699757
0.779249666422461
0.19575221386846878
0.7640360235885979
0.31584569914788
0.42228595093044224
0.7810176041657961
0.6353224490023316
0.8052761427758294
0.9940796370527809
0.9633176131726219
0.34580964398896524
0.11407516149609874
0.30799676125690717
0.05981182234082757
0.5357013856583479
0.25139396876952835
0.15811993191954027
0.33967850274986744
0.3194581790798367
0.9855407948848658
0.10330829064376519
0.5304806766447439
0.16912404441757872
0.24802987294804546
0.9245604065513978
0.9571182243368144
0.340828497967893
0.730387172794558
0.34566897037125766
0.26973632285663085
0.7124199483546758
0.14404885599385678
0.04590556203985102
0.9401282869110394
0.7535857844434478
0.416489083634412
0.4064566869180964
0.06423723793154998
0.8047338761570754
0.813994192918778
0.8669051154127215
0.14407578361704834
0.33178174511426134
0.26066217811044223
0.805405673928768
0.5884484210663153
0.2884603063620688
0.7920128955458926
0.8014900261012238
0.31945075076999074
0.5493444052291587
0.8933211137636368
0.134244879805304
0.9658028470854562
0.11176634994210562
0.2991347876106934
0.7311722522914015
0.31950367747764313
0.7131437442952901
0.5317699526723809
0.8055426333915527
0.6956983586220856
0.9245590137433017
0.9560685113017091
0.06450001439235033
0.17432014715481806
0.07571815506782512
0.45213939966256905
0.04620269443368887
0.8994555048882922
0.9209386412321338
0.9515001007464523
0.9109313150615482
0.8244435035251972
0.8838351620903635
0.25571956644669586
0.6352927357629478
0.3902351152920115
0.7985632720219209
0.8446508276529976
0.9928600014299497
0.8933206494942714
0.5087547274228129
0.9091016294926186
0.7502987573366167
0.06636080600875983
0.3113088589094684
0.12617169981085666
0.1730805479492758
0.4186056876711413
0.9802458027728024
0.8937589197751822
0.6839690573753368
0.9293358812436104
0.9245571566658403
0.24798251747277755
0.3462209866466845
0.5792526377463993
0.9118593895229261
0.5874042792635945
0.3514913724823833
0.913397049661037
0.2997898716852328
0.033816452034939055
0.6473892740777057
0.3471281689866207
0.13976829244513034
0.3555337658466741
0.9737646024322143
0.7699731002329704
0.04250803882406141
0.2642700153487452
0.8261093020081507
0.9125014740552351
0.06429666441031755
0.7303699948280392
0.4388877591667665
0.19576428487196842
0.990120812174257
0.30123235660344244
0.577894185583322
0.798159821943413
0.5305619237836839
0.913574400558609
0.7640100245041371
0.40931519340068956
0.61312108795026
0.7692149483593185
0.251337327906953
0.95158459777095
0.5815294147141818
0.39637043495539764
0.951835767497616
0.5397498145243885
0.8151400097125151
0.14497414483904245
0.37680844524546386
0.7315566673259292
0.951678380182755
0.9205816180901629
0.56335651894544
0.7640128101203293
0.39710212347522333
0.5938553020954334
0.15783208491300985
0.4137628939209498
0.8443778372661591
0.7502950431816937
0.3066856645690977
0.5460773417050385
0.9510548664250609
0.5311060474798994
0.6251549499006928
0.4489234057686397
0.6745369609484466
0.8049414045633965
0.9574302133503442
0.9519708698829391
0.7626278946034257
0.3143535374075756
0.9425123101022228
0.7309062259450435
0.8220019109327079
0.4520711520658594
0.9518111612212513
0.9419533297863154
0.8914928210028032
0.8053592469922309
0.9747808880730129
0.15413185807099794
0.15937763763033203
0.8121649716192137
0.5792693514435527
0.39214790507734265
0.10353253274723968
0.4524295680159263
0.07434438201569045
0.8477349690471614
0.04621151555163093
0.20841841069453768
0.8048392653030146
0.8580199282982393
0.06724570341915817
0.02048727855511945
0.0761931026286003
0.07572186922274808
0.28952301893940446
0.14105988981959422
0.8801795051074273
0.11402780602083083
0.634935712620977
0.42766497579763796
0.07051323121264373
0.912400263333584
0.03531743489318555
0.28951698343765464
0.7579076679656923
0.6788625586256141
0.9401241084867511
0.9763821531141796
0.2514756801778337
0.2625856460911769
0.4590226572735689
0.912217805472993
0.06371632770360301
0.5100050048237587
0.4479312621348405
0.13284232205251628
0.66088047756604
0.781285951858981
0.5341887960659671
0.9574538910879781
0.4520210109743993
0.5983587149395382
0.5576659693340799
0.8229838406404689
0.9076178246008908
0.2557200307160612
0.8668475460114154
0.36054973207014923
0.34568986249269934
0.42765894029588813
0.9124550471186978
0.3475450828767244
0.31001169030262005
0.59053438332493
0.8838031275041529
0.2555101809629132
0.2849648223101858
0.2476004237850767
0.6746869199534616
0.5304913548401474
0.03532486320303149
0.24073945110361472
0.5554964385896982
0.3240604812987657
0.3160160860049714
0.7234073471555609
0.06379153934079321
0.11757157408671252
0.5255603499105352
0.1639655474989345
0.6336937920686079
0.9511639697259232
0.6644655656054398
0.7764844780823076
0.9101230220964361
0.8048211587977652
0.5927559122382333
0.9927221134284343
0.4516663091792553
0.4579223388776381
0.9576563125312801
0.5356846719611945
0.9848722469987307
0.17585502167673667
0.732099862483414
0.713140958679098
0.7935547341082918
0.46893434395488787
0.36447745090119327
0.5632664506885579
0.5208610153942436
0.9602232578524199
0.3196545650213889
0.8611751029053049
0.9649629838034989
0.9212928787579123
0.3196239232432744
0.7485549616002808
0.5779108992804753
0.8014900261012238
0.39023604383074223
0.5209311200684147
0.1931448771125417
0.6840651611339686
0.40635872608200296
0.17933332776210095
0.6336775426408199
0.7320938269816641
0.6336993633009923
0.15780655009791442
0.2480312657561416
0.9387944410243267
0.3632559582009005
0.8222753655889118
0.7118939311637097
0.17947725126536615
0.6279024960049621
0.6645844185629749
0.12372639306344427
0.857811007083822
0.8048415866498415
0.9212608441717016
0.2584471489682542
0.7518015972723247
0.2555106452322786
0.10698855390306612
0.6958794236745806
0.4265925135636295
0.8278312770843141
0.15154030647349348
0.6527167650453451
0.28210956571315027
0.7578988468477503
0.3184906417224022
0.5633472335581325
0.7123981276945033
0.12056796857082104
0.6219844544045698
0.5930270455476103
0.42770629577115604
0.9067041424898394
0.3555337658466741
0.6906656787014571
0.9515646341882389
0.6346432229207929
0.2450738698987243
0.9527475925312059
0.9916533653493488
0.19317876877621382
0.44891644172815914
0.30793779904750496
0.6643764258872884
0.042510360170888266
0.9290076428022928
0.8610534643315775
0.9118124983170236
0.8477187196193734
0.7276535547712498
0.6610411147664585
0.19576289206387232
0.6393295578948541
0.8016929118138911
0.35150483629397905
0.15288065213132138
0.9123863352526229
0.520951547920491
0.5357074211600977
0.9118728533345218
0.9118036771990815
0.7535871772515439
0.11405055521973405
0.11350039602176866
0.8668489388195115
0.9152578412774465
0.25023515243356076
0.7312070724938043
0.5210040103587781
0.5632339518329819
0.6958459962802739
0.80517075362989
0.7623442260211837
0.11269071024856053
0.3487874676984589
0.21082796870081646
0.9875524740450211
0.9245515854334558
0.9516839514151395
0.826117194587362
0.8801748624137735
0.9510307244180616
0.8047654464739206
0.07088928939859475
0.40918241236219327
0.38422004139425664
0.3542110624247303
0.9152527343144273
0.5477658893868952
0.8668433675871271
0.8449168539993556
0.6746989909569613
0.8050681501001429
0.17585641448483277
0.1135064315235185
0.24498055175628458
0.31952039117479647
0.8611904237943621
0.8053262838672895
0.3640809648631659
0.9118514969437148
0.34215491554475974
0.7119621787604193
0.05981182234082757
0.8124319265043024
0.7498535230152252
0.6400993165026403
0.8673856342058812
0.9334558075919184
0.34481425046960845
0.5356869933080214
0.9126672182186727
0.007730084933437701
0.08592836695107808
0.2697423583583807
0.9124480830782173
0.3902351152920115
0.6140723758799065
0.07089114647605624
0.3605404466828418
0.15742445641021355
0.5769052918350803
0.15753727386599886
0.193152769691753
0.5432211565692723
0.3136938106393825
0.5551129520939012
0.2894719493092136
0.07619867386098475
0.34723355813256007
0.10698669682560465
0.0705234451386819
0.5884470282582192
0.3471119195588327
0.761717462377932
0.416489083634412
0.9535080657516846
0.48187260262906456
0.7497193491686328
0.05316348502870578
0.2913132416122775
0.24511890402716532
0.91276378624667
0.6957991050743713
0.34214470161872157
0.11542432827186871
0.9973986987458228
0.9592580418418123
0.16521536063051495
0.9931738475209408
0.5209144063712614
0.9067083209141278
0.9364921292414489
0.9425076674085691
0.29049752033731957
0.07294600268719109
0.7530992301485383
0.3471100624813712
0.13415434727905654
0.9127800356744581
0.6123072237527636
0.2847716862541912
0.7696411476367296
0.6488433657300496
0.77609402754603
0.8037473037556606
0.37611761242979086
0.7123261659428707
0.05901513610984985
0.7536739956228684
0.40017512240461817
0.6529930053177413
0.9519411566435554
0.8477215052355657
0.7511882974406687
0.4212552729393172
0.46346617936954076
0.3096049903385545
0.9509917257913704
0.5317597387463427
0.9124531900412364
0.1835600360644443
0.4276529047941383
0.7777932534232902
0.749834487971245
0.9126941458418643
0.6365950113328153
0.7129571080104108
0.3854656761015487
0.9118264263979847
0.7280054709502015
0.6647733761946811
0.03708351555905924
0.7640267382012905
0.7119891063836109
0.34753440468132085
0.24761156624984562
0.9123204090027401
0.9763775104205259
0.9738992405481721
0.8278359197779678
0.861039071981251
0.9135683650568591
0.9118918883785021
0.30666802233321355
0.5270218698727251
0.7497852754185156
0.16477755461896948
0.21083632554939316
0.8220028394714386
0.9108788526232612
0.9121463079907257
0.5631610615426186
0.43279793790118676
0.5768987920639652
0.7104203401980201
0.4839488152310065
0.08958077404845673
0.05242622527649562
0.3421563083528559
0.9060332732568774
0.6747612030519211
0.41410366763513257
0.5460782702437693
0.9568512694517257
0.9916459370395029
0.7699122809461066
0.6194244731239107
0.4516630592936977
0.11099194864066572
0.9057788536446538
0.7130815322003303
0.7119807495350342
0.15550934527805557
0.6246423965213225
0.8800787586551416
0.14113185157122682
0.46672999300810336
0.19932383809627274
0.9955165507386061
0.6848511691695428
0.5926129172736989
0.11398230762302441
0.9334437365884187
0.9126333265550006
0.9126983242661526
0.14078132820037123
0.7819953554492688
0.6161490527512138
0.3816767738107508
0.43320835202017527
0.7328352651581627
0.9855389378074043
0.7817455785306989
0.9747887806522242
0.9513645340917638
0.9425169527958766
0.2480883708880823
0.8578100785450913
0.5954398534394467
0.8838165913157486
0.8838091630059027
0.24759113839776928
0.952732735911514
0.8041163979011311
0.1493141348665365
0.9066962499106281
0.15742909910386726
0.14994786255026876
0.007605660743518103
0.15823832060771004
0.960891805738555
0.9877465386397465
0.43366240745950874
0.6286629692254408
0.2896664781733043
0.9127791071357273
0.6565604511212569
0.921738577348669
0.5455513245140725
0.00323967163156326
0.1574272420264058
0.4423637439053039
0.8801507204067742
0.9334274871606307
0.9126477189053271
0.9125534722241567
0.1581306101149438
0.9901175622886994
0.5301645092069258
0.6353196633861393
0.7581583734229931
0.9943646984431191
0.9513380707379376
0.2894640567300023
0.3470752422789683
0.5209408697250876
0.11205698256482825
0.8019793660123254
0.7004961182438362
0.26479185411542294
0.11413365943613557
0.48435876508062964
0.7764946920083458
0.0353313629741467
0.6596928765294193
0.4292973468862846
0.32028550708892894
0.9085315067119422
0.8659631128703825
0.6278514263747712
0.06426787970966451
0.634935712620977
0.08949534848522835
0.6494343806321677
0.4323893808596597
0.017384566386340825
0.3475223336778212
0.7530885519531348
0.9119657072075962
0.5435962862164925
0.31819211652046825
0.4276840108416182
0.07365587054684432
0.0032401359009286315
0.9515019578239138
0.6273128739109401
0.9122006275064742
0.5952392890736062
0.07571258383544065
0.9514824585105681
0.0642205242343966
0.587402422186133
0.1648249100942374
0.27708942106538675
0.8880887980158985
0.8050240445104326
0.6754989270734967
0.8477210409662003
0.7923987033885164
0.9644755009698587
0.19576196352514158
0.27724170141722865
0.9152531985837927
0.0696886888197437
0.16462388145903148
0.8880966905951098
0.7129482868924687
0.14091828766315587
0.07434252493822896
0.019089363495985463
0.28932106176546785
0.43925871038969844
0.8580129642577586
0.2997931215707904
0.9425364521092221
0.16793551484222735
0.3470534216187959
0.17571434805902905
0.1765189268692181
0.2778888929125567
0.7130323196476009
0.20848062278949747
0.2894250581033111
0.7280226489167203
0.17382430747260114
0.8959758059948317
0.08969962700599186
0.7502820436394633
0.9515748481142772
0.1691245086869441
0.9134490478299585
0.053553471295617945
0.8440681695994563
0.6337536828167408
0.11658918010958615
0.041856204635079636
0.56316291862008
0.9123487294340278
0.7926090174110297
0.7694540470824849
0.7358372308746556
0.5460768774356731
0.42424145349738757
0.7280026853340094
0.35307824517322356
0.8048327655318995
0.416489083634412
0.07572140495338271
0.9212817362931434
0.39187584322923485
0.9122312692845888
0.9663376853943644
0.9507948755804527
0.2030268505544769
0.29054348300449134
0.6278927463482893
0.11399159301033185
0.29069576335633324
0.9519021580168642
0.6527051583112109
0.7726017933797046
0.5207625902887848
0.5956134901820958
0.5100082547093163
0.11397720066000533
0.8612526358893219
0.07078715013821299
0.40013798085538843
0.5769707538155978
0.6276931105211795
0.6339078202460442
0.7449847301805729
0.03190412651897329
0.3613037055195128
0.91070243026442
0.9633380410246982
0.7498368093180718
0.544659927332559
0.438974577538091
0.6307935013431313
0.812415212807149
0.8049739034189725
0.04204794788297812
0.1593353891180832
0.48434251565284164
0.07571908360655585
0.3421460944268177
0.7819981410654611
0.04099823484787286
0.8009454381356428
0.3396794312885982
0.5634623723607447
0.2045064770219163
0.9060569509945114
0.911785570693832
0.423370019898585
0.9212910216804509
0.07050905278835538
0.9127466082801513
0.9122442688268192
0.29055137558370264
0.8052589648093107
0.9118254978592539
0.19909077487485619
0.2907282622119092
0.9559027671382715
0.987627221412846
0.6856376414744824
0.6131289805294714
0.7808453602312433
0.9156464347362625
0.3196545650213889
0.30372362601802666
0.5550177768740001
0.9118584609841953
0.7312121794568234
0.2557186379079651
0.5306454922694508
0.8610994269987493
0.8959781273416586
0.0637836467615819
0.2893828095910623
0.17652124821604495
0.4333453114829599
0.5633425908644788
0.5632933783117494
0.5632074884791557
0.44894708350627366
0.16912729430313633
0.7131609222618089
0.9519109791348062
0.6330846706612403
0.9212441304745483
0.21265440438418848
0.9517605558604257
0.8049474400651463
0.34480821496785863
0.9123770498653154
0.9515864548484114
0.07570701260305619
0.7626158235999261
0.970823456002585
0.33516162609416683
0.9197742536637817
0.998198634862358
0.29133924069673833
0.7914659862334847
0.3121208660295034
0.9901356687939489
0.9568387341788607
0.781746971338795
0.6578905828530467
0.7640360235885979
0.15155980578683909
0.804838336764284
0.5356907074629443
0.7129988922532943
0.03302905119126876
0.12055404048985989
0.9564329627535259
0.3530768523651274
0.15674198044311724
0.00029898947129933213
0.5878625131272163
0.11759014486132738
0.3470534216187959
0.8611885667169006
0.8015058112596464
0.7780518514598022
0.03900094803804409
0.9085584343351337
0.8053801391136727
0.054223876259214585
0.6414995529086012
0.8047970167907659
0.6286499696832104
0.9608969127015742
0.9932225958043049
0.7131553510294245
0.9574822115192658
0.1835632859500019
0.2749677100656384
0.7764979418939033
0.839018311712309
0.33517091148147427
0.8048230158752266
0.1707104528390536
0.5631610615426186
0.9760799137573227
0.9209386412321338
0.19315648384667597
0.9123454795484702
0.11100634099099224
0.39210333521826696
0.887170008941828
0.79455198470511
0.9708215989251235
0.9125432582981186
0.8606648708727614
0.7321007910221448
0.521011438668624
0.1547739426033069
0.9877674307611882
0.5768950779090422
0.9122642324095301
0.21110142335702037
0.9527369143358023
0.405183196048882
0.29978755033840593
0.9508858723760656
0.8449149969218941
0.7980042917060135
0.9120697035454395
0.6610392576889971
0.15957355930251885
0.35114827742137367
0.844674969659997
0.9123617289762582
0.2481227268211198
0.39712765829031876
0.6278254272903104
0.5210262952883159
0.5815521639130851
0.5209733685806636
0.5257330581144536
0.6009386598029084
0.9558326624641004
0.9855445090397889
0.43239355928394807
0.20014002364059608
0.9516050256230263
0.9514402099983194
0.4277917213343844
0.7038286437484738
0.9217408986954959
0.5778876858122067
0.16060005886935552
0.06645273134310342
0.1207355698117202
0.9558456620063308
0.3902351152920115
0.5065257701996637
0.7531535496642868
0.14408367619625967
0.6197787106496893
0.3816753810026547
0.6365950113328153
0.19073160495133992
0.012247425858503696
0.7359635121420367
0.7397273438871046
0.29913710895752027
0.24509011932651228
0.26066217811044223
0.03381505922684294
0.12372825014090576
0.9571015106396611
0.07336988061777538
0.42758697854425554
0.8051948956368894
0.8626282660189181
0.6341223126928459
0.9649629838034989
0.9134054065096137
0.0757265119164018
0.29429849363161714
0.9510395455360037
0.26147604230793875
0.5554722965826989
0.19688085269568723
0.3696772677933556
0.3971230155966651
0.8122197554043276
0.5501986608614425
0.3351523407068594
0.6645881327178979
0.91232644450449
0.5768630433228316
0.8121659001579444
0.1539442932473878
0.306843516153324
0.11249246722954684
0.24014286496911216
0.7531178009231532
0.9125284016784266
0.7691819852343771
0.43203700041134263
0.6276712898610071
0.9602241863911507
0.5210123672073548
0.6089751625174914
0.06446055149629373
0.9059042063733042
0.6868400991307949
0.8443773729967937
0.9197742536637817
0.06416527617991738
0.6158774551724714
0.11174220793510628
0.8124309979655716
0.19478328370293818
0.6277265379154863
0.8019779732042293
0.921245059013279
0.9953730915047063
0.6746897055696539
0.7303569952858089
0.6131164452566064
0.9571024391783918
0.12055264768176378
0.9085477561397303
0.7315445963224295
0.24813201220842723
0.822274437050181
0.09822407682358043
0.7914706289271385
0.43237638131742934
0.7908893636816932
0.394132192344941
0.1646823793990683
0.951812089759982
0.7812752736635774
0.9060342017956082
0.1410747464392861
0.6278950676951162
0.007718942468668782
0.4392540676960447
0.776122812246683
0.9126481831746925
0.9378496528657955
0.3470534216187959
0.8991987639292416
0.9334381653560343
0.0669898909988384
0.05260218336597147
0.6337880387497783
0.3761046128875605
0.03532764881922372
0.8269556650612232
0.1944276533690635
0.4516667734486207
0.9516463455965444
0.7131493155276747
0.41920505942183606
0.289626086738517
0.46827508145606017
0.3351583762086092
0.6494074530089762
0.3035950234038187
0.14364401310725272
0.2513814334966633
0.06369264996596906
0.8526873303675806
0.2637732471277976
0.8082966792669373
0.5632567010318851
0.7312177506892079
0.1990870607199332
0.30799351137134956
0.3143479661751911
0.007568519194288373
0.9118853886073869
0.7130713182742922
0.08088825872060362
0.6493675258435542
0.8668424390483964
0.03537361148639551
0.8052450367283495
0.9135725434811474
0.804767303551382
0.6307935013431313
0.7701318803559275
0.021825767135485872
0.9519680842667468
0.06724338207233131
0.862691870921974
0.8390252757527895
0.28945198572650266
0.3100409392726385
0.06416574044928275
0.9205862607838167
0.11402037771098489
0.04100148473343046
0.7777988246556746
0.6427289381881053
0.7484588578416489
0.21108795954542459
0.15392340112594607
0.18378474243728418
0.0459060263092164
0.04622405082449597
0.5633110205476336
0.951318571424592
0.47493781111850847
0.58085250997947
0.6276536476251229
0.5633379481708252
0.7924432732475921
0.5209450481493759
0.19442811763842888
0.8278558833606788
0.723428703546368
0.934777118205766
0.9127117880777484
0.9943911617969453
0.5991437944363817
0.3014751694815318
0.2706546476613359
0.8047431615443827
0.8531358145745296
0.07619217408986954
0.9122071272775895
0.6197879960369967
0.6122979383654561
0.7123261659428707
0.6278402839100024
0.5681742421499014
0.9558600543566573
0.6529999693582219
0.294054752214797
0.4276496549085807
0.70074450235431
0.5874019579167676
0.753091337569327
0.2991607866951542
0.3542625963242866
0.5065034852701259
0.28949237716128995
0.28960055192342155
0.9290280706543691
0.1539261867421383
0.4489043707246595
0.9118083198927353
0.8048420509192069
0.07971272868748265
0.5910241875053971
0.8607001553445297
0.6755109980769963
0.3910062667078938
0.30004893399111016
0.3902351152920115
0.7926127315659527
0.9214572301132539
0.16455841947851407
0.7617429971930274
0.9517173788094462
0.5222960720026073
0.8668461532033194
0.8495822968519752
0.12391860058070812
0.8198676646600944
0.39208105028872914
0.8261232300891118
0.9514949937834332
0.719824580462988
0.7499997678653173
0.19903691962847309
0.05602013443383744
0.5878578704335626
0.243353287630657
0.35228248748097657
0.24805958618742927
0.84464757776744
0.9518561953496923
0.7130091061793324
0.3193695036310507
0.2769380692522756
0.9925391912984779
0.043021520742162436
0.8048726926973214
0.24805030080012183
0.1070298738765842
0.9633408266408904
0.5460573781223276
0.36326152943328494
0.2434647122783462
0.06453390605602245
0.3737837303300677
0.15153566377983976
0.8278154919258914
0.6848618473649464
0.20303474313368822
0.9518529454641347
0.5455805734840908
0.9421460015729446
0.9765469687388866
0.1411699216591873
0.8611653532486321
0.8052640717723297
0.40016955117223374
0.2450701557438013
0.5895835596646489
0.1141248383181935
0.17776084742158724
0.9649629838034989
0.804818373181573
0.9293219531626493
0.9142889111119158
0.7328988700612186
0.2991696078130963
0.06644205314769987
0.5776829430220779
0.08290643765187411
0.828424613333259
0.8745455963586425
0.6645816329467826
0.18165792447451673
0.14095310786555873
0.4001273026599849
0.8611695316729204
0.5306450280000854
0.6493958462748419
0.45208368733872445
0.719820866308065
0.6026987049670323
0.7980293622517436
0.2893804882442354
0.5226312744844056
0.9875599023548671
0.9574594623203626
0.992827966843739
0.7780393161869371
0.6275872571058748
0.7996329486397372
0.29052166234431887
0.17652217675477572
0.3640591442029934
0.6200967351649689
0.7980210054031669
0.4516607379468709
0.2906948348176025
0.9245534425109173
0.301223071216135
0.8449108184976057
0.0637098279324878
0.8151362955575921
0.9245585494739363
0.7291220387739203
0.34216327239333644
0.8611551393225938
0.731190358796651
0.9101272005207245
0.7511687981273231
0.6901405900492218
0.8048258014914189
0.13984443262105128
0.5632562367625197
0.4097957121938492
0.15901225763978455
0.9515822764241231
0.19316066227096432
0.7007463594317714
0.8495776541583214
0.7124204126240412
0.3753376398959665
0.5568655689481792
0.6354101959123868
0.04631922604439715
0.3475227979471866
0.7130044634856787
0.9214683725780228
0.2772412371478633
0.24524379248645028
0.5631926318594638
0.5554769392763527
0.6957944623807176
0.7399033019765804
0.6957048583932008
0.158137109886059
0.8261069806613238
0.6755003198815928
0.819878342855498
0.9574692119770354
0.9004183995520729
0.45202286805186076
0.42659019221680267
0.6840614469790457
0.28944827157157965
0.9123055523830482
0.695798640805006
0.7980214696725323
0.9004142211277846
0.5270102631385909
0.15854148850329772
0.9663446494348449
0.022241752486858855
0.9973908061666115
0.43333556182628713
0.7982865674801595
0.9126978599967872
0.6745258184836777
0.749914342302089
0.19934055179342614
0.3060370802656735
0.144104104048336
0.8051967527143509
0.9664082543379008
0.5451302321996804
0.6395533357289632
0.3790968289473806
0.8440426347843608
0.7985623434831902
0.9928418949247001
0.819890878128363
0.06431616372366315
0.5776991924498659
0.9244132331625751
0.8060719004680764
0.014764230088183323
0.675499391342862
0.9636022102935946
0.8659881834161126
0.11406169768450297
0.9334479150127071
0.569922680579891
0.08851109743064048
0.7398489824608319
0.8048011952150542
0.8124087130360338
0.2894770562722327
0.9293307742805914
0.5087821193153699
0.5064941998828184
0.9133998352772291
0.6529930053177413
0.14098746379859622
0.9509777977104092
0.013943401850206275
0.2950547884278075
0.37377723055895246
0.27066486158737413
0.7778146098140972
0.9927313988157417
0.07508582019218894
0.07375383138293773
0.4277564368626162
0.7691889492748577
0.6038598426498267
0.6284271203878321
0.2895304472492504
0.1399405363796832
0.987639756685711
0.24788362809795342
0.07363915684969094
0.19381946050042667
0.7124250553176948
0.8018586559773287
0.17652310529350645
0.14830945595987227
0.06370054254518037
0.7005002966681245
0.20304217144353418
0.9121045237478423
0.6337666823589713
0.9123872637913536
0.154484238519315
0.27708942106538675
0.5460536639674046
0.14112070910645788
0.6277516084612164
0.9928261097662775
0.8048982275124169
0.5463949019509527
0.5053985241805413
0.45203401051662967
0.3115335652823083
0.9576493484907995
0.8448978189553754
0.2905615895097408
0.08850274058206378
0.9737636738934836
0.158120860458271
0.19918084313173828
0.9313559172523425
0.43237638131742934
0.7119881778448802
0.8121598646561946
0.8222674730097005
0.04619387331574681
0.9119109234224824
0.5768997206026959
0.9519629773037278
0.39711837290301133
0.7623442260211837
0.29188290012358853
0.24497219490770789
0.9950922085386564
0.9704966103693634
0.4093077650908436
0.2913383121580076
0.9107056801499775
0.08851202596937122
0.24812736951477352
0.7124023061187916
0.6276517905476614
0.8052306443780229
0.9419384731666235
0.24818168903052198
0.6278593189539825
0.800948223751835
0.8936878865622804
0.28948912727573234
0.6197940315387466
0.4064594725342886
0.5397326365578697
0.9424932750582425
0.20012238140471197
0.9788971002663978
0.05242576100713025
0.912695074380595
0.5632771288839614
0.7502732225215212
0.5252297901223907
0.9519495134921321
0.6839792713013749
0.11570149708299558
0.6341223126928459
0.8936841724073574
0.1593762448222359
0.6238238896301723
0.08592836695107808
0.9663395424718259
0.3247406359190351
0.31850642688082487
0.13413624077380704
0.9509768691716785
0.1410831032878628
0.9419830430256991
0.8477196481581042
0.1756990271699718
0.06433659157573951
0.34170039583606093
0.04658339531329361
0.9809900265654931
0.546167874231286
0.15028631491762467
0.25840629326410147
0.20851172883697738
0.20851358591443886
0.764017452813983
0.32886009799797766
0.381670738309001
0.9877214680940164
0.11202541224798299
0.675506819652708
0.7530908732999616
0.7485572829471077
0.9419500799007577
0.4093128720538627
0.06445823014946687
0.5344859284598049
0.31962020908835137
0.11756507431559732
0.06368150750120014
0.06369079288850757
0.9139082102323111
0.0640241382928444
0.8668953657560488
0.8198737001618444
0.9516825586070433
0.7694368691159661
0.9152657338566578
0.6473911311551672
0.36874733625451617
0.6479775033636316
0.9126565400232692
0.9621634395303079
0.7994964534463179
0.9515836692322192
0.8048039808312465
0.7484588578416489
0.912427655226141
0.9387930482162307
0.4589042685853991
0.3610697137593655
0.06366618661214288
0.5272238270466618
0.9514931367059717
0.7645676120119484
0.5769043632963496
0.3753334614716782
0.21108795954542459
0.6901429113960487
0.18377870693553433
0.5938520522098758
0.2624923279487372
0.8871895082551736
0.9120223480701716
0.19992460265506365
0.8580227139144314
0.1743210756935488
0.3818912662575525
0.912754965128728
0.023545885134187775
0.9971772422585404
0.8669037226046254
0.6527074796580378
0.19907684679389503
0.03190505505770404
0.25139861146318204
0.823923521835981
0.9419482228232963
0.9123408368548165
0.7303672092118471
0.9122790890292221
0.9602334717784581
0.546393973412222
0.7691884850054923
0.7691838423118386
0.9334414152415919
0.6979635288557339
0.1539001876576775
0.06436212639083495
0.6488359374202037
0.19934798010327207
0.9930187815529068
0.6286471840670182
0.290555554007991
0.06963297649589911
0.3487874676984589
0.9374206679721921
0.7617360331525468
0.18356282168063653
0.951193682965307
0.6154596127436369
0.9515446706055279
0.06453204897856096
0.576896006447773
0.9159491383624848
0.6201050920135456
0.11261503434200495
0.8838263409724215
0.930191065414625
0.28964465751313184
0.6518262964025624
0.08505229065862181
0.9212984499902968
0.1575303098255183
0.28939580913329266
0.7778141455447319
0.7835436937827832
0.14118338547078307
0.054229911760964415
0.5633931962253044
0.035803060649364275
0.2896014804621523
0.9564297128679683
0.8053940671946338
0.03687784423019961
0.4276877249965412
0.5065471265904707
0.6349236416174773
0.7507769547829495
0.13009291887078547
0.3487874676984589
0.2881910301301533
0.26972935881615023
0.44890622780212097
0.14102831950274894
0.9124829032806202
0.21265440438418848
0.7985057026206148
0.6365950113328153
0.3522838802890727
0.4489466192369083
0.7530945874548847
0.8241380142827828
0.9401459291469236
0.3902351152920115
0.6757658819585853
0.5681742421499014
0.7926164457208756
0.3471068125958136
0.4276139061674471
0.6167409961920627
0.15853545300154787
0.24814547602002301
0.781758113803564
0.3530791737119543
0.7280068637582977
0.45165284536765954
0.7576755332830065
0.7810027475461042
0.04624772856212992
0.9974065913250341
0.1226209677044944
0.34540712244918803
0.8610372149037895
0.530583280174491
0.7810101758559502
0.24509522628953137
0.7694610111229655
0.8018619058628864
0.5345031064263237
0.9159449599381965
0.26192452651488773
0.14080732728483203
0.847721969504931
0.6352899501467556
0.5455290395845346
0.9425369163785875
0.42777686471469256
0.15029002907254765
0.08677380146541983
0.9125966492751363
0.6610392576889971
0.511995327593107
0.9508849438373349
0.5257172729560309
0.5209041924452231
0.6395324436075215
0.798136144205779
0.37618121733284676
0.9425202026814341
0.9510330457648885
0.3103157867369385
0.39699209163563026
0.5493272272626399
0.80324682137979
0.827842419549083
0.6610392576889971
0.2991347876106934
0.11365871187536039
0.3136845252520751
0.41652297529808413
0.37680844524546386
0.7202647078213603
0.1590164360640729
0.2624946492955641
0.880173005336312
0.7974374188108947
0.4520497956750523
0.5301844727896368
0.9981814568958393
0.2481310836696965
0.6089802694805104
0.43360808794376027
0.1582174284862683
0.6647691977703928
0.7148336847852429
0.37553681145371093
0.9779787754616927
0.48435365811761055
0.9789165995797434
0.400168622633503
0.6582202141024606
0.8871853298308853
0.7198380442745838
0.046192016238285324
0.7912696002919326
0.9518399459219044
0.44983476653286425
0.7924089173145545
0.556443083825691
0.11399159301033185
0.8018396209333486
0.14105617566467124
0.2913271696932387
0.04852821968483539
0.912605006123713
0.5065243773915675
0.4063568690045415
0.6643936038538072
0.406653537129014
0.8927403127875568
0.4839483509616411
0.06403620929634407
0.8390238829446934
0.8083765335977812
0.8837966277330377
0.6038918772360373
0.910633718398345
0.4186056876711413
0.9127744644420736
0.7881074616443864
0.25277145597658596
0.805331855099674
0.4318136868465989
0.2480131592508921
0.3815672062405231
0.14408228338816353
0.14404235622274159
0.9290331776173882
0.29133088384816164
0.2071908824924951
0.912633790824366
0.9928553587362959
0.9125567221097143
0.664775697541508
0.28938466666852375
0.7359630478726713
0.30551756284582265
0.3408340692002774
0.4026246075763189
0.9212896288723547
0.8560890320076586
0.7276591260036342
0.5895770598935337
0.3194609646960289
0.730891833594717
0.9124016561416801
0.24746207151419597
0.16310572063426623
0.43295857510160535
0.9950959226935794
0.18356421448873264
0.7764849423516729
0.11203562617402116
0.33012476774925
0.9708007068036818
0.3842237555491796
0.06970493824753171
0.639546835957848
0.6038746992695185
0.5633959818414965
0.8449108184976057
0.8017184466289866
0.06496196241089511
0.08495479409189377
0.17070488160666913
0.7645592551633718
0.15901736460280363
0.7756664354605227
0.3507007217531554
0.17776734719270243
0.7272895675887985
0.9425197384120688
0.8083547129376087
0.9067505694263767
0.15810600383857912
0.9527248433323027
0.3033136761684035
0.8082892509570913
0.176517534061122
0.686687818778953
0.06408495757970809
0.5834895599747809
0.9290536054694646
0.5808608668280467
0.34566200633077704
0.5208809789769546
0.7645643621263908
0.9135771861748011
0.7579099893125192
0.9518171967230011
0.8606537284079925
0.976080378026688
0.19616169944872655
0.7356923788326597
0.08958634528084118
0.9123965491786611
0.6866943185500682
0.2442159001115175
0.3421400589250679
0.18213194349656114
0.5501930896290581
0.7397273438871046
0.9571177600674491
0.9378296892830845
0.13412277696221125
0.15619553540007483
0.2918759360831079
0.5065471265904707
0.7130179272972744
0.5461664814231899
0.7645690048200445
0.8015113824920308
0.5341660468670639
0.31961974481898603
0.861250314542495
0.0644777294628125
0.6341223126928459
0.5432313704953105
0.2481018346996781
0.18355167921586762
0.6341970600606707
0.6409874637985963
0.5445234321391397
0.6519451493600975
0.7279771505189139
0.5209729043112982
0.5815581994148349
0.6349436052001883
0.7498061675399573
0.06437234031687313
0.8032370717231172
0.4003626872282283
0.31956681811133364
0.30667591491242485
0.9122800175679527
0.15477579968076838
0.19314719845936854
0.4532411108665959
0.9513324995055531
0.26332012022719486
0.3761361832044057
0.5209482980349335
0.11350736006224924
0.7931735689593217
0.6328423220525163
0.8658934724655768
0.982042989486156
0.24524239967835418
0.11098498460018515
0.06453854874967617
0.05601270612399149
0.035328577357954465
0.8383571921360198
0.41514641662975726
0.3066694151413097
0.01073901469041126
0.06456779771969459
0.13412602684776886
0.7518568453268039
0.06970818813308931
0.7502699726359636
0.1691375082291745
0.3507007217531554
0.0029583243961480497
0.4192157376172396
0.08290875899870097
0.68687770494939
0.1175701812786164
0.5579891008123785
0.9419514727088539
0.11508959005943577
0.05981182234082757
0.11509516129182022
0.5255877418030922
0.29051284122637683
0.4277104741954444
0.5209274059134917
0.7316100583029469
0.02233971332295227
0.9516913797249854
0.6868619197909673
0.2940793584911617
0.8580055359479127
0.8060807215860184
0.4579218746082727
0.7760991345090491
0.3351913393335506
0.7778229666626739
0.9120469543465363
0.2450882622490508
0.9576498127601649
0.5633161275106526
0.9091034865700801
0.7280008282565478
0.7745828307617453
0.2514083611198549
0.1659934760868778
0.8495618689998988
0.9330894990626402
0.027033012337494115
0.5779150777047637
0.14897939665410354
0.18357860683905916
0.763496542586036
0.9387962981017882
0.9760808422960534
0.7502945789123283
0.8124282123493795
0.3055212770007456
0.6479775033636316
0.6239427425877074
0.5884702417264878
0.26066217811044223
0.38189405187374476
0.8801665055651969
0.8051521828552751
0.8050184732780481
0.976092913299553
0.04408191197267125
0.7359546910240946
0.9877706806467458
0.7653197283838504
0.0664499457269112
0.2513758622642788
0.3640870003649157
0.8122086129395586
0.7358590515348281
0.8801609343328124
0.7892138155420669
0.9194766570005785
0.9901384544101411
0.8626148022073222
0.9245808344034743
0.06449630023742735
0.004076285027962944
0.9142889111119158
0.11409326800134824
0.7691815209650117
0.5253472502718297
0.14012299424027425
0.9881676309541385
0.7328329438113358
0.9085528631027493
0.6840735179825453
0.07088232535811417
0.912384013905796
0.37900351080494094
0.4001235885050619
0.12371153644375238
0.40324440717909005
0.627622541577643
0.9515934188888919
0.6353061995745436
0.004074892219866829
0.7311880374498241
0.03387448570561051
0.8658939367349421
0.7635044351652474
0.2945259856206492
0.7356993428731402
0.37618353867967363
0.05531444499847255
0.05600574208351092
0.5249804774731861
0.9602348645865542
0.9100984158200714
0.8936846366767227
0.8229856977179304
0.695814890232794
0.5779378269036669
0.28211420840680396
0.7335070629298553
0.9515418849893358
0.56335651894544
0.5065239131222022
0.9209386412321338
0.8052297158392923
0.31812015476883565
0.2450850123634932
0.301206821788347
0.4750093086007757
0.30303325747171905
0.0642205242343966
0.06965897558035992
0.7518062399659784
0.1411550650394954
0.3969735208610154
0.14957551851924072
0.7119946776159953
0.21265579719228458
0.3815672062405231
0.9290475699677148
0.7723942649733835
0.7536094621810817
0.8936702443263962
0.0029806093256858884
0.8243961480499293
0.5455866089858407
0.4032290862900328
0.9519652986505547
0.04621615824528465
0.8052520007688301
0.9126639683331151
0.2633256914595793
0.8197302409279444
0.14116945738982192
0.15806793375061864
0.8052561791931184
0.45166259502433237
0.3158452348785146
0.5769062203738111
0.4579218746082727
0.7914817713919075
0.16603247471356902
0.28212256525538065
0.14078272100846734
0.9938837153805941
0.739765413975065
0.8559868927472768
0.4001426235490422
0.9508891222616233
0.6350573511947044
0.2450571562015709
0.141178278507764
0.3194544649249137
0.9290081070716582
0.9424914179807811
0.6647835901207193
0.26973864420345767
0.8897518108826596
0.8037398754458147
0.798168643061355
0.8651812832590967
0.14364401310725272
0.05229297996863396
0.04529319074692584
0.6246484320230723
0.06440158928689153
0.7631548403331225
0.7358372308746556
0.6278839252303472
0.3605580889187259
0.2481046203158703
0.8560918176238508
0.381146113926131
0.7122894886630063
0.9091099863411952
0.8053132843250591
0.11407887565102172
0.9125692573825793
0.30355370343030064
0.38406729677304935
0.9649318777560191
0.3572441341887032
0.3741741808663452
0.5915242056119023
0.7765281194026524
0.9512939651482273
0.3674181330614572
0.09296854760757353
0.6428171493675259
0.38421911285552585
0.06455247683063732
0.5708057209128279
0.12261771781893681
0.31212133029886874
0.02906651215782187
0.7273216021750091
0.2513911831533361
0.15806143397950342
0.5808515814407392
0.25063906678143405
0.11697963064586368
0.05602338431939504
0.07620795924829218
0.2126506902292655
0.9245483355478982
0.7810542814456605
0.6395500858434057
0.9621676179545963
0.5572072712010927
0.14954673381858768
0.3737763020202217
0.6579063680114693
0.929015535381504
0.07294507414846034
0.6494339163628023
0.4333346332875564
0.7004961182438362
0.9159505311705809
0.9519755125765929
0.31211993749077266
0.02883577028323217
0.7129566437410454
0.6957011442382779
0.4634587510596948
0.6647752332721426
0.15395172155723374
0.951501029285183
0.540333865386026
0.5768839354442733
0.7312107866487273
0.39042825134800613
0.4064464729920582
0.24515465276829895
0.805376889228115
0.2895165191682893
0.6194254016626415
0.41411991706292056
0.6755212120030345
0.9657480633003424
0.9347734040508431
0.5209506193817603
0.4532364681729422
0.7311996441839583
0.6118745247042372
0.2913137058816429
0.5103592423495372
0.5208925857110889
0.8429683154728909
0.5681742421499014
0.4164941905974311
0.9912007027181114
0.7602248363682622
0.9517039149978505
0.1606005231387209
0.03533739847589653
0.08948513455919016
0.34754833276228203
0.2896112301188251
0.09822407682358043
0.11407469722673337
0.6755161050400154
0.437410454046154
0.39413033526747954
0.5962690385260004
0.4276919034208295
0.9134105134726327
0.14397271581793583
0.5769145772223878
0.4521291857365308
0.04547472006878615
0.40918055528473174
0.12372082183105981
0.24338485794750228
0.8936748870200499
0.5414638970213406
0.569206777218488
0.579268422904822
0.8047589467028053
0.2943017435171747
0.15781490694649108
0.8082943579201104
0.8838114843527296
0.045283441090253035
0.17570552694108701
0.16039020911620755
0.9125256160622344
0.5613304474349582
0.7328315510032397
0.5209195133342804
0.40191056129237734
0.26356618299084184
0.9928674297397956
0.9560685113017091
0.1205572903754175
0.9122920885714525
0.9568271274447264
0.6395602997694438
0.5432188352224454
0.31000194064594727
0.4839590291570447
0.9419384731666235
0.8049539398362615
0.9896927558193843
0.36874455063832395
0.6415111596427354
0.2475860314347502
0.04344447013401599
0.9621680822239617
0.05227858761830744
0.3640972142909539
0.5208586940474168
0.8249045230050113
0.1634776003959289
0.6856418198987707
0.8047928383664775
0.24335282336129163
0.9535001731724733
0.9519286213706903
0.530583280174491
0.7486041741530102
0.9425415590722412
0.2483404691534791
0.4520535098299753
0.19506973790137247
0.5455643240563028
0.06451069258775387
0.4839455653454489
0.9902735567954642
0.3128358408521757
0.17933843472512004
0.25023422389482997
0.4667244217757189
0.520951547920491
0.30981762570789473
0.6495439482023955
0.5604627279910785
0.7981268588184716
0.9574747832094198
0.7358924789291349
0.4141245597565743
0.2778986425692295
0.735971404721248
0.9747632458371287
0.8914914281947072
0.5925033497034712
0.9123919064850073
0.8050077950826446
0.30998197706323627
0.6277409302658128
0.8937027431819722
0.9574464627781322
0.9122447330961846
0.02233971332295227
0.29054116165766447
0.11398973593287036
0.17656071111210156
0.8050681501001429
0.9571029034477572
0.3143670012191713
0.9515966687744496
0.9663418638186527
0.12377467707744291
0.39710305201395407
0.7723775512762301
0.14113463718741903
0.9134156204356518
0.4318155439240604
0.4579218746082727
0.9334270228912653
0.6494028103153224
0.730365816403751
0.2905146983038383
0.9877261107876701
0.6275979353012783
0.8051893244045049
0.24812736951477352
0.07620378082400384
0.4521073650763584
0.8668494030888769
0.7498437733585525
0.19576382060260306
0.9212956643741046
0.5554880817411215
0.9164027295324529
0.11265310442996543
0.5210230454027583
0.23507768619290764
0.10353253274723968
0.2108302900476433
0.8123938564163419
0.9374206679721921
0.9511597913016349
0.8085506346097955
0.3605409109522072
0.7311982513758623
0.3181076194959706
0.788101890412002
0.10330550502757296
0.8019946869013826
0.3902351152920115
0.7272900318581639
0.8611509608983056
0.3624588077005574
0.5301691519005794
0.45207161633522475
0.34564111420933535
0.961901127338873
0.3035495250060123
0.5304764982204555
0.14441609306186576
0.912593863658944
0.47492666865373956
0.7098223612554215
0.20841748215580694
0.7835409081665909
0.7328965487143917
0.9663362925862682
0.4045169695095737
0.7326110230546882
0.4521180432717619
0.7761079556269911
0.45208322306935905
0.8833054307444745
0.20841748215580694
0.5632687720353847
0.7760912419298378
0.7701374515883119
0.7312070724938043
0.29074126175413967
0.8049497614119732
0.6198112095052652
0.6645797758693212
0.6643875683520574
0.47493641831041233
0.5455750022517064
0.8668540457825307
0.8018400852027139
0.8495697615791101
0.8495683687710139
0.424250738884695
0.20340523008725478
0.6479775033636316
0.5551050595146899
0.38450742413142164
0.7398759100840234
0.9788994216132246
0.8390224901365974
0.6089770195949529
0.3910206590582203
0.7124204126240412
0.4275860500055248
0.24798623162770053
0.14994182704851894
0.8577998646190531
0.26967178941484415
0.700745895162406
0.7382050046380509
0.05259057663183718
0.47376181681602214
0.24346656935580768
0.3530736024795698
0.9209962106334398
0.38406683250368395
0.42779032852628834
0.5808483315551817
0.8560806751590819
0.7119983917709184
0.5633346982852675
0.28962562246915163
0.3816781666188469
0.25884224219818547
0.5632970924666725
0.6277437158820051
0.9212042033091263
0.07620470936273459
0.7848060421872287
0.9156538630461084
0.448889978374333
0.16447067256845885
0.5065466623211055
0.43940588377852124
0.9527373786051677
0.7802701304875478
0.9290415344659648
0.7449847301805729
0.9759875241536138
0.3196281016675627
0.26066217811044223
0.913418406051844
0.5342742216291955
0.15388811665417781
0.05213280703758075
0.9334330583930152
0.5208716935896471
0.9512614662926513
0.7912440654768371
0.31988344981851713
0.06368940008041145
0.9135688293262244
0.3351820539462432
0.8612164228788229
0.8269895567248954
0.8032626065382126
0.16615457755666174
0.8666093758269798
0.41601738595919446
0.319845843999922
0.7337057702182345
0.4032490498727438
0.9519114434041716
0.9514615663891265
0.7694377976546969
0.28819288720761477
0.9126797534915377
0.7129390015051613
0.6161207323199261
0.5118416544331689
0.7484588578416489
0.5938594805197217
0.06367500773008493
0.45209204418730115
0.9514861726654912
0.7939089716340703
0.4160211001141174
0.8933382917301556
0.7118939311637097
0.2625842532830808
0.2027473603965232
0.6286550766462295
0.10466581426811185
0.290470592714128
0.06418663257072448
0.12391813631134276
0.36406657251283936
0.6488405801138574
0.9789128854248204
0.739906551862138
0.26356339737464957
0.9576493484907995
0.7530992301485383
0.7234096685023877
0.5302452920765004
0.7497170278218059
0.03533322005160818
0.2480591219180639
0.1590210787577266
0.15388811665417781
0.779249666422461
0.6839764856851827
0.27065650473879743
0.9820383467925022
0.19654332886706205
0.6286504339525758
0.6246340396727458
0.4333374189037486
0.3910206590582203
0.793553805569561
0.5456121438009361
0.3066856645690977
0.9602464713206885
0.4348676507320135
0.8936981004883185
0.5209780112743173
0.15847695506151105
0.08948420602045942
0.9509949756769279
0.5834538112336473
0.5834895599747809
0.9401306082578663
0.95160966831668
0.24334075235779198
0.6958218542732745
0.30303279320235366
0.1931393058801572
0.5631680255830991
0.5633625544471899
0.6277697149664658
0.5414611114051484
0.6647575910362585
0.24493644616657428
0.5946329532824308
0.9334548790531876
0.9134142276275556
0.07509185569393878
0.9953805198145522
0.9303461313826592
0.7325460253435361
0.8052761427758294
0.39413451369176783
0.8047691606288435
0.04875199751894451
0.9212046675784917
0.05083192427580943
0.5087821193153699
0.11351107421717221
0.8052315729167537
0.14092339462617495
0.43237638131742934
0.4591280464195082
0.6868595984441405
0.35424031139474876
0.9808976369617841
0.15836831603001408
0.29072919075064
0.5632789859614229
0.501281847717791
0.7536099264504471
0.926480624646575
0.1530115760923562
0.12055264768176378
0.04624355013784157
0.8047515183929594
0.9119787067498266
0.7761070270882604
0.8448662486385301
0.29036056087453493
0.9212116316189722
0.24506272743395535
0.3471165622524864
0.43183086481311767
0.5255905274192845
0.7723789440843262
0.9516393815560638
0.7578988468477503
0.9290433915434264
0.4489015851084672
0.5270037633674757
0.7723914793571912
0.6519446850907321
0.2776841501224278
0.19314441284317632
0.9108899950880301
0.33517044721210887
0.6338952849731792
0.08577887221542842
0.30998708402625536
0.9571145101818914
0.43497814684097197
0.5632943068504802
0.7535894985983708
0.6012446133146883
0.556439369670768
0.5100059333624894
0.2905202695362228
0.86115653213069
0.6154596127436369
0.908548684678461
0.5477570682689531
0.17947771553473152
0.4277889357181922
0.9121356297953223
0.39711326593999224
0.14105571139530587
0.6857263169232684
0.86120667322215
0.6342137737578241
0.21034187867527238
0.9344317017979296
0.19992924534871737
0.42770676004052144
0.9126045418543476
0.5056069811255932
0.2475971738995191
0.9119800995579227
0.7498405234729948
0.6868498487874677
0.5584088003186745
0.2475906741284039
0.07158476490792146
0.6754692138341128
0.45208322306935905
0.8927412413262876
0.2896664781733043
0.30798236890658065
0.7273503868756621
0.29073197636683223
0.8666191254836526
0.895174012800835
0.06446797980613968
0.9387856199063848
0.04657225284852469
0.19652800797800477
0.0390023408461402
0.9516519168289288
0.7123261659428707
0.52090651379205
0.8994810397033876
0.8032612137301165
0.6958817450214074
0.3538498608584712
0.8611783527908624
0.37534181832025487
0.9385497710687759
0.652997648011395
0.7119770353801113
0.9605728526845447
0.8914877140397842
0.2450571562015709
0.03688434400131481
0.0542187692961955
0.8166488851499729
0.4093189075556125
0.11261224872581273
0.7981310372427599
0.8914733216894577
0.6349496407019382
0.4367191569611156
0.6906698571257455
0.8668586884761844
0.031830307689879205
0.029065583619091128
0.9513259997344379
0.9122999811506638
0.27067600405214304
0.2407297014469419
0.8669074367595484
0.45324018232786517
0.4093240145186316
0.7812808448959618
0.3920819788274599
0.5632474156445777
0.8284255418719898
0.8578007931577838
0.10864506699871211
0.4751160905548112
0.9518060542582322
0.8151395454431497
0.8914914281947072
0.6754924273023815
0.34714070425948573
0.26671346501869614
0.15394986447977224
0.24869609948735377
0.9876425423019032
0.801715196743429
0.9951121721213675
0.24801408778962283
0.05422109064302236
0.47492666865373956
0.5209603690384331
0.7130239627990242
0.9149825295437811
0.4839539221940256
0.41601413607363685
0.9124267266874102
0.14897428969108445
0.1758545574073713
0.4319088620665001
0.04301455670168186
0.5895965592068794
0.06495035567676082
0.4423637439053039
0.24506969147443594
0.9777563904356796
0.6286560051849602
0.32886009799797766
0.26275696148699906
0.9123524435889507
0.04657225284852469
0.12056425441589808
0.29068740650775654
0.6565553441582379
0.24493644616657428
0.6238341035562105
0.08851899000985179
0.28939627340265806
0.4138269630933711
0.9217353274631115
0.19576614194942993
0.6338149663729699
0.9516923082637161
0.8801502561374088
0.13140865825224868
0.6746948125326729
0.9515850620403153
0.675506819652708
0.40930497947465133
0.05244247470428363
0.30674323397040376
0.31935743262755106
0.1631080419810931
0.6104803238000261
0.6070725866581984
0.9564297128679683
0.5209826539679709
0.7635202203236701
0.5209724400419328
0.11397812919873607
0.8018595845160595
0.11758550216767366
0.7316068084173893
0.6927952822804169
0.29131742003656586
0.13160690127126237
0.24509429775080063
0.7280258988022779
0.3470534216187959
0.7202651720907257
0.08594229503203923
0.7279813289432022
0.5633769467975164
0.5619915670112474
0.6246414679825918
0.6645830257548788
0.6238257467076338
0.06403853064317093
0.15414160772767074
0.6958459962802739
0.7810050688929311
0.17632532654385813
0.2907923313843305
0.5938455524387606
0.649542091124934
0.9125980420832324
0.17928782936429452
0.4336271229877405
0.8002564623974313
0.31130932317883375
0.4336122663680486
0.11404266264052274
0.818330468791349
0.4532383252504037
0.26066217811044223
0.8661126076060321
0.6130147702655899
0.9527754486931281
0.7123261659428707
0.11407330441863726
0.07573672584243998
0.7397273438871046
0.6957995693437367
0.5209510836511257
0.15393732920690723
0.6354115887204829
0.9875380816946946
0.5962722884115581
0.9121848423480516
0.8121617217336561
0.30669077153211677
0.14364401310725272
0.45220579018181717
0.5460536639674046
0.6279062101598851
0.9514782800862798
0.15806607667315714
0.8082846082634376
0.6479775033636316
0.59821107728135
0.9574288205422481
0.9401333938740586
0.42761762032237005
0.3530736024795698
0.9951093865051752
0.06439787513196857
0.3761881813733274
0.9152624839711002
0.6353985891782525
0.8611625676324398
0.6772018671056798
0.91199542044698
0.24421868572770974
0.9574422843538438
0.861185316831343
0.2836996882895481
0.7494542513610056
0.29073754759921666
0.9118579967148299
0.19578192710785255
0.8143419306734413
0.15028399357079783
0.8050997204169882
0.8837956991943069
0.9747753168406283
0.26828315974301764
0.40918241236219327
0.9057570329844813
0.7358121603289256
0.5311204398302259
0.9928423591940655
0.9123050881136828
0.3475441543379937
0.9057825677995768
0.9244132331625751
0.19907684679389503
0.6356441876725341
0.5681742421499014
0.05213605692313835
0.053585970151193964
0.3790044393436717
0.6335554397977271
0.5878481207768897
0.6754627140629976
0.3640628583579164
0.6284308345427551
0.791257529288433
0.9245771202485512
0.3760284727116395
0.9163423745149546
0.8612085302996116
0.7640397377435209
0.7358381594133864
0.2913429548516613
0.39215301204036174
0.9515678840737966
0.8055537758563216
0.8968630247520569
0.5808617953667774
0.6473837028453212
0.6038798062325377
0.7279836502900291
0.07508860580838117
0.580872473562181
0.9896384363036359
0.9121430581051682
0.6886642134673401
0.20067300487204273
0.633760182587856
0.7985047740818841
0.5584088003186745
0.9206874715054677
0.9127480010882474
0.6846069634833574
0.15811157507096357
0.11405148375846479
0.5613285903574967
0.9124819747418894
0.8730873262820102
0.28209981605647744
0.5075230207964819
0.31984491546119126
0.3971202299804728
0.40452114793386207
0.9076178246008908
0.8838100915446334
0.47492666865373956
0.3067418411623076
0.31031625100630383
0.2884607706314342
0.39101044513218214
0.8838189126625755
0.342206449444316
0.9121620931491484
0.2480164091364497
0.39031125546793244
0.6278193917885606
0.5769159700304839
0.9121676643815329
0.39699766286801474
0.9133989067384984
0.1539261867421383
0.27069503909612325
0.5634015530738811
0.43498046818779884
0.29047430686905096
0.03381923765113128
0.8082990006137641
0.942546201765895
0.39102205186631644
0.4521681843632221
0.046236586097361
0.5779345770181092
0.7926136601046835
0.6896586784479661
0.24797508916293162
0.13415063312413356
0.5208930499804543
0.4097957121938492
0.8121519720769833
0.1931708761970025
0.8216100675883342
0.9126481831746925
0.06417734718341704
0.5255668496816505
0.6341223126928459
0.36385022298857617
0.627824963020945
0.39593262894385217
0.9518315890733277
0.8727576950325964
0.06427995071316417
0.11048310941621842
0.7309540456896768
0.1530115760923562
0.36410557113953057
0.2316625207412339
0.2110926022390783
0.7648707799075362
0.14118152839332157
0.8148442701267734
0.5878355855040247
0.19687760281012961
0.37953324215082995
0.7309085472918704
0.9568326986771108
0.9209962106334398
0.05942369315137688
0.7486250662744519
0.8009459024050082
0.45213614977701144
0.5633588402922669
0.569206777218488
0.852682687673927
0.301223071216135
0.5884460997194885
0.047121019238393964
0.9163576954040118
0.9401250370254819
0.9401473219550197
0.11205744683419362
0.8871667590562704
0.250158083718909
0.3456392571318739
0.8128595185898096
0.6278695328800207
0.5568172849341805
0.9118148196638504
0.9347682970878239
0.6647575910362585
0.9789244921589547
0.2744765130770752
0.9425643082711445
0.6276629330124304
0.4265934421023603
0.05601549174018372
0.33509059288126497
0.36386090118397973
0.4001765152127143
0.2108275044314511
0.11269813855840648
0.0762028522852731
0.3475274406408403
0.934764582932901
0.7612100159615808
0.9737659952403105
0.027035797953686345
0.2778888929125567
0.9708369198141809
0.7315562030565638
0.46808751663245
0.8881036546355904
0.1409456795557128
0.18378195682109194
0.642355201348981
0.6341223126928459
0.8017625522186969
0.07434391774632508
0.8066081315850806
0.912503795402062
0.9127489296269782
0.20273946781731186
0.9973903418972461
0.7531099083439419
0.9101248791738976
0.5643170922623939
0.7881130328767708
0.2895912665361141
0.9159412457832735
0.9928391093085079
0.6845916425943
0.3960143403521576
0.7312256432684192
0.7996357342559294
0.9134560118704391
0.8121515078076179
0.08948652736728628
0.35230384387178365
0.8052441081896188
0.28963444358709367
0.9076178246008908
0.9122735177968376
0.6844908961420144
0.9608931985466512
0.9212845219093356
0.7778057886961552
0.24506087035649388
0.5209594404997024
0.9848272128702896
0.5208605511248783
0.6846060349446266
0.8936776726362422
0.826120908742285
0.9125933993895786
0.3537913629184344
0.7536154976828316
0.0644972287761581
0.8047315548102485
0.04657225284852469
0.25132339982599183
0.31954221183496895
0.7691726998470697
0.23507768619290764
0.23166298501059926
0.1931393058801572
0.1407752926986214
0.2893582033146976
0.8297779585333174
0.04620362297241962
0.3736555919852251
0.9568354842933031
0.627839819640637
0.5302490062314235
0.2997819791060215
0.3350390589817087
0.9518060542582322
0.9194604075727905
0.19930851720721549
0.34220877079114287
0.941981650217603
0.24511240425605013
0.9980305693520936
0.5572221278207846
0.7626223233710413
0.7912552079416061
0.4286510839296873
0.7694294408061202
0.0896104872878405
0.8936688515183001
0.9568443054112452
0.6465916593079972
0.19992460265506365
0.9513589628593793
0.5396272474119305
0.1575400594821911
0.31031671527566923
0.8580213211063353
0.06416481191055201
0.03725483095488137
0.8914751787669192
0.5421134098634955
0.7130262841458511
0.2513721481093559
0.5253333221908686
0.6341223126928459
0.9514754944700876
0.2513503274491834
0.8278187418114491
0.15389554496402377
0.4520451529813986
0.8053750321506535
0.5249749062408017
0.40518273177951664
0.5691905277906999
0.007582447275249522
0.24806794303600593
0.6279034245436929
0.7497314201721325
0.6341223126928459
0.31850596261145947
0.5555006170139866
0.5884623491472765
0.2481259767066774
0.9293261315869377
0.9747739240325323
0.8611477110127479
0.2030301004400345
0.5938413740144722
0.8383455854018855
0.6477059057848892
0.256590535776133
0.5064802718018573
0.3815672062405231
0.8669134722612982
0.4489619401259656
0.36050330513361206
0.7118939311637097
0.5927559122382333
0.5962695027953658
0.883840733322748
0.3941238354963643
0.7840724965899415
0.4276306198646005
0.2514775372552952
0.8017579095250431
0.28936238173898593
0.8009398669032584
0.5209329771458763
0.26480346084955725
0.8124101058441299
0.6643764258872884
0.34082153392741243
0.11757668104973161
0.9927188635428766
0.39593309321321757
0.09822407682358043
0.942506274600473
0.4137350377590275
0.9876880406997096
0.5691877421745077
0.7397273438871046
0.7981700358694511
0.4373663484564436
0.801767659181716
0.7497996677688421
0.6089853764435296
0.6428166850981605
0.563340269517652
0.27072010964185333
0.9820179189404259
0.9510451167683881
0.8284882182363149
0.13009152606268937
0.5996094566098494
0.736047544897169
0.24338485794750228
0.03532161331747389
0.7726004005716084
0.08949859837078594
0.9655437847795788
0.9127642505160354
0.8229880190647573
0.6118717390880449
0.8018818694455974
0.9119387795844046
0.563311484816999
0.9194028381714844
0.04183856239919551
0.7549915920817931
0.2770968493752327
0.9574566767041703
0.6393365219353347
0.42776015101753917
0.03900651927042855
0.04185945452063724
0.06433752011447025
0.027007477522398675
0.03531047085270497
0.43256580321850097
0.7131483869889439
0.5460569138529622
0.5301645092069258
0.07637277487299912
0.21082982577827794
0.3514844084419027
0.11099009156320423
0.08495572263062451
0.2918893998947037
0.576864900400293
0.8051025060331805
0.8389718847757718
0.6277437158820051
0.1922674080119893
0.5834895599747809
0.7941132501548338
0.2894821632352518
0.7617290691120663
0.31368777513763263
0.9875520097756557
0.7626260375259643
0.735833980989098
0.9126737179897879
0.05344576080285173
0.6494195240124758
0.5344877855372664
0.6161109826632534
0.11048682357114138
0.7507774190523148
0.9401292154497702
0.8048299799157073
0.8578049715820721
0.6123062952140328
0.8122151127106738
0.9126045418543476
0.14117363581411027
0.6596891623744964
0.14876629701539795
0.06964922592368712
0.6827898131872928
0.8053299980222125
0.1931769116987523
0.07352448231644414
0.3115363508985005
0.7399000520910228
0.04635961747918448
0.9133868357349988
0.026723344670791235
0.5493402268048704
0.6401276369339279
0.9876267571434806
0.409163377318213
0.9153042682139836
0.4019114898311081
0.46347453621811746
0.9123979419867572
0.7812845590508849
0.6338145021036045
0.6958014264211981
0.7777955747701171
0.9962352397162014
0.19465468108873024
0.8626282660189181
0.29916357231134644
0.27072568087423776
0.36246623601040334
0.8871621163626167
0.2997819791060215
0.563394124764035
0.9518877656665377
0.14081754121087023
0.8256905310405855
0.8914742502281884
0.5768946136396769
0.7129988922532943
0.8051823603640244
0.3902351152920115
0.8389612065803683
0.9640938715515233
0.20014095217932681
0.34220505663621986
0.24959585351744398
0.6494139527800914
0.7640225597770022
0.7119835351512265
0.9508928364165462
0.9649629838034989
0.5962713598728273
0.9119480649717121
0.7945338781998605
0.805110862881757
0.9515548845315661
0.6276893963662565
0.06636080600875983
0.20851172883697738
0.9708188133089314
0.6038914129666719
0.9118951382640597
0.4488709433303527
0.14408042631070206
0.12372871441027113
0.5305763161340105
0.9163446958617815
0.6278518906441366
0.9159537810561386
0.6409907136841538
0.8222762941276425
0.6839620933348561
0.37415096739807663
0.7302311782877932
0.43925638904287156
0.42767843960923374
0.9109252795597984
0.11757296689480863
0.3511538486537581
0.899465254544965
0.07087861120319121
0.8914918924640726
0.6488410443832228
0.04099684203977674
0.302729625306766
0.5996103851485801
0.12363214638227382
0.12056146879970583
0.39752414432834615
0.4045234692806889
0.7135973354652583
0.1489733611523537
0.40979756927131067
0.9120065629117489
0.7234105970411184
0.8871802228678661
0.6868438132857179
0.8611825312151508
0.381146113926131
0.8241440497845326
0.5345007850794968
0.2633159418029065
0.5938344099739916
0.9820378825231368
0.06368847154168071
0.8047366617732675
0.5779368983649361
0.6958051405761212
0.8443875869228319
0.9118826029911946
0.2895666602597494
0.0645380844803108
0.9066920714863398
0.888086940938437
0.7817576495341986
0.3753455324751778
0.21102110475681107
0.35379646988145347
0.15957820199617256
0.6161081970470611
0.8183244332895991
0.4276691542219263
0.9877344676362468
0.6495235203503191
0.3030341860104498
0.6276067564192204
0.1539391862843687
0.5792716727903796
0.635299235534063
0.8526868660982152
0.6754622497936322
0.04529644063248344
0.800957044869777
0.7761172410142986
0.1691310084580593
0.7699791357347202
0.7819921055637112
0.15827731923440125
0.6957796057610257
0.046246800023399176
0.35150251494715223
0.04618505219780475
0.5815577351454695
0.1756990271699718
0.9000042712781614
0.8216226028611993
0.8124184626927066
0.7765415832142483
0.0075838400833456365
0.9529268005062393
0.9202389872985187
0.6279103885841735
0.07294368134036423
0.34603435036180513
0.6856492482086166
0.6494306664772448
0.9123654431311812
0.7123261659428707
0.9927290774689148
0.6353145564231203
0.7847986138773827
0.6409763213338273
0.3901185836813032
0.7530899447612309
0.053445296533486356
0.5210067959749703
0.15388811665417781
0.06969890274578187
0.8668995441803371
0.5445243606778705
0.23500247455571743
0.7765378690593253
0.5633300555916138
0.3115354223597698
0.9194794426167707
0.7945547703213023
0.8049734391496071
0.06430223564270202
0.16930975216372737
0.5210221168640276
0.3815672062405231
0.6645848828323403
0.9449706163918656
0.989636114956809
0.406459936803654
0.6395505501127711
0.5257172729560309
0.5768918280234846
0.7358924789291349
0.24078355669332502
0.14898775350268023
0.3605293042180729
0.3801056862783332
0.42762272728538914
0.9518831229728839
0.7767003633372054
0.06448515777265844
0.7397273438871046
0.9738941335851531
0.03540611034197153
0.9633292199067561
0.9664031473748818
0.5455685024805912
0.5808585454812198
0.34499438698337265
0.7118939311637097
0.08854081067002426
0.6276452907765462
0.9059060634507656
0.5210244382108544
0.951824625032847
0.7756715424235417
0.002967145514090111
0.5455810377534562
0.1408012917830822
0.5236977012166643
0.11759060913069276
0.03537361148639551
0.8051099343430264
0.29452366427382237
0.9119568860896541
0.5736554062774789
0.5634029458819771
0.24079469915809393
0.7119459293326313
0.8837998776185952
0.6338911065488908
0.780837467652032
0.2836207624974349
0.43181925807898336
0.034427894789133495
0.24811854839683145
0.1411880281644368
0.5272238270466618
0.9214563015745231
0.05906388439321387
0.5451241966979306
0.06431384237683631
0.3511519915762966
0.33518158967687783
0.7130304625701395
0.69584738908837
0.38166888123153947
0.08951995476159304
0.569211884181507
0.7778187882383856
0.7978274050778069
0.08845399229869977
0.8801539702923319
0.6336826496038389
0.1582828904667857
0.7765007275100956
0.25023468816419536
0.13160550846316627
0.07363404988667185
0.46025250682243835
0.9378287607443538
0.7920087171216043
0.8128530188186944
0.5226205962890021
0.0725857296596627
0.5808590097505852
0.5776796931365202
0.13413763358190314
0.11401480647860043
0.3572441341887032
0.8151404739818805
0.05259939774977924
0.614090482385156
0.07294785976465257
0.6565822717814294
0.5878648344740431
0.5834895599747809
0.5632548439544236
0.7645885041333902
0.7484588578416489
0.1126995313665026
0.9125409369512917
0.7399046947846765
0.07089393209224847
0.7760954203541262
0.9125437225674838
0.3970988735896657
0.11261689141946644
0.5222895722314921
0.7329021199467761
0.5065471265904707
0.5878360497733901
0.6277595010404277
0.9515302782552014
0.8611718530197472
0.6246326468646497
0.6286397557571722
0.9738964549319798
0.7498066318093227
0.03307408531970981
0.24493644616657428
0.13204934997646153
0.2776841501224278
0.8113998557050812
0.13159158038220511
0.14116063627187986
0.5344859284598049
0.3572441341887032
0.997732508419525
0.40638008247281004
0.7623354049032416
0.3969883774807073
0.1408556112988307
0.8047505898542288
0.8048123376798232
0.2513763265336442
0.4516742017584667
0.6643764258872884
0.4532243971694425
0.8612609927378986
0.9558294125785428
0.6286388272184416
0.06963669065082208
0.6519451493600975
0.6353252346185237
0.5236944513311067
0.0075894113157300965
0.910888602279934
0.017178430788115817
0.27513252569034535
0.34605106405895847
0.5065471265904707
0.5815442713338738
0.520935298492703
0.588460492069815
0.3460580280994391
0.9415717003679799
0.007722192354226384
0.6307911799963044
0.9334479150127071
0.6494315950159755
0.839014597557386
0.08952134756968916
0.6494069887396108
0.711941750908343
0.24508547663285857
0.24814315467319614
0.581527093367355
0.03532161331747389
0.8446791480842853
0.6197805677271507
0.4521301142752616
0.027007477522398675
0.6341223126928459
0.5272238270466618
0.872758623571327
0.627584935759048
0.8051396475824101
0.6275292234352033
0.9881662381460424
0.2997866217996752
0.5065141634655294
0.13414970458540282
0.9214563015745231
0.9518255535715778
0.11203191201909818
0.8526994013710802
0.5874005651086716
0.1947809623561113
0.17162088506454737
0.6336928635298771
0.7699828498896432
0.42771233127290587
0.3760252228260819
0.5255909916886499
0.6645765259837636
0.31031717954503457
0.3632694220124963
0.14413428155708516
0.306847230308247
0.804843443727303
0.3055547043950524
0.038064980997454874
0.11406123341513759
0.39052296229854194
0.8446777552761892
0.19506834509327636
0.9704980031774595
0.9953721629659755
0.633586545845207
0.8049414045633965
0.6863702585330388
0.5317694884030155
0.8053151414025206
0.5874052078023253
0.39712162278856894
0.9602269720073429
0.6277293235316785
0.873084540665818
0.9101272005207245
0.8477289335454116
0.6354180884915981
0.017398494467301972
0.8048053736393426
0.4579218746082727
0.06495731971724139
0.3014700625185127
0.08898511645268492
0.8527922552441546
0.9123724071716618
0.8183244332895991
0.04457125188377295
0.3052807854694831
0.1235982547186017
0.544826135765362
0.17566838539185728
0.5633272699754216
0.6335679750705921
0.8018396209333486
0.8389797773549832
0.7906256586821622
0.6277390731883513
0.545542039126765
0.7980154341707825
0.6755277117741497
0.3193778604796274
0.1746335289764439
0.47500048748283363
0.14093500136030923
0.07350823288865614
0.9927105066942999
0.9060420943748195
0.6839639504123176
0.38406683250368395
0.995518872085433
0.5633096277395374
0.40644740153078895
0.06963761918955283
0.7398968022054652
0.8047575538947093
0.9980305693520936
0.9118696034489643
0.9576516698376264
0.7382050046380509
0.7486246020050865
0.31945864334920204
0.3475227979471866
0.805554240125687
0.8610534643315775
0.6479454687774209
0.8053787463055765
0.07293903864671052
0.06422191704249272
0.08849716934967933
0.6286467197976529
0.8052724286209064
0.9118111055089274
0.9576516698376264
0.149570875825587
0.6527056225805763
0.8611941379492851
0.035322077586839265
0.531015514953652
0.2110893523535207
0.05244572458984123
0.9139337450474065
0.4166195433260814
0.6647826615819886
0.8754792420524049
0.8612535644280527
0.25658357173565244
0.07433973932203673
0.004247136154419705
0.2821035302114004
0.0637033281613726
0.06439369670768022
0.911926708580905
0.9212733794445667
0.03531511354635869
0.052136985461869095
0.36108039195476904
0.5257233084577807
0.9517693769783678
0.985534759383116
0.19936330099232935
0.5572184136658617
0.5065030210007605
0.942518809873338
0.2350670079975041
0.8052974991666365
0.11406216195386834
0.043023377819623926
0.5572072712010927
0.9928590728912189
0.3460394573248242
0.4334144876184003
0.9117864992325627
0.31810019118612465
0.9076178246008908
0.8050904350296807
0.5815419499870469
0.9202399158372494
0.27976871957294647
0.2501525124865246
0.7449847301805729
0.627740001727082
0.9122451973655499
0.37613107624138664
0.04657225284852469
0.1411453153828226
0.506481200340588
0.14077993539227512
0.7777941819620209
0.9124977599003121
0.9621625109915772
0.16482630290233352
0.9060411658360887
0.043781529693275804
0.4483347122133485
0.06597035547248228
0.7273619936097965
0.7531136224988648
0.15414067918893998
0.9424988462906271
0.04619155196891995
0.3012351422196347
0.9121295942935723
0.6958343895461395
0.3555337658466741
0.28939580913329266
0.9618969489145847
0.8257494932499877
0.4066414661255143
0.5632585581093466
0.9515669555350658
0.19653775763467757
0.36055576757189906
0.36886108224903225
0.40880913979243444
0.19381806769233054
0.06456036940984863
0.6979602789701763
0.8049553326443576
0.6493833110019769
0.36052512579378454
0.8048030522925157
0.2513391849844145
0.03381552349620831
0.9515312067939322
0.6349501049713036
0.7359723332599788
0.6277126098345251
0.5632845571938074
0.3610706422980962
0.04376435172675705
0.5455295038539
0.4521282571978001
0.6354208741077904
0.9514741016619914
0.9107098585742659
0.17571481232839445
0.91235151505022
0.9127531080512665
0.9450342212949215
0.8580032146010859
0.6161114469326188
0.3969711995141885
0.452126864389704
0.31950135613081626
0.9118213194349656
0.557061490620366
0.2881933514769801
0.3487874676984589
0.627895996233847
0.5344859284598049
0.451674666027832
0.7315510960935447
0.6465921235773626
0.2903373474062663
0.2648025323108265
0.6844918246807452
0.2506348883571457
0.9197742536637817
0.9649629838034989
0.5301932939075789
0.9197742536637817
0.6105016801908333
0.14109981698501617
0.25549532434322136
0.5938423025532029
0.9122363762476079
0.8050254373185287
0.6338182162585275
0.9123937635624688
0.8278154919258914
0.8018637629403479
0.749785739687881
0.6757612392649316
0.4602334717784581
0.6307916442656698
0.406646108819168
0.9119759211336343
0.9212910216804509
0.9123742642491233
0.8051080772655649
0.9057881390319612
0.7005049393617782
0.34755158264783964
0.2904557360944361
0.9066976427187242
0.7130843178165226
0.1316147938504737
0.523702343910318
0.11398045054556293
0.5570624191590967
0.9750241652204676
0.6131201594115293
0.7912533508641446
0.16068362735512243
0.8051772534010052
0.0418436693622146
0.13415249020159503
0.749733277249594
0.2896664781733043
0.8606630137953
0.1410923886751702
0.31369102502319024
0.7908972562609046
0.7924414161701305
0.2450836195553971
0.6393160940832584
0.9119262443115396
0.9139058888854843
0.8261250871665734
0.7497950250751885
0.4521236145041464
0.2905081985327231
0.5915316339217483
0.1409145735082329
0.7502709011746943
0.7531117654214033
0.34753440468132085
0.6194328299724874
0.30998661975689
0.4336178376004331
0.44833146232779086
0.5637618261014095
0.3470557429656227
0.7357220920720434
0.11570335416045706
0.2557218877935227
0.5267720929541553
0.8610994269987493
0.8052171805664272
0.6844918246807452
0.6958213900039092
0.8447966082337244
0.33518437529307005
0.09419886142580837
0.8229796622161806
0.7812729523167505
0.0536426110137693
0.39733240108044765
0.9212018819622995
0.5304816051834746
0.627912245661635
0.5414815392572248
0.8838212340094024
0.6644669584135359
0.3066722007575019
0.6647566624975277
0.9574659620914778
0.6027019548525898
0.9519290856400556
0.9789217065427624
0.807053365906472
0.2480948706591975
0.8936688515183001
0.965796347314341
0.8151414025206113
0.541471789600552
0.8053337121771355
0.1993243023656381
0.25572467340971494
0.5550131341803464
0.0644791222709086
0.5616879348462943
0.4032369788692441
0.9971693496793291
0.9205783682046054
0.08496175813237433
0.1999645298204856
0.920241772914711
0.7497263132091134
0.48430955252790026
0.9108793168926266
0.1410566399340366
0.5551092379389783
0.1483187413471797
0.03302905119126876
0.2707303235678915
0.82783870539416
0.36325363685407364
0.07158662198538294
0.41649651194425796
0.1175390752311365
0.15155098466889702
0.7119431437164391
0.16455841947851407
0.17165384818948876
0.5209315843377801
0.06965154727051398
0.9511890402716533
0.9101174508640517
0.9134044779708829
0.8015123110307616
0.8048248729526881
0.6198195663538419
0.9564362126390835
0.28496389377145503
0.4489498691224659
0.03531279219953183
0.3530736024795698
0.2619319548247337
0.847725683659854
0.48434901542395686
0.8049636894929343
0.9848272128702896
0.15025706594760627
0.8871909010632697
0.28946962796238673
0.5432262635322913
0.8569084674375396
0.05356647083784835
0.912254018483492
0.3193750748634352
0.1440980685465862
0.6038774848857108
0.8567496873145825
0.7694387261934276
0.8014969901417043
0.9568577692228409
0.14078132820037123
0.7645736475136983
0.4142782329165123
0.5808487958245471
0.957425106387325
0.2847665792911721
0.11397209369698624
0.9121124163270536
0.06408263623288123
0.4281710294058931
0.017179823596211934
0.4489336196946779
0.911894209725329
0.20301013685732353
0.34220552090558526
0.4186056876711413
0.627694967598641
0.9085556487189416
0.9527313431034179
0.9118268906673501
0.3815672062405231
0.7357155923009283
0.561994816896805
0.6409902494147884
0.8019779732042293
0.7399023734378497
0.7119951418853607
0.03533089870478132
0.2514756801778337
0.9576521341069918
0.8914877140397842
0.9303586666555242
0.33499588193072916
0.7123261659428707
0.9085366136749613
0.7518118111983628
0.5551055237840553
0.3753399612427934
0.041860383059367984
0.9789240278895893
0.5414703967924558
0.6409767856031927
0.06430177137333663
0.8610994269987493
0.6275292234352033
0.2705074742725131
0.7118939311637097
0.41602388573030963
0.6480211446839765
0.5345017136182276
0.23165230681519572
0.1411007455237469
0.9881653096073116
0.11409930350309808
0.3033141404377689
0.31094858588194
0.28943527202934927
0.13284000070568944
0.9119884564064994
0.04184924059459906
0.07294507414846034
0.7835460151296101
0.5311227611770528
0.5455606099013799
0.9330964631031208
0.8083547129376087
0.45165888086940936
0.0636819717705655
0.34213588050077953
0.9389977910063596
0.5491326983985493
0.03677059800679876
0.5249697992777825
0.08898511645268492
0.8122165055187699
0.15389879484958136
0.19290624265874065
0.11501484269161093
0.7198269018098148
0.2896664781733043
0.7498484160522062
0.5952392890736062
0.11098869875510813
0.3530982087559345
0.6513736337713251
0.8936688515183001
0.3448119291227816
0.06964319042193728
0.612307688022129
0.9120019202180952
0.7912598506352597
0.6038788776938069
0.06435330527289289
0.06644623157198822
0.9568452339499759
0.34621727249176154
0.6341223126928459
0.026617491255486504
0.1139841647004859
0.7273541010305852
0.8060816501247492
0.7359031571245384
0.9510553306944263
0.9925373342210163
0.34481750035516606
0.790890292220424
0.381683273581866
0.5909972598822055
0.9527299502953217
0.4521677200938567
0.7810143542802386
0.9217808258609179
0.08487447549168448
0.40324440717909005
0.9512874653771121
0.5012837047952525
0.44889137118242906
0.3240604812987657
0.8429664583954294
0.7792519877692878
0.6428203992530834
0.8018396209333486
0.4680828739387963
0.42775225843832787
0.04571056890639494
0.1256196835354298
0.7945798408670324
0.3639300773194201
0.8993315449677379
0.8278503121282943
0.4192032023443746
0.1408718607266187
0.34076071464054875
0.9401366437596161
0.306035223188212
0.9220487092847374
0.2635587546809959
0.6465879451530743
0.06965340434797546
0.9519272285625942
0.24505947754839777
0.1104979660359103
0.9125595077259065
0.5064821288793188
0.5455791806759948
0.9123464080872009
0.2778888929125567
0.8049938670016834
0.7808476815780702
0.5253291437665802
0.9779945606201154
0.14010488773502475
0.8032421786861362
0.9123431582016434
0.9085291853651154
0.8446967903201694
0.7694382619240623
0.728007328027663
0.9139291023537528
0.9066906786782437
0.5255696352978427
0.17897351900393793
0.5776801574058856
0.8229759480612575
0.9109266723678945
0.1965261509005433
0.1554104559032314
0.9330922846788324
0.7985019884656919
0.38423257666712163
0.9119726712480768
0.9518835872422493
0.8298647769046419
0.0372478669144008
0.02703997637797469
0.2905114484182807
0.15809021868015646
0.8082906437651874
0.08290922326806635
0.7359644406807675
0.9517540560893105
0.7280142920681436
0.3903121840066632
0.9568424483337836
0.770126309123543
0.4285206242380179
0.15742817056513653
0.26956732880763556
0.9085588986044991
0.14411013955008584
0.21110328043448184
0.8044738853124672
0.7359412272124989
0.8278159561952568
0.11202819786417521
0.5779099707417445
0.6868679552927172
0.7398517680770241
0.9121495578762834
0.3136873108682673
0.6844918246807452
0.804854586192072
0.06420334626787785
0.05293320742348145
0.3143526088688448
0.02883577028323217
0.7722921257130017
0.14931367059717113
0.14118663535634066
0.7315710596762557
0.19615798529380357
0.8216063534334113
0.6275292234352033
0.08578676479463973
0.11407794711229098
0.6582308922978641
0.29055648254672173
0.075733011687517
0.9789235636202239
0.9123301586594129
0.06372004185852598
0.559145131532154
0.03532997016605058
0.6276708255916417
0.5455476103591494
0.5064853787648763
0.4461006480271802
0.577894185583322
0.0696872960116476
0.5637831824922165
0.5209009425596656
0.9378287607443538
0.11822340827569429
0.196530793594197
0.8626296588270141
0.7819934983718073
0.6219839901352046
0.15936045966381326
0.951481065702472
0.2583942222606018
0.013939687695283302
0.9527280932178602
0.9125581149178104
0.05600063512049183
0.11413087381994334
0.912598970621963
0.8663224573591801
0.1483284910038525
0.44891365611196693
0.25550832388545175
0.3068421233452279
0.014427170528923517
0.30673534139119246
0.38188894491072567
0.9127693574790545
0.07087489704826823
0.6699295517664985
0.30998894110371683
0.29132299126895034
0.6350661723126464
0.03190459078833867
0.827853562013852
0.639825397577071
0.3471230620236016
0.8800820085406993
0.9163581596733772
0.5255696352978427
0.3902351152920115
0.9655474989345018
0.674517461635101
0.9125618290727334
0.7511808691308227
0.306414995529086
0.9313545244442464
0.2894529142652334
0.9388301897654604
0.1291513805978118
0.5633179845881141
0.6310400283761436
0.6342267733000545
0.6433422380197612
0.7498521302071292
0.24788269955922265
0.416420371768337
0.8019779732042293
0.8014960616029736
0.7356979500650441
0.9387888697919423
0.24805958618742927
0.9245450856623406
0.9518566596190577
0.7760870635055495
0.6339407833709856
0.25023468816419536
0.04657225284852469
0.6038816633099992
0.39411965707207597
0.9938781441482096
0.9101258077126284
0.2627411763285764
0.7941141786935646
0.47376413816284896
0.5065680187119125
0.071579193675537
0.7129988922532943
0.08578537198654361
0.4520270464761491
0.8606523355998964
0.8047668392820168
0.9510302601486962
0.9943906975275799
0.7536020338712358
0.08957473854670689
0.7723032681777706
0.03869685160372567
0.7617402115768351
0.8018396209333486
0.4063707970855026
0.023892230080755014
0.3581657088789659
0.9708206703863929
0.6158783837112022
0.35310006583339604
0.84957579708086
0.38030485783607765
0.9564352841003527
0.801505346990281
0.7279743649027216
0.6154614698210984
0.7810561385231221
0.5100022192075665
0.6365950113328153
0.9121950562740898
0.5556538259045593
0.15026681560427907
0.9876852550835175
0.7756557572651192
0.04619665893193904
0.10437471737602383
0.7701267733929084
0.2997894074158674
0.5925084566664902
0.36471515681626354
0.1191217694976884
0.8569098602456356
0.8301944081540558
0.9245529782415519
0.7124180912772143
0.7280059352195669
0.11396930808079402
0.24789291348526085
0.9574562124348049
0.2108372540881239
0.7449847301805729
0.5431366595447746
0.5910046881920515
0.06964504749939877
0.6131066955999335
0.06451301393458073
0.15936045966381326
0.5568558192915064
0.9568484838355336
0.11270138844396409
0.6319151761298691
0.8661966403611644
0.0715545873991723
0.8052835710856754
0.9122391618638
0.7119612502216887
0.2513777193417403
0.8606523355998964
0.033785810256824526
0.43740859696869244
0.29958141474018096
0.11403801994686902
0.04184134801538775
0.8048898706638402
0.3475241907552827
0.7398536251544856
0.31937693194089667
0.8048188374509383
0.4680847310162578
0.762630680219618
0.893703671720703
0.9245450856623406
0.5209687258870098
0.2502309740092724
0.9802365173854949
0.04852821968483539
0.40018069363700265
0.14831966988591044
0.14113138730186145
0.9122516971366651
0.530247149153962
0.9973991630151882
0.016544703104383537
0.7007380025831947
0.1644664941441705
0.2648053179270187
0.4107326077731691
0.06966779669830198
0.37618957418142346
0.2997819791060215
0.15389693777211988
0.24346842643326916
0.15301250463108693
0.9515386351037781
0.2647904613073268
0.03533322005160818
0.24347539047374975
0.5776964068336736
0.6342309517243429
0.3448040365435703
0.2501525124865246
0.9121077736333999
0.9425090602166653
0.2881743164329999
0.4001235885050619
0.5779336484793786
0.5776834072914432
0.2895833739569028
0.9877363247137083
0.8390187759816744
0.26480578219638407
0.5633792681443432
0.360501912325516
0.9514861726654912
0.11265310442996543
0.6307925728044005
0.5087821193153699
0.8800657591129112
0.7536108549891779
0.3640614655498203
0.7335144912397014
0.43925592477350617
0.951455995156742
0.7130643542338116
0.7382050046380509
0.9928535016588345
0.06434448415495082
0.2707270736823339
0.6140719116105411
0.5209761541968558
0.6393369862047
0.5792753869453026
0.9127020384210756
0.4489340839640433
0.798001041820456
0.5209371555701645
0.5477552111914916
0.6578896543143159
0.7130035349469479
0.34218741440033573
0.9980291765439974
0.801500240027262
0.15028817199508618
0.9602265077379775
0.5925042782422019
0.6284141208456017
0.2583914366444096
0.25140371842620113
0.9961953125507794
0.18165792447451673
0.9118338547078306
0.8560834607752741
0.7612100159615808
0.134244879805304
0.8082934293813796
0.06367640053818105
0.31131535868058363
0.14094428674761666
0.5341846176416788
0.7357346273449085
0.5209102279469731
0.6518253678638316
0.24493644616657428
0.48398595678023626
0.4423637439053039
0.053433225529986694
0.8017797301852156
0.08845167095187291
0.30799583271817643
0.3762053593398461
0.3816814165044045
0.510470202727861
0.2896441932437665
0.6354199455690596
0.5424291130319482
0.06653397848204345
0.2513354708294915
0.7764844780823076
0.6089844479047988
0.14329441827512787
0.17777013280889467
0.8651812832590967
0.7920426087852763
0.15937020932048607
0.9222302386065976
0.1140644833006952
0.3515029792165176
0.027007477522398675
0.3762048950704807
0.15393129370515737
0.9516616664856016
0.08434102999087247
0.9602306861622658
0.7778076457736167
0.712397663425138
0.730891833594717
0.3195152842117774
0.37603404394402395
0.3471225977542362
0.8051665752056016
0.9205820823595283
0.3061698613041698
0.8051071487268341
0.6759446256642534
0.3902351152920115
0.2614746494998426
0.9121885565029746
0.7640132743896947
0.8298759193694107
0.8158698411548794
0.15389415215592764
0.564329627535259
0.9293191675464572
0.9789300633913391
0.9118324618997345
0.07375522419103385
0.27724170141722865
0.6277376803802552
0.29431474305940514
0.6579560448335641
0.3099745487533903
0.2126506902292655
0.08849670508031396
0.3470534216187959
0.7382050046380509
0.9513111431147461
0.8053225697123666
0.2895132692827317
0.9833564075207923
0.30303511454918053
0.07363219280921036
0.7315418107062372
0.37680844524546386
0.713007249101871
0.053561828144194634
0.9124058345659685
0.7122894886630063
0.020438994541120803
0.3969832705176882
0.7129482868924687
0.06378271822285116
0.7981496080173748
0.2893944163251965
0.6278537477215981
0.9124035132191416
0.6395556570757901
0.2407854137707865
0.27068389663135434
0.6349431409308229
0.33177942376743447
0.6827837776855429
0.4281705651365277
0.7760842778893572
0.4325555892924628
0.9122400904025308
0.9515344566794898
0.2514826442183143
0.7985005956575958
0.9511792906149805
0.11208576726548129
0.8495641903467257
0.9511402919882893
0.7202647078213603
0.9197742536637817
0.306038937343135
0.29979405010952115
0.34621773676112694
0.7996394484108524
0.8495878680843596
0.2905081985327231
0.07088325389684492
0.9194594790340598
0.7945301640449376
0.757923453124115
0.9519114434041716
0.5236981654860297
0.05600899196906852
0.9931622407868066
0.140811041439755
0.9122633038707995
0.8009463666743736
0.9655855690224623
0.9568517337210911
0.9513547844350909
0.9571033677171226
0.5119716498554729
0.7234263821995411
0.27512927580478774
0.40880913979243444
0.8569084674375396
0.12372360744725204
0.8611788170602278
0.7358465162619631
0.912702502690441
0.5119957918624722
0.0461957303932083
0.6958849949069651
0.34709381305358317
0.3448017151967434
0.7579192746998267
0.5633811252218047
0.9657494561084384
0.951468530429607
0.8015164894550499
0.9955258361259136
0.749995589441029
0.5460959124796534
0.527172757416471
0.8434093713699939
0.9142889111119158
0.8675383788270884
0.34479753677245506
0.43784268882531496
0.3613037055195128
0.7999170814913447
0.9558586615485611
0.9125571863790797
0.09822407682358043
0.9425397019947798
0.8964711814076833
0.5477561397302223
0.90016490847858
0.7358316596422712
0.6278226416741182
0.004076749297328316
0.5210049388975089
0.9562328626570508
0.7645727189749675
0.764024881123829
0.6957953909194483
0.731208001032535
0.13410467045696176
0.8048350868787263
0.2565882144293062
0.619812138043996
0.6238345678255759
0.6958408893172547
0.31018904120019203
0.7923996319272472
0.3902351152920115
0.3610868917258842
0.02703394087622486
0.1995146528054405
0.06456686918096384
0.2481338692858887
0.7382050046380509
0.9644657513131859
0.641494445945582
0.7131688148410202
0.06966640389020587
0.9291947433565375
0.5101860698762536
0.046243085868476204
0.5257279511514344
0.7579401668212684
0.19654007898150444
0.5640445661449207
0.3610845703790574
0.56330034235223
0.9608829846206131
0.24811065581762012
0.7096988656042327
0.3640856075568196
0.5436055716038
0.3060324375720198
0.5554746179295258
0.41410227482703643
0.8668447603952232
0.9562328626570508
0.7536103907198125
0.9633375767553328
0.988164381068581
0.4242535245008872
0.43361830186979844
0.031829843420513836
0.04321837095308001
0.9292026359357488
0.5551050595146899
0.6565585940437955
0.9513770693646288
0.6530157545166445
0.5302466848845966
0.19423033888878055
0.6349278200417656
0.5642182028875697
0.8122225410205198
0.6748289863792654
0.7482095451924443
0.2514835727570451
0.7119501077569197
0.920585332245086
0.05228973008307636
0.8216054248946805
0.2895661959903841
0.289593587882941
0.9122294122071273
0.195067880823911
0.4137378233752197
0.9202413086453456
0.47492666865373956
0.06948208895215333
0.4689371295710801
0.06438116143481519
0.2707326449147184
0.42424377484421444
0.6757654176892199
0.14412360336168162
0.9912007027181114
0.3687468719851508
0.600732059935318
0.8994513264640038
0.5631926318594638
0.9212784864075858
0.9519425494516515
0.284777721755941
0.9388376180753063
0.4262457043476969
0.460951696486688
0.6957837841853141
0.5778849001960146
0.9928618585074112
0.9123891208688151
0.023543563787360916
0.9159324246653314
0.9125896852346557
0.8993310806983725
0.6857226027683454
0.7909371834263265
0.711941750908343
0.5808761877171039
0.29145020107506214
0.7130202486441013
0.7694401190015238
0.03532764881922372
0.16495629832463757
0.9517540560893105
0.792398239119151
0.9975370510167035
0.4327956165543599
0.2918703648507235
0.5991456515138431
0.8445802587094612
0.6278713899574823
0.2918880070866076
0.5895998090924369
0.5357013856583479
0.8993273665434496
0.24806330034235222
0.06963111941843762
0.1139841647004859
0.24495130278626617
0.14078225673910197
0.6944805800767159
0.9558099132651972
0.6480211446839765
0.9425378449173183
0.34605013552022773
0.06421681007947364
0.07571211956607528
0.28963165797090146
0.3530903161767232
0.8933197209555407
0.8936748870200499
0.8053230339817319
0.16447345818465106
0.8048332298012648
0.9214553730357924
0.7623270480546649
0.9197742536637817
0.9159379958977159
0.8002569266667967
0.8278280271987565
0.4749419895427968
0.11752421861144462
0.6644739224540165
0.804782160171074
0.7945371280854181
0.3971230155966651
0.857812399891918
0.9119977417938069
0.6321426681189013
0.5064844502261456
0.9516375244786023
0.1763127912709931
0.37680844524546386
0.6477105484785428
0.4066530728596486
0.2480716571909289
0.46672163615952666
0.7981533221722978
0.5775826608391575
0.250626531508569
0.15806421959569567
0.9119160303855014
0.8053077130926747
0.7765257980558256
0.15781629975458722
0.14014342209235062
0.36326524358820794
0.6958125688859671
0.6307870015720161
0.7920319305898728
0.2479411974992595
0.16913657969044377
0.6565697365085644
0.6286527552994027
0.803744053870103
0.893332720497771
0.17564702900105017
0.658580487129989
0.9134379053651897
0.11401434220923506
0.623940885510246
0.6354199455690596
0.7906289085677197
0.5065206632366446
0.1593892443644663
0.6277093599489675
0.8053973170801914
0.6839792713013749
0.03532579174176224
0.8933341133058672
0.2696731822229403
0.6307832874170931
0.6479445402386902
0.4242623456188293
0.29047709248524317
0.11047939526129544
0.6755202834643037
0.6278727827655783
0.041892881914943995
0.8082846082634376
0.7151907079272137
0.7398480539221012
0.19932848078992646
0.9123320157368744
0.9928562872750267
0.18702998530123188
0.1539391862843687
0.4843420513834763
0.9519304784481518
0.4667174577352383
0.2401502932789581
0.2895945164216717
0.05258686247691421
0.5301802943653484
0.9513821763276479
0.14107938913293983
0.9122191982810891
0.2001265598290003
0.0757232620308442
0.4254239475709891
0.29049380618239656
0.31938528878947336
0.5550177768740001
0.3640712152064931
0.7802710590262786
0.30798886867769587
0.9126709323735958
0.3854670689096448
0.9971707424874252
0.03530861377524348
0.9636059244485177
0.9085686482611719
0.9387958338324229
0.9515562773396623
0.4141185242548245
0.46346014386779094
0.3194990347839894
0.5461669456925553
0.3969985914067455
0.6278467836811175
0.5317648457093618
0.03869499452626418
0.730593308392783
0.23851095814983087
0.43321345898319435
0.261939847403945
0.6350564226559736
0.9387911911387692
0.12359639764114021
0.8047218051535756
0.5815475212194313
0.16396926165385747
0.9121272729467456
0.5778932570445913
0.3193922528299539
0.03533229151287744
0.02703997637797469
0.8048522648452451
0.780267809140721
0.4336238731021829
0.9245664420531478
0.12377467707744291
0.8936688515183001
0.25188609429682224
0.5445160038292938
0.17656860369131286
0.3639268274338625
0.3904296441561022
0.8293805439565592
0.40932030036370864
0.42229152216282667
0.34480589362103176
0.5304927476482435
0.20841748215580694
0.8014900261012238
0.2637709257809707
0.7723009468309437
0.14831920561654507
0.8002629621685465
0.9220519591702949
0.6342114524109972
0.11570010427489946
0.7765364762512291
0.9133989067384984
0.7104249828916739
0.17793912685788993
0.35817685134373484
0.03378859587301676
0.9125971135445016
0.9513269282731687
0.014764230088183323
0.525581242031977
0.929019249536427
0.5301645092069258
0.6348753576034787
0.0538636032316862
0.9152926614798493
0.46739946943296923
0.7945561631293984
0.6275292234352033
0.9262768103951768
0.9126421476729426
0.15389693777211988
0.9211252775170131
0.0029634313591671377
0.15742770629577116
0.5304913548401474
0.8053434618338082
0.7530996944179037
0.16039485180986127
0.5209947249714707
0.8569084674375396
0.4140990249414788
0.19950118899384472
0.6428217920611795
0.15815753773813537
0.4242456319216759
0.4223040574356917
0.6840628397871418
0.06428505767618325
0.9644755009698587
0.794535735277322
0.02233971332295227
0.7004998323987591
0.24746207151419597
0.45211107923128135
0.9122191982810891
0.11265310442996543
0.02134803395851846
0.3581262459829093
0.15808789733332962
0.7518577738655345
0.9156524702380123
0.5064946641521838
0.6886609635817824
0.5270042276368411
0.8124036060730148
0.30616893276543905
0.9142889111119158
0.6579091536276616
0.9126973957274219
0.7810556742537567
0.5776973353724044
0.8838430546695748
0.1136568547978989
0.7892114941952402
0.21101971194871494
0.7920133598152579
0.15026124437189461
0.34564064993996996
0.40919030494140457
0.8015072040677425
0.965590211716116
0.2997819791060215
0.5564454051725178
0.6409781784112888
0.0432267278016567
0.8936688515183001
0.5341641897896025
0.3542412399334795
0.8047770532080549
0.35380621953812624
0.8754801705911356
0.43486904354010963
0.9636045316404215
0.7129988922532943
0.9955267646646443
0.6286462555282875
0.24788316382858805
0.8066095243931767
0.6848497763614467
0.15435192175018408
0.007605196474152732
0.15902154302709198
0.29045852171062836
0.42776479371119286
0.7329072269097953
0.805161932511948
0.9450244716382488
0.6958302111218512
0.8897513466132942
0.5878634416659471
0.5226507737977513
0.7640402020128862
0.07077600767344407
0.5357041712745401
0.14105803274213272
0.563226523523136
0.525564992604189
0.00760751782097959
0.5064668079902614
0.23827185942666448
0.6565674151617376
0.8611699959422857
0.8800866512343529
0.17164270572471985
0.37602615136481266
0.15949184789421345
0.7494496086673519
0.7780434946112255
0.12372035756169443
0.6979686358187529
0.633796395598355
0.15393407932134962
0.7778118241979051
0.8612507788118604
0.7935635552262338
0.10330829064376519
0.5255640640654583
0.9214744080797727
0.9943665555205806
0.3302942260676106
0.5631610615426186
0.7617234978796819
0.14404282049210695
0.06430827114445184
0.8052561791931184
0.633897606320006
0.02883577028323217
0.7640453089759054
0.5052889566103137
0.8048457650741299
0.5317602030157081
0.5632334875636165
0.9449720091999617
0.7536057480261588
0.5690280335128198
0.6953413354801149
0.6480211446839765
0.2918712933894542
0.6140811969978486
0.5495426482481724
0.24072134459836522
0.6886628206592439
0.158072112174907
0.046974774388301895
0.3247485284982465
0.6104882163792374
0.6277748219294849
0.7694247981124664
0.764562040779564
0.290539304580203
0.9106880379140935
0.7279743649027216
0.12361311133829359
0.16478916135310379
0.8655921616474506
0.5460569138529622
0.6957809985691218
0.2450919764039738
0.9558224485380622
0.7499923395554714
0.03442650198103738
0.11365917614472576
0.5210281523657774
0.7701170237362356
0.9125191162911191
0.776502584587557
0.7308909050559862
0.9515873833871421
0.06370704231629558
0.6755026412284196
0.6488303661878192
0.8610534643315775
0.9120446329997094
0.9621657608771348
0.139865324742493
0.06368011469310401
0.06635848466193298
0.6284285131959282
0.36405867993362806
0.5633593045616322
0.1931592694628682
0.06366618661214288
0.951170005227673
0.04875199751894451
0.5631982030918483
0.5305642451305108
0.19907823960199117
0.7498623441331673
0.8477261479292193
0.6278718542268475
0.2518912012598413
0.8049000845898784
0.5101786415664077
0.7497225990541905
0.0859427593014046
0.2997819791060215
0.5642163458101083
0.5776750504428666
0.8032570353058281
0.05602106297256818
0.07089161074542161
0.8019932940932866
0.8222883651311421
0.1541388221114785
0.8445793301707304
0.4750144155637948
0.5455471460897842
0.8052468938058109
0.6154591484742716
0.19423266023560742
0.37707725720801405
0.17655978257337082
0.9217390416180344
0.3063643901682605
0.15413928638084387
0.05226837369226926
0.7765244052477295
0.6958752452502922
0.6953348357089997
0.029066976427187242
0.25024768770642575
0.5568581406383333
0.06408681465716957
0.7980121842852248
0.9511853261167303
0.7177869022183719
0.5305716734403567
0.4032300148287635
0.14085514702946533
0.9085621484900568
0.03532114904810852
0.2896242296610555
0.17570599121045238
0.7780499943823407
0.9927072568087424
0.2904840565257238
0.19467185905524897
0.4394095979334442
0.6495490551654145
0.2776841501224278
0.6319151761298691
0.8936688515183001
0.24795326850275914
0.06427577228887582
0.777791860615194
0.9124206911856604
0.06428366486808715
0.9901314903696605
0.7130081776406016
0.627678718170853
0.8527086867583877
0.11404869814227256
0.5432290491484836
0.8051127199592186
0.14403121375797268
0.9519639058424586
0.06450604989410015
0.7831476720141212
0.4521626131308376
0.5549634573582516
0.6400380329464113
0.7981449653237211
0.44971312795913687
0.25549532434322136
0.7536001767937743
0.31809879837802857
0.1316115439649161
0.9877683592999189
0.912105452286573
0.24338485794750228
0.3753376398959665
0.5341600113653141
0.7612100159615808
0.9802355888467642
0.06434448415495082
0.7279808646738368
0.9518566596190577
0.5451460173581031
0.15780701436727979
0.452074401951417
0.3514876583274603
0.9245580852045711
0.5878536920092743
0.9334576646693798
0.3027277682293045
0.762634394374541
0.24797833904848923
0.06369404277406517
0.9421408946099256
0.8052524650381955
0.7098302538346328
0.987688504969075
0.749143655155572
0.8658906868493845
0.2821286007571305
0.3458235720699264
0.46808194540006554
0.7307692664822589
0.41922177311898945
0.7356933073713904
0.2905341976171839
0.6643750330791923
0.06427762936633731
0.13413902638999928
0.9202371302210572
0.1191185196121308
0.9118812101830985
0.6840577328241227
0.7119468578713621
0.7810538171762952
0.5938409097451068
0.14404189195337622
0.5366916722146856
0.9534964590175503
0.9657884547351296
0.5451316250077766
0.6579017253178155
0.9085468276009995
0.6746780988355195
0.34714906110806243
0.9106402181694602
0.193169019119541
0.7303816015621736
0.6868981328014664
0.26257589643450413
0.4064427588371352
0.12370875082756014
0.8837989490798646
0.03686995165098829
0.03724833118376617
0.09822407682358043
0.9558860534411181
0.4233635201274698
0.995106600888983
0.8122109342863855
0.42625916815929266
0.8880915836320906
0.8578068286595336
0.03725343814678526
0.7780458159580523
0.8994629331981381
0.1639739043475112
0.8053782820362112
0.1502552088701448
0.9916542938880795
0.14407392653958687
0.9574733904013237
0.35812949586846693
0.9125116879812732
0.9514806014331066
0.7745930446877834
0.035349005210030815
0.8121547576931755
0.4479414760608787
0.437940185392043
0.9779922392732885
0.7356960929875827
0.3153591448529705
0.12479189125697217
0.38421679150869903
0.26066217811044223
0.5691905277906999
0.37707725720801405
0.6772148666479102
0.39020911620755067
0.0867724086573237
0.4520757947595131
0.9509745478248516
0.7980627896460504
0.9118310690916385
0.4323889165902944
0.1408291479450045
0.9881680952235039
0.29033874021436246
0.014764230088183323
0.6745216400593893
0.9425633797324137
0.6755091409995349
0.39042732280927533
0.5778858287347453
0.5209552620754141
0.11542572107996482
0.8051424331986023
0.3901106911020919
0.6494255595142256
0.7765332263656716
0.04527647704977246
0.9126913602256721
0.358118353403698
0.27724495130278626
0.5455262539683424
0.7980200768644361
0.7196848353840111
0.731562702827679
0.13976086413528438
0.9876787553124022
0.8099810485245055
0.13973300797336208
0.4276663686057341
0.24505437058537868
0.8018772267519436
0.5493903678963306
0.16038231653699622
0.6746850628760002
0.11208483872675055
0.2584355422341199
0.9125878281571942
0.3454029440248997
0.0645464413288875
0.6038742350001532
0.2501557623720822
0.8655968043411043
0.9514787443556452
0.7124278409338871
0.5776977996417697
0.11099612706495407
0.5436552484258947
0.34580639410340763
0.04457125188377295
0.7328366579662587
0.7881107115299439
0.7498558443620521
0.02233971332295227
0.7499788757438756
0.6754696781034782
0.9152550556612542
0.019089827765350835
0.727998506909721
0.1127027812520602
0.8082841439940722
0.11822433681442504
0.4381658203036136
0.8049056558222628
0.8211792256172693
0.07573254741815164
0.994386983372657
0.14412499616977772
0.942538773456049
0.39042871561737147
0.6480007168319001
0.8222814010906616
0.8018507633981174
0.8443973365795048
0.414279161455243
0.5104446679127657
0.4626388513604485
0.4063745112404256
0.6275858642977786
0.6118865957077368
0.24746207151419597
0.8446995759363617
0.13159715161458957
0.6277153954507173
0.03302905119126876
0.4281752078301814
0.03687923703829572
0.788495590833837
0.25063442408778036
0.5301645092069258
0.9122893029552602
0.5632571653012505
0.5619924955499781
0.8256905310405855
0.5956158115289226
0.627602577994932
0.7359133710505765
0.05475639322129585
0.929030392001196
0.14994693401153802
0.531766238517458
0.9419825787563338
0.9334539505144569
0.9640896931272349
0.2514761444471991
0.5884669918409302
0.8052710358128103
0.5582987684790814
0.08487447549168448
0.033804381031439394
0.05386406750105157
0.17794237674344754
0.9592631488048313
0.7358251598711559
0.021877765304407496
0.8567487587758517
0.34568846968460326
0.682792598803485
0.06397771135630724
0.6194370083967757
0.5925028854341058
0.5554871532023908
0.0664480886494497
0.33508966434253423
0.06437001897004627
0.10353253274723968
0.5304843907996668
0.33518716090926226
0.16699072668369608
0.6772185808028331
0.34540247975553434
0.911975456864269
0.15390204473513897
0.7980168269788785
0.8610386077118856
0.7130662113112731
0.38449953155221034
0.7914678433109462
0.06699221234566526
0.04852775541547001
0.06969333151339742
0.3470952058616793
0.9060583438026075
0.046184123659074004
0.11048264514685305
0.9126495759827886
0.4051929457055548
0.14117177873664877
0.17571806221395203
0.9516630592936978
0.20866958042120373
0.8229912689503148
0.3470789564338913
0.9121871636948785
0.965788919004495
0.011064467515536774
0.08850227631269841
0.19996127993492802
0.6906749640887646
0.695888709061888
0.07352587512454026
0.7817553281873717
0.7356923788326597
0.46345782252096407
0.14401171444462707
0.6278695328800207
0.8658934724655768
0.9057774608365576
0.6565660223536414
0.7358330524503672
0.98346597509102
0.8211834040415577
0.3067381270073847
0.4233667700130274
0.9513417848928606
0.7778122884672704
0.375529383143865
0.5905436687122375
0.6278769611898667
0.24346053385405786
0.17928875790302526
0.29072408378762093
0.33516301890226297
0.9518190538004626
0.3316628921567262
0.6409726071789044
0.8198950565526514
0.7131414229484633
0.3470668854303916
0.20852101422428482
0.9118566039067338
0.1489766110379113
0.6009405168803699
0.43486672219328276
0.7309187612179086
0.3247364574947468
0.3638571870290568
0.8017100897804099
0.7484588578416489
0.5554662610809491
0.9928256454969121
0.5692039916022957
0.5905399545573146
0.2894603425750793
0.8009486880212005
0.9121806639237633
0.26275696148699906
0.5317634529012657
0.7802654877938942
0.0645659406422331
0.6957429284811614
0.8018396209333486
0.8050681501001429
0.9194905850815396
0.1593878515563702
0.27067368270531617
0.9205867250531821
0.9516477384046405
0.8964679315221257
0.9127661075934969
0.43181879380961796
0.9067733186252799
0.347535797489417
0.7812836305121541
0.8526970800242535
0.6275918997995285
0.29047662821587783
0.8051029703025457
0.7536117835279086
0.9118644964859451
0.5065109135799718
0.9709269880710629
0.25131550724678053
0.6278630331089056
0.9118152839332158
0.7273499226062968
0.6276722183997377
0.39042685853991
0.8914844641542266
0.4028168150935828
0.5301719375167717
0.7723102322182511
0.9076178246008908
0.1408026845911783
0.6278569976071557
0.6106767097415784
0.9951135649294636
0.9848272128702896
0.7198166878837766
0.9516189537039874
0.7279896857917789
0.2769366764441795
0.7486232091969904
0.1590113291010538
0.544532717526447
0.16446602987480513
0.6495388412393763
0.43362155175535605
0.9205727969722209
0.43237638131742934
0.5253453931943682
0.5808761877171039
0.7303630307875587
0.15853034603852878
0.25549393153512523
0.14107242509245924
0.5012799906403296
0.5637632189095055
0.9901175622886994
0.03806358818935876
0.838974670391964
0.9514443884226077
0.28210910144378487
0.6353215204636008
0.1577805510134536
0.9780005961218652
0.5632780574226922
0.9106430037856524
0.7883498102531104
0.31808719164389426
0.8932909362548876
0.06421216738581992
0.4394128478190018
0.8046530932875007
0.1220842723181248
0.9118960668027905
0.3030318646636229
0.8051354691581218
0.4165889015479669
0.6953343714396343
0.7645857185171979
0.9121839138093208
0.16913657969044377
0.9513181071552266
0.39012322637495694
0.39697444939974613
0.700745895162406
0.38156674197115775
0.8964679315221257
0.6335545112589964
0.05356229241356001
0.587839763928313
0.11412251697136665
0.6565683437004682
0.6330851349306057
0.4680814811307002
0.2776841501224278
0.8060909355120566
0.231873763302478
0.7945338781998605
0.8278438123571792
0.8220014466633425
0.9516054898923917
0.8014997757578965
0.9122832674535104
0.05315744952695595
0.7996385198721216
0.9558080561877357
0.5208721578590125
0.375529383143865
0.8099847626794285
0.9122187340117237
0.5311157971365723
0.14078086393100586
0.0736298714623835
0.17308240502673727
0.041842276554118485
0.5808543670569315
0.06409192162018866
0.1691263657644056
0.8606523355998964
0.9334572004000145
0.3064089600273362
0.9210231382566314
0.8936688515183001
0.5884725630733146
0.13008874044649713
0.6907371761837244
0.32473924311093905
0.34568846968460326
0.5065471265904707
0.5222946791945112
0.9876778267736714
0.24507340562935892
0.9633292199067561
0.05083424562263629
0.7640039890023873
0.11911341264911171
0.7761158482062025
0.9657773122703608
0.804349925391913
0.13161943654412742
0.7699768143878933
0.9142889111119158
0.4465198832641108
0.5455615384401107
0.7397273438871046
0.739765413975065
0.9877015045113055
0.8668424390483964
0.8871765087129432
0.2511567271238234
0.9067538193119342
0.7358585872654627
0.3830565823646353
0.02352452874338068
0.5570563836573469
0.8198727716231136
0.8037412682539108
0.36106832095126934
0.2836880815554138
0.8871658305175396
0.4137610368434883
0.4097957121938492
0.8284849683507574
0.6335647251850346
0.3194683930058749
0.24797091073864327
0.9760873420671686
0.3602349574404273
0.06450140720044645
0.47404130697397584
0.3770062239951122
0.6029823735492743
0.3638497587192108
0.9574557481654397
0.8297779585333174
0.4064580797261925
0.952748985339302
0.9124281194955063
0.3303058328017449
0.09078973147588446
0.7635151133606509
0.8993269022740842
0.16039717315668814
0.9085435777154419
0.42761762032237005
0.6398263261158018
0.8051851459802165
0.34580964398896524
0.1407752926986214
0.45166770198735146
0.9245571566658403
0.7764905135840574
0.7817539353792756
0.9118826029911946
0.045477041415613005
0.37953324215082995
0.925132850678901
0.9515762409223733
0.19073160495133992
0.31935418274199345
0.9118524254824455
0.8255466075373203
0.42769051061273344
0.7924010247353432
0.15027981514650948
0.7122894886630063
0.7272853891645101
0.24013915081418918
0.7202647078213603
0.0038218654157392887
0.5776894427931931
0.2904812709095315
0.037078872865405524
0.28818453035903807
0.2707210381805841
0.5305823516357603
0.8055528473175909
0.3902351152920115
0.5460959124796534
0.37900118945811406
0.29055183985306804
0.5350017317247329
0.6840749107906414
0.8222730442420849
0.6754780349520549
0.3099945123361013
0.9425494516514525
0.3902351152920115
0.9202403801066148
0.40015237320571495
0.4489182988056206
0.8053457831806351
0.1756990271699718
0.7691722355777043
0.86126284981536
0.8050245087797979
0.04621615824528465
0.20273946781731186
0.7981445010543557
0.8044734210431018
0.7312284288846114
0.06645737403675714
0.3186754209298201
0.40036918699934354
0.5633388767095558
0.998189813744416
0.7315478462079871
0.9121918063885321
0.332569610227297
0.6284308345427551
0.2514111467360471
0.5209482980349335
0.9139105315791379
0.28959590922976786
0.6246293969790921
0.3067409126235769
0.48394370826798744
0.8049604396073767
0.9330904276013708
0.9123255159657592
0.619432365703122
0.5493430124210626
0.24959585351744398
0.5808729378315464
0.08900832992095349
0.9928307524599312
0.525326358150388
0.2905095913408192
0.7359690833744211
0.804894513357494
0.12208334377939406
0.8018841907924242
0.5255752065302272
0.32474667142078495
0.8198815927410557
0.3471453469531394
0.07363451415603722
0.9738973834707106
0.5637697186806208
0.6349463908163805
0.9290498913145415
0.9527717345382052
0.8229805907549113
0.8121621860030215
0.80197890174296
0.1410241410784606
0.6197968171549387
0.9516338103236793
0.6246433250600533
0.35148580124999884
0.7399009806297535
0.957108938949507
0.6479463973161517
0.9515822764241231
0.9134332626715359
0.11543036377361854
0.3066749863736941
0.8014900261012238
0.8607057265769141
0.7793699121880923
0.5209074423307808
0.610676245472213
0.8121538291544448
0.3195593898014877
0.8801706839894853
0.8569089317069049
0.9117846421551012
0.8278582047075057
0.12391210080959292
0.25136843395443287
0.360538125336015
0.7499900182086445
0.3193690393616853
0.545513254426112
0.3471003128246984
0.7358618371510203
0.9147842865247674
0.5905371689411223
0.6104914662647951
0.18777513763265336
0.8270146272706254
0.007720335276764897
0.8052886780486944
0.29958141474018096
0.7397310580420275
0.44891644172815914
0.3475227979471866
0.33518716090926226
0.8730854692045488
0.13973997201384267
0.9124722250852166
0.2943156715981359
0.24794212603799023
0.003820008338277802
0.4747140332843993
0.7120025701952067
0.5962611459467891
0.06454597705952211
0.042046555074882
0.20354358235813552
0.34503059999387165
0.9126416834035773
0.6493888822343613
0.8730836121270873
0.06443640948929441
0.7745832950311107
0.7357086282604477
0.695823711350736
0.804156325066553
0.6866906043951452
0.06420148919041636
0.25572142352415733
0.046591287892504926
0.7279957212935287
0.9209962106334398
0.18359857042177014
0.13411766999919217
0.6240838804747805
0.5207635188275156
0.5572211992820538
0.32941118573467376
0.5421208381733414
0.5455717523661489
0.9120149197603256
0.42761529897554323
0.413624541650069
0.36402432400059054
0.39698094917086135
0.28964976447615093
0.5304918191095128
0.5208856216706084
0.97889988588259
0.573465520107042
0.5878355855040247
0.34156065075708403
0.7321035766383369
0.9139314237005797
0.9513246069263418
0.3187199907888958
0.3941349779611332
0.7358293382954443
0.1409373227071361
0.3903126482760286
0.6089867692516256
0.42229152216282667
0.8048759425828791
0.13237387426285632
0.18816698097702703
0.5208693722428203
0.8904212873075256
0.8449140683831634
0.9535006374418387
0.8198876282428055
0.8389653850046567
0.39699719859864935
0.9347701541652854
0.2513192214017035
0.3099917267199091
0.5681742421499014
0.7359495840610756
0.677203259913776
0.8166493494193383
0.783144886397929
0.6277404659964474
0.9388325111122873
0.15813153865367455
0.4206336162590846
0.0644563730720054
0.26275696148699906
0.3901041913309767
0.319352325664532
0.9527689489220129
0.07351008996611762
0.07362151461380681
0.7397273438871046
0.2906864779690258
0.17432850400339472
0.3186754209298201
0.6585823442074504
0.06592996403769495
0.5304885692239552
0.10698669682560465
0.7723951935121142
0.8052937850117136
0.800940795441989
0.8241380142827828
0.9125154021361962
0.8278493835895636
0.42768029668669527
0.9119387795844046
0.4520985439584163
0.6200999850505264
0.9122108414325124
0.37619839529936555
0.0761944954366964
0.6958775665971191
0.42125759428614407
0.1502598515637985
0.40001959216721866
0.739882874124504
0.9820411324086945
0.7315529531710062
0.9290452486208879
0.2642667654631876
0.8052552506543876
0.5317639171706311
0.11509748263864708
0.433334169018191
0.9973949845908998
0.9085537916414801
0.4277694364048466
0.7280105779132207
0.7653201926532158
0.4489498691224659
0.289056428227206
0.6278732470349437
0.11401248513177357
0.3605046979417082
0.6772199736109292
0.992719327812242
0.6578910471224121
0.9619326976557183
0.06438301851227668
0.9705026458711132
0.4843081597198042
0.08578305063971677
0.9509866188283512
0.26479185411542294
0.2451583669232219
0.042506181746599925
0.7576880685558716
0.4281705651365277
0.3819084442240713
0.5576093284715046
0.5938283744722418
0.43361273063741396
0.4489266556541973
0.6608762991417516
0.8051452188147946
0.9120098127973065
0.9202394515678841
0.06724384634169668
0.1578362633372982
0.7359073355488267
0.20460350931927898
0.8183244332895991
0.9134467264831317
0.8606523355998964
0.5896021304392638
0.34754833276228203
0.2126506902292655
0.6886646777367054
0.11396559392587104
0.5460675920483657
0.14081429132531262
0.06449026473567752
0.16060841571793222
0.6479775033636316
0.6335819031515533
0.8833054307444745
0.45205025994441767
0.6904479363690978
0.24014750766276588
0.15807768340729145
0.07085539773492262
0.06443687375865978
0.4579218746082727
0.17164270572471985
0.2614797564628617
0.8429683154728909
0.7881204611866168
0.24811112008698552
0.11822480108379041
0.520901406829031
0.007584304352711008
0.06370750658566095
0.20841748215580694
0.08847117026521852
0.29089818479963525
0.6848599902874849
0.2836602253934915
0.9896421504585589
0.28962051550613255
0.23500479590254428
0.5953251789062
0.16622143234527528
0.727991078599875
0.2558286697475582
0.9514518167324536
0.5455211470053233
0.24333100270111918
0.08845027814377679
0.7315659527132365
0.8611551393225938
0.06449490742933124
0.8833054307444745
0.5551059880534207
0.7981621432902398
0.9518552668109616
0.2433843936781369
0.7358883005048465
0.8050291514734517
0.9633273628292947
0.1489733611523537
0.9747818166117436
0.25187495183205333
0.9108793168926266
0.3193551112807242
0.7847967567999212
0.7617364974219122
0.29033224044324724
0.9513557129738217
0.5897363042858562
0.30122724964042336
0.16478776854500765
0.9124833675499856
0.9126518973296155
0.7358636942284819
0.2769417834071986
0.8612489217343989
0.7892170654276246
0.675519354925573
0.9655428562408481
0.24810415604650493
0.6907371761837244
0.9514666733521455
0.06966826096766736
0.9663362925862682
0.9527680203832822
0.5792665658273605
0.250158083718909
0.822286972323046
0.04183484824427254
0.8937027431819722
0.2696796819940555
0.6161109826632534
0.5925808826874882
0.14897753957664206
0.5344859284598049
0.8229810550242767
0.9955207291628945
0.5308065937392348
0.24760274513190356
0.14441609306186576
0.804850872037149
0.5464041873382601
0.8612521716199565
0.14117688569966785
0.9518385531138082
0.6273091597560172
0.036882951193218695
0.2905541611998949
0.28960937304136364
0.3308151362955576
0.2797450418353125
0.41367328993343305
0.021887050691714927
0.5304778910285516
0.5210091173217972
0.3753576034786775
0.652706551119307
0.11698520187824814
0.2632017315390251
0.39700276983103383
0.8053234982510973
0.5431338739285824
0.9558373051577541
0.4489545118161196
0.556450512135537
0.9511505059143275
0.7881083901831171
0.4673901840456618
0.05600620635287629
0.8044706354269097
0.8049534755668961
0.5584088003186745
0.13973811493638116
0.31952085544416187
0.24794816153974006
0.3542328830849028
0.2896209797754979
0.31956171114831455
0.7694377976546969
0.9511927544265762
0.7272853891645101
0.13284000070568944
0.6278342484082525
0.06423073816043477
0.9644625014276283
0.84404170624563
0.363257815278362
0.8261255514359387
0.9313563815217079
0.8049715820721456
0.9517192358869077
0.04621940813084225
0.9126077917399051
0.6279099243148081
0.37707725720801405
0.28917203129918356
0.4520460815201293
0.29044645070712866
0.9118756389507141
0.038058481226339674
0.19934287314025298
0.8526980085629842
0.5632641293417311
0.375533097298788
0.8995279309092902
0.13414924031603745
0.9574580695122664
0.4520934369953972
0.8449080328814136
0.8477321834309692
0.5255803134932463
0.9108969591285107
0.95163473886241
0.02048727855511945
0.9121045237478423
0.00029898947129933213
0.5267823068801935
0.3456745416036421
0.15413975065020924
0.5884795271137953
0.3770141165743235
0.18355121494650223
0.951945799337209
0.9126867175320184
0.12054986206557154
0.2895276616330582
0.0038195440689124303
0.4137726435776226
0.3815672062405231
0.9125316515639842
0.8049957240791449
0.6958232470813707
0.11752050445652164
0.36245602208436517
0.8220009823939771
0.9121221659837264
0.46738971977629645
0.9293233459707455
0.9125706501906754
0.08291200888425858
0.8936781369056075
0.5208986212128387
0.14409389012229784
0.2893855952072545
0.6493930606586497
0.7535899628677362
0.12262143197385977
0.0735727663304428
0.6479487186629785
0.06433055607398969
0.8046512362100392
0.8449071043426828
0.9623886101725132
0.5938344099739916
0.9124049060272378
0.599140544550824
0.11364571233312998
0.7576787831685642
0.19653032932483164
0.6647775546189695
0.24793841188306726
0.375529383143865
0.7123261659428707
0.9134374410958243
0.6105058586151216
0.9574385701989209
0.6278384268325409
0.9119030308432711
0.9152527343144273
0.788490483870818
0.4063768325872525
0.11401898490288878
0.9809018153860725
0.7640039890023873
0.7935556626470225
0.799497846254414
0.6266661466849774
0.6857407092735949
0.5634786217885327
0.71314977979704
0.360510733443458
0.17934493449623523
0.06426787970966451
0.1139874145860435
0.3351653402490898
0.9124982241696774
0.985547294655981
0.58143331095555
0.1580943971044448
0.6772134738398141
0.9943948759518683
0.8447014330138232
0.34050304514276747
0.8053355692545969
0.8060695791212495
0.8122118628251163
0.8018396209333486
0.9558335910028312
0.42775922247880843
0.299138037496251
0.5118384045476113
0.36052559006314994
0.6286420771039991
0.11759200193878887
0.28947334211730974
0.9119336726213856
0.44896890416644614
0.6276852179419682
0.37536596032725417
0.8047923740971121
0.7272853891645101
0.7835409081665909
0.347099848555333
0.8994638617368689
0.7578993111171156
0.5451283751222189
0.5497692116984738
0.14092803731982867
0.24789477056272233
0.2707242880661417
0.25549671715131744
0.5342134023423318
0.2913248483464118
0.6868716694476402
0.021886586422349554
0.6278778897285974
0.5768964707171383
0.1993326592142148
0.7817502212243526
0.852684080482023
0.9779945606201154
0.13204888570709616
0.587854620548005
0.09274198415727218
0.6979807068222527
0.06366990076706584
0.522631738753771
0.9365125570935252
0.9509847617508898
0.9875575810080403
0.002960645742974908
0.3542472754352293
0.20341544401329295
0.2940566092922585
0.5690284977821852
0.9500850077207995
0.9123835496364306
0.1931560195773106
0.45897065910464724
0.3195162127505081
0.17679145298669124
0.0736414781965178
0.7007505378560598
0.996097351714686
0.8278572761687749
0.25063581689587644
0.25140696831175874
0.9108895308186647
0.5633616259084591
0.5445220393310436
0.8580083215641049
0.4839395298436991
0.8140605834380261
0.2401502932789581
0.27693760498291026
0.9574274277341519
0.9425657010792405
0.4520957583422241
0.9515655627269697
0.19933173067548407
0.3515071576408059
0.13976457829020736
0.24759392401396152
0.6284243347716398
0.7212856361558125
0.36447420101563566
0.8611713887503819
0.3903154338922208
0.1582123215232492
0.25550275265306727
0.577883043118553
0.9120186339152485
0.6596821983340158
0.7723924078959219
0.6184898988914176
0.43918396302187357
0.912754965128728
0.17657510346242808
0.6277260736461209
0.8644932360596159
0.7502931861042322
0.03534621959383859
0.8017681234510813
0.1634776003959289
0.08503975538575677
0.4843545866563413
0.19687760281012961
0.7007417167381177
0.3421674508176248
0.5064668079902614
0.9212116316189722
0.30603568745757737
0.45243049655465706
0.7398735887371967
0.6277776075456771
0.9125367585270033
0.43497721830224123
0.40917080562805896
0.9608857702368052
0.3457646098605242
0.732828301117682
0.9134662257964773
0.6395352292237138
0.6904549004095785
0.8527082224890223
0.30566148634908785
0.35228759444399566
0.6197791749190547
0.3447989295805512
0.7764946920083458
0.19917620043808457
0.07571769079845973
0.9425652368098751
0.563210274095348
0.10707444373565989
0.9419491513620271
0.41184314009513806
0.39702923318486
0.6856343915889248
0.2905258407686072
0.30798515452277286
0.5289258385401142
0.3640517158931475
0.6307837516864585
0.21082936150891257
0.950437852438482
0.776493763469615
0.801995151170748
0.08956452462066872
0.06411652789655335
0.40452254074195815
0.15949138362484808
0.9127303588523633
0.9355236633452836
0.7778164668915587
0.8239453424961535
0.5341767250624675
0.15026449425745222
0.8046475220551162
0.9127452154720551
0.5554657968115837
0.002956931588051935
0.1410826390184974
0.5572072712010927
0.7502862220637516
0.1993363733691378
0.03380113114588179
0.5414820035265901
0.527035333684321
0.5209636189239908
0.8096309894230154
0.9518306605345969
0.1235982547186017
0.11406680464752206
0.9127377871622092
0.7892193867744515
0.9515720624980849
0.5455137186954774
0.8293605803738483
0.8166507422274344
0.8994657188143304
0.47404409259016805
0.9122786247598567
0.8124114986522261
0.3795327778814646
0.24812040547429295
0.9117869635019281
0.2943082432882899
0.7507774190523148
0.3920843001742867
0.1606121298728552
0.9212993785290275
0.9558902318654064
0.3971123374012615
0.5736549420081136
0.05601781308701058
0.5208911929029928
0.29504968146478844
0.25016272641256276
0.9101086297461096
0.8113970700888891
0.11754046803923261
0.6597007691086306
0.08684483467832169
0.1237700343837892
0.6414939816762167
0.5305856015213178
0.8440468132086492
0.0290692977740141
0.9245487998172636
0.053581791726905616
0.9981744928553588
0.31849667722415204
0.6341223126928459
0.04711823362220173
0.9981949207074351
0.07293532449178754
0.9194868709266166
0.9973954488602651
0.9126082560092705
0.994403232800445
0.3760275441729088
0.153017611594106
0.28962980089344
0.3644737367462703
0.3035973447506456
0.6354078745655599
0.6278528191828674
0.9760813065654188
0.7935533413001956
0.7123261659428707
0.9364916649720835
0.7767003633372054
0.21109028089225143
0.8449117470363365
0.17652589090969867
0.8446508276529976
0.06496428375772197
0.5310173720311134
0.3816809522350392
0.17656953223004362
0.2555208591583168
0.866901865527164
0.7920235737412961
0.5834538112336473
0.7485577472164731
0.15957170222505737
0.4032379074079748
0.07088093255001807
0.5813766700929746
0.5119939347850108
0.0696970456683204
0.24808419246379396
0.8526859375594845
0.2619314905553683
0.5209287987215879
0.09857460019443601
0.8278178132727183
0.7640318451643096
0.6338191447972582
0.14019170610634926
0.2705325448182432
0.427628762787139
0.7817599708810254
0.9425192741427034
0.9708067423054316
0.7761195623611254
0.6184908274301484
0.5778881500815721
0.6901405900492218
0.15541277725005825
0.5432234779160992
0.912653754407077
0.9121124163270536
0.9901184908274302
0.9896324008018861
0.043771315767237626
0.8050913635684115
0.8032830343902889
0.805116898383507
0.7118957882411712
0.5311325108337256
0.12055682610605212
0.5493903678963306
0.5209845110454324
0.8610994269987493
0.8606523355998964
0.9106439323243831
0.6070804792374097
0.7653220497306773
0.7764784425805576
0.14012763693392796
0.02883577028323217
0.8053745678812881
0.7764970133551725
0.5012860261420794
0.9516013114681033
0.10698669682560465
0.08504068392448752
0.9877358604443429
0.4358885790664657
0.6353001640727938
0.4337914743430821
0.30597440390134834
0.7315654884438713
0.9123459438178355
0.6154526487031564
0.8666154113287297
0.07051648109820133
0.6643773544260192
0.08958448820337969
0.15390343754323507
0.6276907891743526
0.6845897855168386
0.2697381799340923
0.8526901159837729
0.056018741625741324
0.5455480746285148
0.7653174070370237
0.06409656431384238
0.9125924708508479
0.8017086969723137
0.5554825105087371
0.35114688461327753
0.7945310925836683
0.5210286166351428
0.9602288290848043
0.15742399214084818
0.3350659866049003
0.33495316914911494
0.7007514663947906
0.027007477522398675
0.7315696668681596
0.3180848702970674
0.4001709439803298
0.9747748525712631
0.14078225673910197
0.7999207956462676
0.7648707799075362
0.3605111977128234
0.5455355393556498
0.9209962106334398
0.25134614902489505
0.43678183332544074
0.934764582932901
0.9517689127090024
0.08847070599585315
0.7691870921973962
0.27693389082798725
0.8113984628969851
0.9303591309248895
0.912492652937293
0.24810926300952402
0.9928771793964684
0.5938464809774913
0.2896270152772477
0.8053471759887313
0.434865793654552
0.5226168821340791
0.043484397299437955
0.20866958042120373
0.6278755683817706
0.6286351130635186
0.21109631639400128
0.808338927779186
0.6958757095196576
0.827837312586064
0.8121747212758865
0.9123505865114893
0.5996108494179455
0.7124259838564256
0.7996403769495831
0.1440163571382808
0.27709777791396345
0.635393017945868
0.7129598936266031
0.15810089687556003
0.7359760474149017
0.5451339463546033
0.5432146567981571
0.1835976418830394
0.2513637912607792
0.5550033845236736
0.8611881024475352
0.06366618661214288
0.91229533845701
0.8052362156104075
0.2894830917739825
0.5207616617500541
0.24073202279376876
0.12055775464478287
0.20866958042120373
0.7328236584240283
0.3903131125453939
0.9126881103401144
0.33012476774925
0.19935262279692578
0.4348644008464559
0.9747906377296857
0.4240566742899696
0.5554885460104869
0.6868461346325447
0.054748964911449906
0.9212441304745483
0.40637776112598323
0.07433973932203673
0.8018628344016171
0.9163567668652811
0.0643189493398554
0.7329076911791607
0.9123543006664122
0.6090239108008554
0.435887650527735
0.14402007129320374
0.4233681628211235
0.6140691259943489
0.9126356479018275
0.4673985408942385
0.134123705500942
0.6896577499092353
0.59821107728135
0.616721496878717
0.11410673181294402
0.6757663462279507
0.9808883515744767
0.7985177736241145
0.2907277979425439
0.1993280165205611
0.183568392913021
0.03307176397288295
0.452106900806993
0.6839746286077212
0.7130244270683896
0.5101786415664077
0.8495980820103978
0.8005243458212508
0.35422081208140316
0.3761366474737711
0.7945617343617828
0.39042778707864073
0.035326256011127606
0.9126778964140763
0.7935533413001956
0.5301802943653484
0.9209962106334398
0.7941262496970642
0.9124768677788704
0.4378450101721418
0.11099426998749258
0.36326802920440016
0.9066916072169744
0.14114949380711095
0.9953842339694752
0.15413696503401703
0.8801474705212167
0.951900765208768
0.14116667177362968
0.9118092484314659
0.7491450479636681
0.8053569256454041
0.04100148473343046
0.16616247013587307
0.3128307338891566
0.6277242165686594
0.6197814962658815
0.7640220955076368
0.36325131550724676
0.5317602030157081
0.5769637897751172
0.3522834160197073
0.5637720400274476
0.1409865352598655
0.593834874243357
0.804879656737802
0.423370019898585
0.7119510362956505
0.6284247990410052
0.0757037627174986
0.5304862478771283
0.45207672329824383
0.6158742052869138
0.7302311782877932
0.36446955832198197
0.6104761453757378
0.24072041605963448
0.2895295187105197
0.03533925555335801
0.7499821256294332
0.052442938973648996
0.8049135484014741
0.2918880070866076
0.28647926898002807
0.9901212764436224
0.18357582122286695
0.24813479782461947
0.9126291481307123
0.8731202894069516
0.07364983504509448
0.6194384012048718
0.9943665555205806
0.7280268273410087
0.14114299403599573
0.6868698123701786
0.15028956480318229
0.03531789916255092
0.24812319109048517
0.4488960138760828
0.893671172865127
0.03377466779205561
0.8050885779522192
0.29913664468815493
0.9067519622344727
0.08487447549168448
0.17047460400144482
0.7280193990311626
0.017179359326846562
0.06366618661214288
0.7576792474379295
0.40918659078648156
