0.158238514525307
0.217105959868224
0.3324061096136568
0.9727746031746032
0.7089432764300689
0.11606780473195567
0.3709057801737047
0.3265696316262354
0.25214830787660975
0.24206960167714886
0.703428331835879
0.21830631925726265
0.030650134770889487
0.9455171009284217
0.32467732854147946
0.3372751123090746
0.7139886193471099
0.08542342018568434
0.7444724767894579
0.31237663971248875
0.22202336028751124
0.4597980233602875
0.545823779574723
0.21732207247678945
0.5408129380053909
0.1770292902066487
0.7189021862833184
0.09437124887690926
0.12146055705300988
0.19226451033243486
0.49433674752920037
0.022715783168613356
0.5420679245283019
0.619476489967056
0.5409078167115903
0.15812926025756213
0.188486133572926
0.5229033842467805
0.36131488469601675
0.3441097334531297
0.42993375262054506
0.6434031746031746
0.5830267744833783
0.5296934411500449
0.4606739742437856
0.9457547768793052
0.8765402815214136
0.46998454627133873
0.6462342018568433
0.9900827792752321
0.8147900569032644
0.650429469901168
0.7044116202455825
0.6385950284516322
0.30967595088349803
0.8357496256364181
0.08139634621144055
0.22008840970350405
0.7591762803234501
0.9120637316561845
0.7207690925426774
0.4209039832285115
0.08124204851752022
0.6384632524707996
0.9753933513027853
0.23247822701407608
0.393419826295298
0.7247415393830489
0.03406672656483977
0.3725340521114106
0.2226712189278227
0.8076132973944294
0.5035601078167116
0.43315244085055404
0.8762566037735849
0.21702210242587602
0.9160989517819706
0.37862593590895477
0.4207166217430368
0.32669326145552563
0.08183863432165318
0.763358610362384
0.8140746331236898
0.0987016471997604
0.8332113806528901
0.39119544773884396
0.5398358790056903
0.47072009583707697
0.4098760107816712
0.257469661575322
0.25741982629529797
0.31226307277628035
0.9867002096436058
0.8761166816412099
0.009207547169811321
0.35463839472896075
0.7916348607367475
0.7209037436358191
0.09055645402815214
0.44041449535789157
0.09459071578316862
0.05360742737346511
0.06800694818808026
0.46594357592093444
0.18529619646600778
0.2808438454627134
0.6464436058700209
0.372132015573525
0.928111650194669
0.1386566037735849
0.8128939203354297
0.04491165019466906
0.8169866427073974
0.9796811021263852
0.11822222222222223
0.5317970649895178
0.5326778077268643
0.5481804132973944
0.9476125786163522
0.16362024558250973
0.7161823300389338
0.07645163222521713
0.823711051212938
0.8237781371668164
0.7356013177598083
0.7899318358790057
0.27481808924827794
0.6863051212938005
0.924352440850554
0.6742569631626235
0.7808028751123091
0.4975923330338425
0.8174279724468404
0.25768529499850257
0.5986371967654986
0.9760862533692722
0.6743542377957472
0.9391415393830488
0.42979862234201854
0.08897657981431566
0.37402479784366577
0.22927487271638214
0.03295980832584606
0.07704582210242587
0.6341390835579515
0.9239911350703803
0.44679005690326445
0.24279460916442047
0.70577106918239
0.6391417789757412
0.44190955375861035
0.16046768493560945
0.8302294100029949
0.17041844863731656
0.2158586403114705
0.281746151542378
0.4226084456424079
0.5282376759508834
0.12779203354297694
0.850818089248278
0.15952896076669662
0.6736023959269243
0.9900377358490566
0.30979191374663073
0.35878718179095537
0.8857895178197065
0.8325735849056604
0.47942737346510933
0.3313499850254567
0.6085443545971848
0.03799604672057502
0.0466712189278227
0.7810079664570231
0.028279125486672656
0.47285582509733454
0.5286473794549266
0.8236008385744235
0.22614483378256964
0.6830797244684037
0.4724993111710093
0.5873226714585205
0.7532430068882899
0.2573642407906559
0.6313780173704702
0.3269069781371668
0.8258036537885595
0.5198346810422282
0.6138412698412699
0.5370082060497154
0.24552452830188679
0.30535226115603475
0.11065636418089249
0.49803078766097636
0.6890244983528002
0.11825432764300689
0.9673612458820006
0.7247405810122791
0.4166191075172207
0.11366469002695417
0.47185480682839176
0.36694531296795446
0.12690122791254868
0.9633542976939203
0.8406387541179994
0.9582873914345612
0.3176773884396526
0.3127777178796047
0.8760749925127284
0.8396755914944595
0.48390823599880206
0.7036319856244384
0.2977883198562444
0.8985430368373765
0.6507011680143756
0.35998802036537886
0.2646943396226415
0.5263276430068883
0.18050530098831985
0.8854349206349207
0.3242911051212938
0.4909081761006289
0.9064011979634621
0.8774195867026056
0.5984416891284816
0.2955926924228811
0.21902653489068583
0.1695247678945792
0.048420245582509736
0.7252662473794549
0.3625698712189278
0.2555351901766996
0.4477613656783468
0.8387996406109614
0.8470670260557053
0.7808368972746331
0.6579627433363282
0.7341005091344714
0.11985289008685235
0.9778405510631926
0.4888093441150045
0.5194240191674154
0.9532650494159928
0.7039051212938006
0.4625600479185385
0.16775130278526504
0.05221203953279425
0.6132111410601977
0.6404945193171608
0.4685005091344714
0.1107277628032345
0.37196190476190477
0.6231868224019167
0.854701407607068
0.7217236298292902
0.705640251572327
0.3730233003893381
0.8930070080862533
0.00644073075771189
0.029444983528002396
0.5983396226415094
0.7831024857741838
0.1797812518718179
0.6973973045822103
0.2673466307277628
0.28232500748727163
0.8191980832584607
0.6854818808026355
0.032759029649595685
0.9310950584007188
0.3935678945792153
0.1115874213836478
0.8890719377059
0.6559578316861335
0.3239226115603474
0.059301108116202456
0.2747380652890087
0.156156933213537
0.3311980832584606
0.7031700509134471
0.6780113806528901
0.6847789158430668
0.39344666067684936
0.36291153039832286
0.5900104222821204
0.24980173704702008
0.6142241389637616
0.941648158131177
0.09868200059898173
0.40813560946391136
0.28792285115303984
0.5475176999101528
0.7887405810122792
0.10775297993411201
0.8761219526804432
0.7049530997304582
0.9896126984126984
0.9990837975441749
0.017220485175202156
0.4766941000299491
0.8900317460317461
0.3356252770290506
0.5413357292602575
0.8270830787660977
0.529637376460018
0.7593574123989218
0.11521389637616053
0.9119453728661275
0.8926677448337825
0.4848728361784966
0.234441928721174
0.1387035639412998
0.6963694519317161
0.5824479185384845
0.25283162623539984
0.5954568433662774
0.990070799640611
0.2394379155435759
0.3317917939502845
0.31737310572027555
0.3099486073674753
0.2386649895178197
0.6534320455226116
0.9771625037436358
0.8921588499550763
0.7095326744534292
0.08862629529799342
0.5334133572926025
0.8465303384246781
0.26238802036537884
0.6417878406708596
0.04724240790655885
0.3365951482479784
0.12694770889487872
0.4690012578616352
0.25607619047619046
0.5971296795447739
0.26432392932015575
0.2501309374064091
0.8465701108116203
0.9747426175501647
0.8454100029949086
0.6685072177298592
0.8387277628032345
0.30992848158131175
0.0077819706498951785
0.30960023959269245
0.8672330637915544
0.39840814615154235
0.4476564240790656
0.5270952979934111
0.4300032345013477
0.8378288110212638
0.7312742737346511
0.15816903264450435
0.4865557352500749
0.3725685534591195
0.8062188679245283
0.9766128781072178
0.15097214734950584
0.9281317759808326
0.5475411799940102
0.6208833782569632
0.7548132973944295
0.6125503444144954
0.1158114405510632
0.2147047619047619
0.28145624438454625
0.8936797843665768
0.10805678346810423
0.4072198861934711
0.23746127583108714
0.7236025157232704
0.6189709493860437
0.7047911350703804
0.5422509733453129
0.007535669362084456
0.4786357592093441
0.9863029649595687
0.3983108715184187
0.4746848757112908
0.14449883198562444
0.6390536088649296
0.7027018867924528
0.44595962863132677
0.024620065887990417
0.14342785265049415
0.26290793650793653
0.38258592392932017
0.11255202156334232
0.9331311171009284
0.09516573824498353
0.060329919137466305
0.9135889787361485
0.42810134770889485
0.5007650194669062
0.33191973644803835
0.24349230308475592
0.9401732255166217
0.26268080263551963
0.17775333932315066
0.4209312967954477
0.6043533992213237
0.7399839472896077
0.3685606469002695
0.1267181790955376
0.5851438155136268
0.8946630727762803
0.052236477987421384
0.6463060796645702
0.49062353998203057
0.5429256663671758
0.24695729260257562
0.7608658879904163
0.10217238694219827
0.8214315663372267
0.2721332135369871
0.23668978736148547
0.09428403713686732
0.13016927223719676
0.494008505540581
0.7838538484576221
0.36622988918837973
0.29359305181191975
0.180305959868224
0.7444719976040731
0.03689487870619946
0.21377753818508535
0.7280642108415694
0.6545015873015873
0.012991674153938305
0.8236286313267446
0.4016277927523211
0.7442141958670261
0.10895142258161127
0.6052681641209943
0.29113339323150644
0.43533129679544774
0.4622222222222222
0.38243114705001496
0.3630442647499251
0.4899819107517221
0.18723689727463314
0.8230531296795448
0.756865169212339
0.9138213836477987
0.2869194369571728
0.45764839772386945
0.4003344713986223
0.4178185085354897
0.47137370470200657
0.7198730158730159
0.9869944294699011
0.25635747229709493
0.9264752321054208
0.42471398622342016
0.9457566936208446
0.9904148547469303
0.4906489368074274
0.4592057502246181
0.6326746930218629
0.7760536687631028
0.8489952680443247
0.7582605570530099
0.4588291105121294
0.34854267744833783
0.6537866427073974
0.364946151542378
0.83967367475292
0.2678138364779874
0.7377734651093142
0.8332995507637017
0.38349445941898774
0.754594309673555
0.7807194968553459
0.4898376759508835
0.14988631326744534
0.030493920335429768
0.39103923330338425
0.36721221922731356
0.3227351901766996
0.703841389637616
0.533822102425876
0.11507780772686434
0.9757853249475891
0.4783602276130578
0.932619826295298
0.7500703204552261
0.4291095537586104
0.34943587900569034
0.38228643306379156
0.35639125486672657
0.3734627133872417
0.4403143456124588
0.4815654986522911
0.30966780473195565
0.484986403114705
0.2607645402815214
0.10525738244983528
0.16137909553758611
0.25363617849655584
0.28934699011680143
0.820709913147649
0.9196794249775382
0.7602065289008685
0.2789275831087152
0.7254123989218328
0.15558909853249475
0.39537969451931715
0.33469997005091345
0.3583401018268943
0.050688709194369574
0.7418767295597485
0.5376057502246181
0.6123821503444145
0.09591230907457322
0.2545979035639413
0.722386343216532
0.08110691823899371
0.9257526205450733
0.19151841868823
0.0007753219526804433
0.17546091644204853
0.14085175202156333
0.3686076070679844
0.49097334531296793
0.7207369871218928
0.32763821503444146
0.1876542677448338
0.022222701407607067
0.5036410901467505
0.4417380053908356
0.27557616052710393
0.5255762803234502
0.7532430068882899
0.7297969451931716
0.6599297993411201
0.4662353998203055
0.7468703204552262
0.4855163821503444
0.01565642407906559
0.16034070080862534
0.8811418987720875
0.11806648697214735
0.9478607966457023
0.1445663971248877
0.7656965558550464
0.34663504043126686
0.5197072177298593
0.8191654986522912
0.27499395028451634
0.9436971548367775
0.29140269541778974
0.13624150943396227
0.6064004791853849
0.2721255465708296
0.5249298592392933
0.9869704702006589
0.925290685834082
0.24825588499550763
0.10251596286313268
0.3287710092842168
0.07506822401916742
0.9747809523809524
0.37851476489967056
0.6465844863731656
0.768919556753519
0.009773465109314166
0.873568852949985
0.5857322551662174
0.09612219227313568
0.3525203953279425
0.12022809224318658
0.9774960167714885
0.38767678945792156
0.6185717879604672
0.03795052410901467
0.6269752620545074
0.8323454926624738
0.4702605570530099
0.14399856244384546
0.42240335429769393
0.8446960167714884
0.8329679544773885
0.5246279724468403
0.9984929619646601
0.8744112608565439
0.37350631925726263
0.7314903863432165
0.016363222521713086
0.2318241389637616
0.4580585804132974
0.9874429469901168
0.22584773884396525
0.2514913447139862
0.17880275531596287
0.974300329439952
0.7500319856244384
0.03698879904162923
0.1888388140161725
0.7869752620545073
0.22574710991314764
0.5373455525606469
0.8783702905061396
0.7289602875112309
0.29818604372566637
0.05091153039832285
0.10503408206049715
0.8148178496555855
0.5845980233602875
0.8408783468104223
0.6385332135369871
0.11979634621144056
0.5814722970949386
0.35722120395327944
0.5191753219526805
0.5439798742138364
0.2847266846361186
0.18198406708595388
0.9199597484276729
0.5017914345612459
0.5361116501946691
0.17036286313267446
0.538044204851752
0.9741321353698712
0.4838550464210842
0.8553353698712189
0.16384785864031148
0.8594400718778077
0.5409533393231506
0.14565750224618149
0.6932049116501947
0.2868360587002096
0.8700406109613656
0.1612075471698113
0.3687566337226715
0.2649094938604373
0.429853249475891
0.8342670260557054
0.25118706199460916
0.5827713686732555
0.5357934710991314
0.11582389937106918
0.9723696915244086
0.3364657681940701
0.29324660077867626
0.3585959868224019
0.03924959568733154
0.43538879904162925
0.7403764001197963
0.9121073375262054
0.4176661275831087
0.612420964360587
0.7807295597484277
0.31229086552860136
0.528919556753519
0.7031120694818808
0.07965211141060198
0.9612856543875412
0.147591494459419
0.07631027253668764
0.6226860736747529
0.4654126385145253
0.7530867924528302
0.9642762503743636
0.7680388140161725
0.1088910452231207
0.6928239592692423
0.3612041928721174
0.39165929919137465
0.3946125187181791
0.34839317160826594
0.3265787361485475
0.8675766397124888
0.3242671458520515
0.6210779275232106
0.7256577418388739
0.3085532195268044
0.24373285414794849
0.8333493860437257
0.19115998802036538
0.7047547169811321
0.017648397723869422
0.8394566037735849
0.6830926624737945
0.2273844863731656
0.29251057202755315
0.3821287810721773
0.8548892482779276
0.6001657981431566
0.043496615753219524
0.6497638814016172
0.009740401317759809
0.5996880503144654
0.08809152440850554
0.6191602276130578
0.17071171009284217
0.1757287810721773
0.9995040431266846
0.9755989218328841
0.9547347109913148
0.26840323450134773
0.5049013477088948
0.645939982030548
0.10974064091045223
0.12998574423480083
0.9647539982030549
0.6293683138664271
0.48406061695118296
0.3877453129679545
0.2910461814914645
0.1074304881701108
0.857121293800539
0.9032793051811919
0.6255583108715184
0.6117304582210242
0.04995124288709194
0.8675565139263253
0.5182001796945194
0.3947610661874813
0.6930180293501048
0.728366576819407
0.07180017969451932
0.029965378855944892
0.7839012878107218
0.8561576519916143
0.6737864031147051
0.41492614555256063
0.17557975441749027
0.0954681042228212
0.2813148846960168
0.6912953578915844
0.7393835280023959
0.35711769991015274
0.01744043126684636
0.010185564540281522
0.2253747828691225
0.8149989817310572
0.4574452231206948
0.7644224019167415
0.08983623839472896
0.7288673255465709
0.2401289008685235
0.48531272836178496
0.09558406708595388
0.9826348008385745
0.4836053908355795
0.4829019466906259
0.09068679245283019
0.7621515423779575
0.3185911949685535
0.8470502545672357
0.6787651392632524
0.4736421683138664
0.34856136567834684
0.3259979634621144
0.3110104821802935
0.8708475591494459
0.7131941299790356
0.12001964660077867
0.444601138065289
0.4071288409703504
0.28158370769691526
0.8669330937406409
0.08236382150344415
0.5049406409104522
0.6378987720874514
0.7281840071877808
0.9463935309973046
0.8457550164719976
0.38128206049715485
0.07642958969751422
0.8627215333932315
0.45633111710092844
0.4697128481581312
0.7355596286313267
0.5994489368074274
0.2823379454926625
0.6071523210542078
0.6468403713686732
0.12214962563641808
0.31345816112608565
0.029970649895178197
0.715454447439353
0.7739625037436358
0.3360857741838874
0.4623516022761306
0.9221299790356394
0.10973776579814315
0.7210369571728062
0.16014327643006887
0.13817981431566337
0.9724755914944594
0.7552536687631027
0.9217696316262354
0.975816951182989
0.15096639712488769
0.1750588799041629
0.6912249176400119
0.2559664570230608
0.50382893081761
0.29237927523210544
0.43917532195268044
0.5018489368074274
0.6385063791554357
0.9908044324648099
0.7744531895777179
0.9903961665169212
0.6225360886492962
0.2332061096136568
0.33235052410901467
0.9774016172506739
0.3662624737945493
0.3220044324648098
0.3415489667565139
0.6243181790955376
0.1577171608265948
0.9812739143456125
0.841677628032345
0.012826355196166516
0.7587771188978736
0.45642264150943396
0.641450973345313
0.5945727463312369
0.08467253668763103
0.4778441449535789
0.614502545672357
0.2626879904162923
0.08221096136567835
0.8916346211440551
0.4137904761904762
0.44082563641808925
0.5079619047619047
0.987109913147649
0.04062150344414495
0.3394673854447439
0.41698568433662775
0.462676489967056
0.631269721473495
0.8127726864330638
0.007764719976040731
0.9894852351003295
0.993410721772986
0.8665507038035339
0.11613201557352501
0.7013256663671757
0.43590727762803233
0.9558042527702905
0.6539385444743935
0.9139474094040132
0.42096915244085054
0.9486231805929919
0.06075926924228811
0.8785681940700809
0.7048888888888889
0.15987732854147949
0.731386403114705
0.7680704402515723
0.3288491165019467
0.0311182988918838
0.49027325546570827
0.28689883198562444
0.1098177897574124
0.17641162024558252
0.19163102725366876
0.847618089248278
0.6847631027253669
0.11919880203653789
0.5133316561844864
0.4043706498951782
0.08295513626834382
0.7151444144953579
0.5177708295896976
0.8836581012279126
0.24384258760107816
0.1148041928721174
0.09398933812518719
0.5113962264150943
0.2747811919736448
0.4348880503144654
0.6304805031446541
0.2654964959568733
0.4071403414195867
0.8192129380053909
0.3771174603174603
0.33328349805330937
0.06649607666966158
0.30833566936208445
0.755168852949985
0.3871717280622941
0.06912201257861635
0.05446516921233902
0.8406358790056904
0.8145447139862234
0.06328984725965858
0.3095748427672956
0.5471841868823001
0.2277194369571728
0.8364942797244684
0.08475064390536088
0.643796585804133
0.5227941299790356
0.10189302186283318
0.5288922431865828
0.009616771488469601
0.32463755615453727
0.2778820005989817
0.3259907756813417
0.12033782569631626
0.47322000598981734
0.9641401617250673
0.08902258161126085
0.42772806229410004
0.7056828990715783
0.33447091943695717
0.5424915244085056
0.2808711590296496
0.5270037735849057
0.11073782569631627
0.059175561545372866
0.9778094040131776
0.09004564240790656
0.19058304881701107
0.9579323150643906
0.3110052111410602
0.5024019167415393
0.4898788858939802
0.4579876609763402
0.9734229410002995
0.9253501048218029
0.8988832584606169
0.6840471997604073
0.5267224917640012
0.1761883198562444
0.4698767295597484
0.23355112309074574
0.42487163821503443
0.548768852949985
0.7618760107816711
0.1795129080563043
0.8085386043725666
0.9390591194968554
0.5303091943695717
0.014797723869421983
0.534343935309973
0.9245939502845163
0.08938532494758909
0.36969919137466306
0.8716142557651991
0.472518957771788
0.17050566037735848
0.24711111111111111
0.5138328840970351
0.40123725666367177
0.9196717580113807
0.7209828092243187
0.5296014375561545
0.9743573525007487
0.4796128182090446
0.48875950883498054
0.7159753219526804
0.7655887391434562
0.7335767595088349
0.6210999700509134
0.40360778676250375
0.9102586403114705
0.24423504043126684
0.3293330937406409
0.6909541778975741
0.9310524109014675
0.10990595986822402
0.3490793650793651
0.5334076070679844
0.47959556753519017
0.8556650494159929
0.2507605870020964
0.899305899970051
0.8331874213836478
0.7902428271937706
0.1690681042228212
0.5457696316262354
0.23907038035339923
0.8713746630727763
0.6963857442348008
0.5815341120095837
0.7497832884097035
0.09095561545372866
0.1801099730458221
0.28150847559149444
0.7050546870320455
0.16265612458820006
0.7758375561545373
0.9669108116202456
0.15853752620545072
0.7504742737346511
0.0584083857442348
0.9710557651991615
0.8253014675052411
0.9026817610062893
0.08725055405810123
0.8153650793650794
0.310250973345313
0.02775968852949985
0.8080479185384846
0.23704486373165617
0.0812041928721174
0.5815091943695717
0.6751012878107218
0.167711051212938
0.5970985324947589
0.6568548667265648
0.685014195867026
0.3919142258161126
0.9978776879305181
0.697401138065289
0.3885613656783468
0.5476360587002096
0.6962304881701108
0.07178820005989817
0.2941958670260557
0.08311039233303384
0.5829026654687032
0.1470399520814615
0.3494123989218329
0.6537435160227613
0.5299953279424977
0.46266403114705
0.8443323150643905
0.08715184186882301
0.5915533992213238
0.24733872416891284
0.5830320455226116
0.861455525606469
0.6468034740940402
0.3338211440551063
0.06194285714285714
0.07679520814615154
0.045353459119496856
0.6255583108715184
0.7646792452830189
0.7358768493560947
0.32936280323450134
0.43153039832285117
0.7080740341419587
0.1302095238095238
0.4477862833183588
0.8833983827493261
0.7824081461515424
0.03697442348008386
0.6741539383048817
0.38921209943096735
0.4914386343216532
0.9542411500449236
0.2751808325846062
0.10695849056603773
0.3935928122192273
0.2148921233902366
0.8917764600179694
0.12354501347708895
0.4910514525306978
0.4577571728062294
0.5282161126085655
0.49531188978736146
0.6040404911650195
0.8368675651392633
0.48819071578316864
0.921363761605271
0.1021393231506439
0.13633015873015872
0.06726469002695418
0.5480745133273435
0.6009463911350704
0.915709374064091
0.7726092842168314
0.18570494159928122
0.7805743036837376
0.47812782270140763
0.7838902665468703
0.008130338424678047
0.9142799640610961
0.9970784067085954
0.6992632524707997
0.33590607966457026
0.11375381850853548
0.102869122491764
0.7807281221922732
0.4098117999401018
0.9043373465109315
0.536823240491165
0.3471094339622641
0.6684511530398323
0.47705205151242885
0.793854926624738
0.07956681641209944
0.3753138065289009
0.5994714585205151
0.3484094639113507
0.7445304582210243
0.016231925726265348
0.9785147648996706
0.8416766696615753
0.4867651392632525
0.32265324947589097
0.3269568134171908
0.8937698712189278
0.06334159928122192
0.937528601377658
0.7651411799940102
0.9812739143456125
0.7780643306379156
0.9849976639712489
0.35979203354297695
0.7576189278227015
0.47308918837975444
0.8285354896675652
0.8549850853548967
0.9507622641509434
0.24425612458820006
0.3646303683737646
0.3146436657681941
0.8408371368673255
0.7787160227613058
0.6049293800539084
0.037495297993411204
0.9162589997005092
0.46055226115603476
0.34700928421683136
0.6431372267145852
0.4277314165917939
0.7853388439652591
0.7438399520814615
0.17046013776579813
0.7573117699910152
0.7277469901168014
0.7548291105121294
0.2519623839472896
0.08465289008685235
0.3246145552560647
0.7406059299191374
0.1491632225217131
0.18008553459119497
0.6375101527403414
0.23713974243785566
0.9200431266846362
0.7566543276430069
0.17488828990715782
0.502797723869422
0.1858985324947589
0.7884386942198263
0.3872646900269542
0.8455451332734352
0.474112728361785
0.6598469002695417
0.5048797843665768
0.4944522312069482
0.22006301287810723
0.3139133872416891
0.8270672656483977
0.8837798143156633
0.5229541778975741
0.38414088050314465
0.33348092243186583
0.62053596885295
0.9696225217130877
0.777254986522911
0.9602367175801138
0.3358576819407008
0.5365520215633424
0.7445553758610363
0.27812686433063794
0.820060616951183
0.8466046121593291
0.9728967954477389
0.9507248876909254
0.8864852949985026
0.6598469002695417
0.45726984126984127
0.9313226714585205
0.6771464510332434
0.29556921233902367
0.9453134471398622
0.9212075471698113
0.9995505241090147
0.6381685534591195
0.6049207547169811
0.7330400718778077
0.7273784965558551
0.12842455825097335
0.05974195867026056
0.3178019766397125
0.6181390835579514
0.365011320754717
0.3138228212039533
0.947936507936508
0.10860784666067685
0.7276679245283019
0.5372612159329141
0.07970290506139563
0.27812207247678944
0.9823736448038335
0.2624737945492662
0.39137897574123987
0.021746870320455226
0.8922786463012878
0.28951997604073076
0.28343192572626535
0.7653491464510332
0.6770472596585804
0.2795529200359389
0.30487595088349806
0.4868106618748128
0.19164779874213836
0.056994309673554955
0.5027258460616951
0.2831506439053609
0.8056960766696616
0.45783719676549867
0.5350588799041629
0.5081396825396826
0.3625372866127583
0.9942238993710691
0.22841617250673854
0.5231635819107517
0.4411193770589997
0.24772446840371368
0.46728817011081164
0.8811428571428571
0.22770937406409106
0.7509884396525905
0.8918833183587901
0.06946271338724169
0.8918905061395628
0.394988679245283
0.26085414794848755
0.3250731356693621
0.6850161126085654
0.7128069481880802
0.26666858340820604
0.7287791554357592
0.8866477388439653
0.6211584306678646
0.4782734950584007
0.11794381551362683
0.8928915244085055
0.21826606768493562
0.3661647199760407
0.7601188379754418
0.5052870919436957
0.743866307277628
0.16049356094639114
0.36298580413297393
0.32731859838274935
0.49997100928421684
0.48368781072177297
0.13655537586103625
0.70570877508236
0.44075375861036237
0.12910212638514526
0.4800972746331237
0.7675121892782271
0.6264165318957772
0.25016927223719676
0.8617698712189278
0.39106319257262656
0.24779299191374662
0.8062159928122192
0.7869623240491165
0.36001006289308174
0.2894203054806828
0.6917673554956574
0.9043196166516921
0.2881749026654687
0.2580964360587002
0.36013177598083257
0.13940796645702305
0.031819826295298
0.34445666367175803
0.6775072776280323
0.23979922132374962
0.45668235998802037
0.4563339922132375
0.8762915843066786
0.047631027253668766
0.598465169212339
0.008202695417789757
0.43799844264749926
0.47714501347708893
0.008222342018568434
0.2388283917340521
0.8099454926624738
0.47396466007786764
0.5048064690026954
0.14152309074573224
0.036875232105420784
0.9383082359988021
0.4569674752920036
0.14074633123689728
0.16484887690925426
0.2962855944893681
0.26025708295896977
0.36297526205450736
0.4982061695118299
0.7873006289308176
0.369541060197664
0.22624450434261756
0.4771081162024558
0.6796339023659779
0.14720862533692722
0.5272261156034741
0.016242946990116802
0.6826997304582211
0.2817111710092842
0.21604025157232704
0.9696340221623241
0.16376591793950285
0.4588156933213537
0.8375063192572626
0.46192321054207847
0.2150627133872417
0.32465193171608264
0.7546149146451033
0.2685800539083558
0.5425250673854447
0.7614749326145552
0.15971153039832284
0.3498460616951183
0.548924109014675
0.16586331236897275
0.31391482479784366
0.7680531895777178
0.5298218628331836
0.031218448637316563
0.6966435459718479
0.26395735250074875
0.21578388739143456
0.7874621144055106
0.7286732554657083
0.9986980533093741
0.158309913147649
0.7285654387541179
0.1377600479185385
0.10218388739143457
0.07834920634920635
0.9401938304881701
0.33217514225816114
0.6970014974543276
0.11662749326145552
0.5386153938304882
0.3745394429469901
0.6039638215034442
0.4483411799940102
0.00046768493560946393
0.1471079964061096
0.7164851752021564
0.6454665468703205
0.9743559149445942
0.05889667565139263
0.27475339922132375
0.446521233902366
0.44778820005989817
0.3221347708894879
0.35839089547768793
0.17602635519616652
0.6811902964959569
0.32762048517520215
0.7808498352800239
0.7800275531596287
0.7015283617849656
0.5425322551662174
0.5448577418388739
0.39325929919137464
0.5269850853548966
0.1589036238394729
0.619265169212339
0.43290853548966757
0.9104857741838874
0.816751841868823
0.9469436358191076
0.3456215633423181
0.5195313566936208
0.9634817610062894
0.9562796046720575
0.47714261755016474
0.23772195268044324
0.15659826295297993
0.04635112309074573
0.9778338424678047
0.28282767295597483
0.5976601377657982
0.16410230607966458
0.9443402216232405
0.3938793650793651
0.541865708295897
0.04765067385444744
0.2873118897873615
0.6887676549865229
0.27419802336028753
0.06070032943995208
0.6114271338724169
0.045930877508236
0.29240994309673557
0.35802383947289607
0.6323440551063193
0.1797831686133573
0.3483840670859539
0.6559496855345912
0.3099831087151842
0.7178949386043726
0.8545643605870021
0.9997929919137466
0.40520251572327043
0.02808745133273435
0.29642599580712786
0.28167091943695716
0.7616828990715783
0.8573565738244984
0.9785104522312069
0.5457595687331537
0.7015379454926625
0.24207583108715183
0.3885896376160527
0.4732506738544474
0.25773944294699014
0.6383726864330638
0.8411625037436358
0.6790114405510632
0.7197536987121893
0.44371464510332437
0.025607666966157534
0.7613388439652591
0.7616761904761905
0.5294672656483977
0.7733961066187481
0.5337559748427673
0.04240023959269242
0.6421927523210542
0.3268983528002396
0.8229951482479785
0.23252327044025156
0.046189158430667863
0.8598670260557053
0.5484348607367475
0.6762254567235699
0.8441928721174005
0.18827672955974842
0.04628499550763702
0.24912943995208145
0.3684188080263552
0.5403395028451632
0.6741457921533394
0.2389927523210542
0.296814135968853
0.3884281521413597
0.4955672955974843
0.4290616352201258
0.5197704702006589
0.5999808325846062
0.09324660077867625
0.8865787361485474
0.1754177897574124
0.9611385444743935
0.39107181790955375
0.226003953279425
0.44576172506738543
0.182586403114705
0.5344378556454028
0.6189129679544774
0.3926962563641809
0.8711652590595986
0.5367710092842168
0.3952440850554058
0.8133697514225816
0.9776507936507937
0.7568967954477388
0.6459447738843965
0.11630979335130279
0.13128721174004193
0.017359928122192274
0.5815781970649895
0.09868679245283019
0.6653398023360287
0.9501661575321952
0.02981874812818209
0.5158684636118598
0.7441380053908356
0.9524140161725068
0.970529140461216
0.038826954177897575
0.12625624438454627
0.6201540581012279
0.77259826295298
0.16371224917640012
0.27055861036238393
0.743704821802935
0.7409811320754717
0.0959266846361186
0.8549558550464211
0.10712955974842767
0.7942114405510632
0.7870677448337826
0.8516475591494459
0.7134557651991614
0.029733453129679545
0.24960143755615455
0.022561964660077868
0.9608553459119497
0.848338784067086
0.1408052710392333
0.5929085354896676
0.45696172506738547
0.1905130877508236
0.3720400119796346
0.07488182090446241
0.7440656483977238
0.025123210542078465
0.4372466007786763
0.3073217130877508
0.7435203354297694
0.9147740041928721
0.9622387541179994
0.4028219227313567
0.9449377657981431
0.40918694219826296
0.04471422581611261
0.34599724468403714
0.948240790655885
0.3337181191973645
0.21669146451033244
0.2779644204851752
0.8769466307277628
0.836709913147649
0.5370173105720275
0.36345348906858344
0.375170530098832
0.5391832285115304
0.6279082359988021
0.7038471398622342
0.08468834980533094
0.8840155735250075
0.5974809224318658
0.7893711889787361
0.6522302485774184
0.23990032943995207
0.7557898772087451
0.19174123989218328
0.7235253668763103
0.27136699610661874
0.21629661575321954
0.4199896975142258
0.010094519317160827
0.3790102425876011
0.921618688230009
0.6314403114705002
0.5289080563042827
0.3263319556753519
0.7418767295597485
0.33614375561545373
0.39160275531596284
0.7762693021862833
0.23300437256663672
0.8071063192572626
0.22065720275531597
0.46204204851752023
0.5430267744833782
0.33404013177598085
0.6075658580413298
0.7207398622342018
0.37768864929619644
0.470900269541779
0.35468295896975144
0.1218103623839473
0.34932087451332733
0.4332588200059898
0.5257128481581311
0.11701946690625936
0.9890994908655286
0.12824055106319257
0.4968337825696316
0.966284995507637
0.10972051512428871
0.658050434261755
0.1614092842168314
0.734104821802935
0.11093860437256664
0.9729480682839173
0.6806967355495658
0.387746750524109
0.7329097334531297
0.6526212638514526
0.4799123090745732
0.364952380952381
0.5819404612159329
0.4093536987121893
0.03732327044025157
0.22789290206648696
0.23305899970050914
0.38554537286612756
0.9751877807726864
0.9941227912548667
0.6827241689128482
0.4625226714585205
0.3986851153039832
0.8357203953279425
0.4708082659478886
0.10405223120694819
0.8154412698412699
0.5970213836477988
0.5090031746031746
0.6540439652590596
0.02434836777478287
0.935788679245283
0.2278387541179994
0.055580712788259955
0.9105241090146751
0.4476406109613657
0.7212482779275232
0.4040553459119497
0.29687499251272836
0.423763761605271
0.9367288409703504
0.9513914345612459
0.3497991015274034
0.11164013177598084
0.9880984725965858
0.99942545672357
0.22539922132374962
0.2597999401018269
0.8095942497753819
0.21593770589997005
0.9196473195567535
0.821582988918838
0.7809322551662174
0.5834820005989817
0.9123718478586403
0.13800922431865828
0.3364542677448338
0.35797975441749025
0.6774660676849356
0.33580401317759806
0.5311247678945792
0.42389026654687034
0.3437268643306379
0.7730621144055106
0.7186228212039533
0.6328457622042528
0.46688948787061996
0.6138264150943397
0.08186978137166817
0.975866307277628
0.9450268942797244
0.3582490566037736
0.1879077568134172
0.007108235998802037
0.2257749026654687
0.9804022761305781
0.653340521114106
0.09407990416292303
0.28319808325846063
0.8660029949086553
0.4623640610961366
0.6574078466606769
0.23973261455525607
0.5913574123989218
0.9645469901168015
0.21504785864031148
0.8477225516621743
0.8910658280922432
0.7942152740341419
0.29042132374962565
0.4287367475292004
0.6468197663971249
0.7212252770290506
0.3177099730458221
0.6625816112608566
0.4922618748128182
0.6539965259059599
0.012053908355795149
0.010944115004492362
0.34489463911350704
0.9482216232404912
0.26367175801138065
0.02787948487571129
0.3136637316561845
0.07844360587002096
0.08096891284815813
0.07005163222521713
0.012005989817310572
0.052799520814615156
0.784997184785864
0.3344052710392333
0.10807547169811321
0.7751537586103624
0.2109747828691225
0.038782869122491764
0.3952282719377059
0.23973021862833183
0.3703417789757412
0.40197759808325845
0.44240455226115605
0.049400658879904163
0.94623683737646
0.4316339023659778
0.7726284516322253
0.13021287810721774
0.4916336627732854
0.6000728361784966
0.6505339323150644
0.3738513327343516
0.33869973045822105
0.4563886193471099
0.4979383048817011
0.6042719377058999
0.9454212638514525
0.25200167714884697
0.2636823000898473
0.7291375861036239
0.5472215633423181
0.6801777777777778
0.9400131775980832
0.08171069182389937
0.8330891883797544
0.9843153039832285
0.9689622042527702
0.33018412698412697
0.11519233303384246
0.1786115603474094
0.4424040730757712
0.444915004492363
0.9620327044025158
0.35865061395627434
0.4724489967056005
0.9297356094639113
0.08930002994908655
0.6651764001197964
0.6124506738544474
0.24448086253369272
0.2515694519317161
0.37940461215932914
0.27930422282120393
0.1384471997604073
0.49775669362084457
0.8185828092243187
0.9724588200059898
0.29600143755615455
0.8270830787660977
0.24350332434860736
0.33064654088050316
0.765296915244085
0.6195018867924529
0.6142428271937705
0.14509589697514225
0.8865758610362384
0.09894171907756813
0.14707684935609464
0.9235153039832286
0.9363804731955675
0.40926457023060797
0.7464692422881102
0.5439707696915244
0.8523783168613357
0.12504534291704103
0.24493225516621744
0.9672309074573225
0.8864335429769392
0.7846775681341719
0.29560275531596286
0.8054560047918539
0.1889495058400719
0.29770733752620543
0.6916374962563642
0.6391873015873016
0.18530290506139563
0.07854854746930219
0.5979735250074872
0.1744230008984726
0.6270514525306978
0.6137895178197065
0.3354690625935909
0.3716365378855945
0.9386465408805031
0.09938065289008685
0.41067672955974843
0.9760129380053908
0.09772171308775082
0.27928745133273436
0.9719944893680743
0.3152670859538784
0.9641789757412399
0.3858146750524109
0.42182114405510635
0.6510878706199461
0.7201063791554357
0.249618688230009
0.21805666367175802
0.16357951482479785
0.25354177897574126
0.1277455525606469
0.3079916142557652
0.02428032345013477
0.82699826295298
0.18560910452231208
0.11695669362084457
0.4574490566037736
0.38723929320155737
0.6357203953279424
0.11479125486672656
0.4778292902066487
0.7079403414195867
0.23962767295597484
0.8633233902365978
0.6736579814315663
0.3483816711590296
0.07742821203953279
0.8440237196765499
0.2900858939802336
0.4654380353399221
0.29759377058999703
0.188793770589997
0.7154520515124289
0.5362079664570231
0.2358123989218329
0.591428331835879
0.06331332734351602
0.6887556753519017
0.943645882000599
0.7145607666966157
0.13737526205450734
0.6583762803234501
0.6759499251272836
0.15076274333632825
0.35658053309374066
0.7129492662473794
0.7878076070679845
0.6464354597184786
0.5358217430368374
0.6337873614854747
0.2713564540281521
0.6965630428271937
0.09542162324049117
0.5407147050014974
0.6075395028451632
0.40551494459418985
0.04655381850853549
0.3730942198262953
0.3393241090146751
0.6816258760107816
0.758418688230009
0.027163102725366876
0.17601389637616052
0.007875890985324948
0.7836099430967356
0.8477953878406709
0.0392251572327044
0.6896752321054208
0.32680587002096434
0.12516322252171308
0.4721082958969751
0.9681768194070081
0.2900216831386643
0.4698891883797544
0.5285630428271938
0.012380233602875112
0.4162669062593591
0.010764420485175202
0.5429098532494759
0.13070595986822403
0.37213249475890986
0.008414495357891584
0.11780341419586703
0.4719242887091944
0.9900410901467506
0.5851236897274633
0.6757357292602576
0.0603874213836478
0.7334224618149147
0.8530324049116502
0.688956933213537
0.10093560946391135
0.31149398023360286
0.8098688230008985
0.38375753219526804
0.8852801437556155
0.29263324348607367
0.9159115902964959
0.992726924228811
0.08187409404013178
0.05091153039832285
0.18000694818808027
0.7062037735849057
0.8965932315064391
0.41684144953578917
0.7870059299191374
0.956709913147649
0.867703144654088
0.5057811320754717
0.2466137166816412
0.15866163522012577
0.6756973944294699
0.8526327643006888
0.6619740041928721
0.6050295297993411
0.8089497454327643
0.941356334231806
0.23647894579215334
0.4190667864630129
0.11665193171608267
0.7061433962264151
0.12050170709793351
0.1879465708295897
0.6837572926025757
0.8193499850254568
0.46539586702605573
0.026076789457921534
0.10922551662174304
0.39276094639113507
0.21581072177298594
0.6763179395028451
0.22097442348008386
0.15817190775681342
0.8148111410601977
0.8746537286612759
0.9522635519616651
0.026048517520215635
0.3361662773285415
0.009780173704702006
0.11204887690925427
0.26687654986522913
0.32800575022461814
0.8057583707696915
0.7209919137466307
0.7596938005390835
0.2721916741539383
0.10273111710092842
0.4799506439053609
0.21953542976939203
0.1364418089248278
0.6045081761006289
0.6247182988918838
0.19140437256663673
0.7356794249775381
0.053591614255765196
0.814648697214735
0.702794369571728
0.601093501048218
0.02305265049415993
0.7571680143755616
0.4316348607367475
0.05464630128781072
0.9630083258460617
0.8280960766696616
0.2278545672356993
0.13603881401617252
0.053082719377059
0.3332144953578916
0.9854088050314466
0.7545995807127882
0.7688927223719677
0.4914324049116502
0.5186247379454927
0.8477182389937107
0.4587045223120695
0.42207032045522613
0.07922467804731956
0.7366962563641809
0.6183805929919137
0.6255837076969153
0.6858872716382151
0.0022775681341719077
0.6090393530997305
0.78281928721174
0.5488531895777179
0.7255499251272837
0.6488840970350405
0.63136316262354
0.24279412997903563
0.9629747828691225
0.45858472596585803
0.7874017370470201
0.8327446540880503
0.5488675651392633
0.28171452530697816
0.28073986223420183
0.06037160826594789
0.05328637316561845
0.271332015573525
0.9551923330338424
0.06732650494159928
0.8275522012578617
0.9988830188679245
0.27409404013177596
0.8301551362683438
0.25509817310572025
0.10022497753818509
0.3250587601078167
0.9751882599580712
0.829421503444145
0.9936680443246481
0.37058760107816713
0.6526859538784067
0.41717017070979334
0.6249626834381551
0.6379423779574723
0.6580523510032944
0.049311051212938
0.4000148547469302
0.2515172207247679
0.40948882899071576
0.29672596585804134
0.1095748427672956
0.7871190176699611
0.6067047619047619
0.3384491165019467
0.037622282120395326
0.18944258760107816
0.8158658280922432
0.09872848158131177
0.6118100029949086
0.43289895178197063
0.8926437855645403
0.46977562144354595
0.6383401018268943
0.6732564240790656
0.2792836178496556
0.6464301886792453
0.6760615753219527
0.4247173405211141
0.23039233303384246
0.9568627732854148
0.3945152440850554
0.5934112009583707
0.3725148846960168
0.07974699011680143
0.9977521413596885
0.9377816112608566
0.7339974842767295
0.6011131476489967
0.49397927523210544
0.5309733453129679
0.18566900269541778
0.973362563641809
0.10206169511829889
0.5063796346211441
0.06858053309374064
0.6839528002395927
0.9374754117999401
0.7601681940700808
0.9993545372866127
0.998207367475292
0.6441578915843067
0.7005383647798742
0.7818206648697215
0.9692957172806229
0.6071307577118897
0.6653311769991015
0.3906899071578317
0.3733750224618149
0.7665672356993112
0.6517568134171908
0.8531383048817011
0.13912572626534891
0.17636322252171308
0.9750684636118598
0.5909448337825697
0.8452873315363881
0.8137037436358191
0.24013321353698713
0.24013560946391135
0.29816112608565437
0.09816687631027253
0.727114465408805
0.3325695118298892
0.037937106918239
0.9400764300688829
0.7902255765199161
0.5438893081761006
0.22544378556454028
0.583574483378257
0.3310897873614855
0.17036286313267446
0.5001152440850554
0.2441622042527703
0.4013781371668164
0.026734710991314765
0.0217665169212339
0.6491188978736149
0.5860001197963463
0.7135712488769093
0.776990955375861
0.776410182689428
0.9567032045522612
0.622654447439353
0.5262926624737946
0.1750837975441749
0.964091764001198
0.37168110212638517
0.005354896675651393
0.9523890985324948
0.5345672356993112
0.38654303683737645
0.8928584606169512
0.3156494758909853
0.6234350404312669
0.375151841868823
0.11574914645103325
0.922106498951782
0.3585466307277628
0.40231781970649894
0.49074716981132077
0.2159769991015274
0.8388015573525007
0.5173496256364181
0.880211320754717
0.7683775980832585
0.9501225516621743
0.9524183288409703
0.2970441449535789
0.03660113806528901
0.6502397124887691
0.6882146750524109
0.15996070679844265
0.5976673255465709
0.733949565738245
0.36018161126085657
0.08868571428571428
0.4177140461215933
0.24753135669362084
0.3136158131176999
0.44583216531895775
0.8251500449236299
0.7828159329140462
0.8991233303384247
0.6075165019466906
0.012542677448337826
0.4048972746331237
0.10714633123689728
0.07513770589997006
0.8600390536088649
0.11029985025456723
0.010189398023360288
0.33255849056603776
0.12747337526205452
0.15035926924228812
0.2234522911051213
0.28343192572626535
0.9758107217729859
0.9850077268643307
0.43234213836477986
0.14640503144654088
0.8658683438155136
0.23958358790056902
0.6601224318658281
0.8354659478885894
0.7254109613656784
0.8708954776879305
0.14693884396525905
0.22737825696316263
0.11793375262054508
0.400301407607068
0.3932353399221324
0.472379035639413
0.5170831985624439
0.13654818808026356
0.3935654986522911
0.1388262353998203
0.027857921533393233
0.727307097933513
0.23892279125486673
0.1589299790356394
0.1077318957771788
0.03922419886193471
0.08875902964959569
0.23174603174603176
0.9053632824198862
0.09914297693920335
0.9113636418089248
0.43225684336627734
0.5244132973944294
0.5467289607666966
0.36097466307277626
0.8768335429769392
0.21216747529200358
0.5133316561844864
0.23365271039233304
0.0051320754716981136
0.7425701108116203
0.9235641808924828
0.29356909254267743
0.33572303084755917
0.7255959269242288
0.3053316561844864
0.4291033243486074
0.04724001197963462
0.049684336627732854
0.3984555855046421
0.028285834082060497
0.502539922132375
0.5322460616951183
0.7308286313267446
0.7885508235998802
0.11541227912548667
0.4411193770589997
0.9331153039832285
0.70965438754118
0.5471300389338125
0.3057820904462414
0.2215508834980533
0.8281674752920036
0.4982042527702905
0.37220053908355794
0.3878962563641809
0.05437412398921833
0.2588789457921533
0.9863662174303683
0.08066558849955076
0.7067356693620844
0.9450527702905062
0.9633346510931416
0.29016783468104224
0.5941208745133273
0.6174754117999401
0.6136304282719377
0.23751063192572627
0.037551841868823
0.32450002994908655
0.9580041928721174
0.7407841868823001
0.29358825995807125
0.8251577118897874
0.4216898472596586
0.17994944594189877
0.5815614255765199
0.7880328241988619
0.6492612159329141
0.8858757711889788
0.38507385444743936
0.940181850853549
0.9545899970050914
0.0732669661575322
0.9551420185684336
0.8341596885294998
0.08073123689727463
0.0004188080263551962
0.1532918837975442
0.6815386642707397
0.40905899970050913
0.6056179694519317
0.7171181790955375
0.8056941599281222
0.3628976340221623
0.26783827493261453
0.5830248577418389
0.7884439652590596
0.3079091943695717
0.24455944893680742
0.8980633722671458
0.9412073075771189
0.308175621443546
0.07503132674453429
0.9875378256963162
0.8234465408805032
0.27233063791554357
0.10193566936208445
0.2876511530398323
0.1804942797244684
0.4143453728661276
0.5085139263252471
0.16607702905061394
0.32491117100928424
0.8069826894279725
0.7271465708295897
0.7486236597783767
0.10697669961066188
0.844918358790057
0.3290829589697514
0.47010194669062594
0.49682036537885593
0.9704275531596286
0.08204276729559748
0.24364180892482779
0.7113253069781371
0.093930877508236
0.2167695717280623
0.49987996406109614
0.5256443246480982
0.17555148247978436
0.15997651991614256
0.8743714884696017
0.3455746031746032
0.6083153039832285
0.008889368074273735
0.817407367475292
0.7797927523210542
0.3719211740041929
0.6860003593890386
0.6517285414794849
0.27085091344713985
0.833168253968254
0.2448316262353998
0.6836025157232705
0.2450012578616352
0.6360519916142557
0.6324235998802037
0.38744869721473496
0.7751082359988021
0.14756082659478886
0.81242719377059
0.6654763701707098
0.5152948787061995
0.698852111410602
0.9221659179395029
0.906967115902965
0.6196921233902366
0.3082149146451033
0.45674944594189876
0.960065169212339
0.11350655884995507
0.7006648697214735
0.09393375262054507
0.5099663372267146
0.36158802036537885
0.5960026355196166
0.776282719377059
0.8612518718179095
0.16043941299790357
0.5466350404312669
0.44787397424378556
0.30789577717879607
0.23394309673554955
0.47143216531895776
0.14410542078466607
0.8617938304881702
0.9510713387241689
0.2162899071578317
0.10270140760706799
0.44517280622941
0.8705427972446841
0.6309088948787062
0.4722314465408805
0.7016864929619646
0.02287056004791854
0.13663587900569032
0.7579126684636118
0.4622303683737646
0.14893752620545073
0.7601250673854447
0.1372315064390536
0.08140976340221623
0.05893596885294999
0.6312999101527403
0.3278169511829889
0.6788015573525007
0.1430751722072477
0.8162041329739443
0.697494100029949
0.6645788559448936
0.4106776879305181
0.49642264150943394
0.08093584905660377
0.17510631925726267
0.39234932614555257
0.714653249475891
0.26246229410002997
0.09779598682240191
0.2556343815513627
0.6038607966457024
0.29671925726265347
0.7208783468104223
0.3616100628930818
0.4145039832285115
0.3251411799940102
0.1070763701707098
0.9981100928421683
0.3892825396825397
0.16027313566936208
0.975120694818808
0.1807070380353399
0.7295592692422881
0.6927084755914945
0.010900988319856244
0.3483414195867026
0.25027469302186284
0.8359221323749626
0.3453599281221923
0.137208505540581
0.4401705899970051
0.3465310572027553
0.6421917939502845
0.6328577418388739
0.7780063492063493
0.5173045822102426
0.2135288409703504
0.2927142258161126
0.0680711590296496
0.3155689727463312
0.3500655286013777
0.31208146151542376
0.7624313866427074
0.36733872416891283
0.23354968553459118
0.7634970949386044
0.5416352201257861
0.756803354297694
0.0829465109314166
0.10812770290506139
0.7099179395028452
0.39888349805330936
0.807571129080563
0.32130961365678345
0.100240790655885
0.12046960167714885
0.2777243486073675
0.7080960766696616
0.1594427073974244
0.03792991913746631
0.8414217430368374
0.0649267445342917
0.4031793950284516
0.40467684935609466
0.3326763701707098
0.15303887391434562
0.49636897274633124
0.169665169212339
0.44521209943096735
0.5173855645402815
0.09827133872416892
0.9117148846960168
0.27797640011979635
0.03688146151542378
0.27292626534890685
0.3241957472297095
0.09846924228811021
0.4719386642707397
0.7778161126085654
0.9482034141958671
0.7490429469901168
0.22845642407906558
0.359602276130578
0.9863652590595987
0.3246543276430069
0.14945312967954477
0.049653668763102725
0.848571668164121
0.9234012578616352
0.8274501347708895
0.13046109613656784
0.9412370170709793
0.11083078766097634
0.9400553459119497
0.5258757711889788
0.46956094639113505
0.4404034740940401
0.10724408505540581
0.3459752021563342
0.26084648098233004
0.01719844264749925
0.40955447738843964
0.6999988020365379
0.5283862234201857
0.5840948787061995
0.501847020065888
0.34655262054507335
0.7249782569631626
0.6784565438754118
0.5296445642407906
0.1478291704103025
0.1448869721473495
0.0055710092842168315
0.44830332434860737
0.5402944594189877
0.34011668164120995
0.37181910751722075
0.5855918538484576
0.3670291704103025
0.29795124288709196
0.8120213237496257
0.43608936807427373
0.585665169212339
0.4851224917640012
0.23300820604971548
0.9485378855944894
0.7469086552860138
0.8368690026954178
0.28802012578616354
0.460722371967655
0.014262952979934112
0.47019347109913145
0.0488764300688829
0.6116408505540581
0.5856512728361785
0.5368452830188679
0.016468643306379156
0.731367714884696
0.2377224318658281
0.39089451931716085
0.4686605570530099
0.022109134471398624
0.7293642407906559
0.3111058400718778
0.4324494758909853
0.4715347109913148
0.647993770589997
0.7449775381850854
0.7407803533992213
0.26085079365079367
0.24792333033842467
0.17100592991913746
0.3781213536987122
0.9239556753519018
0.7214639113507038
0.26856615753219526
0.23175849056603773
0.2930199460916442
0.29022773285414794
0.10050002994908655
0.031163821503444145
0.7818038933812519
0.21841844863731658
0.9667526804432465
0.3251215333932315
0.9244367774782869
0.13626930218628333
0.5293771787960467
0.014042527702905061
0.2984380952380952
0.945640251572327
0.27808757112908056
0.7036324648098233
0.09086313267445342
0.10948667265648397
0.01676094639113507
0.5246126385145253
0.7502576819407009
0.9845788559448937
0.44546031746031745
0.7593339323150644
0.1501623240491165
0.027838754117999402
0.2507883797544175
0.02900796645702306
0.07491728062294101
0.7789987421383647
0.49397975441749026
0.6287851452530698
0.6646646301287811
0.6488850554058101
0.6194697813716682
0.014900269541778977
0.11565474693021863
0.3875004492362983
0.7773215932914046
0.8628806229410003
0.13010218628331835
0.6558734950584008
0.21371332734351603
0.6855360287511231
0.8297262653489068
0.6398504941599281
0.3578772087451333
0.1495748427672956
0.2653905959868224
0.41541826894279726
0.10035531596286314
0.6557637616052711
0.9664584606169512
0.38977993411200956
0.9796672057502246
0.6043735250074873
0.9858846361185983
0.19225013477088948
0.18567762803234503
0.5408642108415693
0.09397783767595089
0.7051016471997604
0.23677987421383648
0.14639592692422881
0.350952979934112
0.15664761904761904
0.05809547768793052
0.10697286612758311
0.6233392033542977
0.9762280922431866
0.7742687032045522
0.06278143156633723
0.3612698412698413
0.16931967654986524
0.8229879604672058
0.2427893381251872
0.517380772686433
0.29469709493860435
0.8922671458520515
0.09815441749026654
0.872686672656484
0.2410106019766397
0.34820053908355797
0.5257138065289009
0.6671022461814915
0.09863216531895777
0.27488852949985026
0.009236298292902066
0.45933369272237196
0.9449746630727763
0.4306031746031746
0.8414222222222222
0.9517062593590896
0.27671182988918835
0.7391046421084156
0.26318203054806827
0.3628808625336927
0.39359185384845763
0.1065717879604672
0.6496977538185086
0.6544603773584906
0.08424366576819407
0.1158272536687631
0.4413623240491165
0.7026348008385744
0.38536040730757715
0.3671451332734352
0.461384126984127
0.06843486073674752
0.17993123689727464
0.444299730458221
0.286176220425277
0.06278574423480084
0.014311829889188379
0.2294732554657083
0.3248910452231207
0.8452111410601977
0.9990794848757113
0.9222909853249476
0.3726394728960767
0.1265317759808326
0.476017011081162
0.5932204851752022
0.9388377358490566
0.7647027253668763
0.7804636118598383
0.13625492662473795
0.6644140161725067
0.4422588799041629
0.6471206948188081
0.6056126984126984
0.7050666666666666
0.09528409703504043
0.09862066486972147
0.5480649296196466
0.5344948787061995
0.7053527403414196
0.24815429769392033
0.10257825696316263
0.9672955974842767
0.7187867026055705
0.6823849056603773
0.11254387541179994
0.8373146451033243
0.4437045822102426
0.6988458820005989
0.9351101527403414
0.41379622641509434
0.16484743935309973
0.21502917041030248
0.1294806828391734
0.8061987421383647
0.4622203054806828
0.9758207846660677
0.863919017669961
0.37711985624438454
0.26564216831386644
0.102592632524708
0.13719940101826894
0.6328222821203954
0.40491260856543876
0.2911381850853549
0.32470272536687633
0.81742893081761
0.3901215932914046
0.05739251272836179
0.17934615154237796
0.21733165618448638
0.9392086253369272
0.2277275831087152
0.8782691823899371
0.3128936807427373
0.6280903264450435
0.628408505540581
0.11506630727762804
0.37577957472297097
0.031209344115004492
0.8216309074573226
0.4441967056004792
0.5172298292902067
0.5458132374962563
0.9439880203653789
0.8672723569931117
0.8355234501347709
0.9720601377657981
0.7311434561245882
0.762376759508835
0.326077029050614
0.09950619946091645
0.47000467205750224
0.7472282719377059
0.5380077867625037
0.08247930518119197
0.3990708595387841
0.5831336328241988
0.7504757112908056
0.036018927822701406
0.0005616052710392333
0.6930923030847559
0.49731344713986225
0.772703683737646
0.591555795148248
0.3612827792752321
0.9351321952680444
0.21574794848757112
0.09603833483078766
0.5190924228811021
0.2977667565139263
0.6891572327044025
0.6654778077268644
0.9140058700209643
0.2580240790655885
0.3788262353998203
0.37180041928721175
0.21354609164420485
0.5911446540880503
0.7612760706798443
0.8272402515723271
0.028419047619047618
0.6297492662473795
0.6323325546570829
0.23139239293201558
0.4324437256663672
0.9457432764300688
0.05558933812518718
0.24431410601976639
0.2660681641209943
0.6601037436358191
0.21415417789757413
0.7801118897873615
0.166219826295298
0.5385277029050614
0.038772327044025154
0.6514659478885894
0.3684672057502246
0.9212377358490565
0.3480505540581012
0.23121317759808327
0.6452427672955975
0.40706750524109014
0.27502557651991616
0.7905432764300688
0.07319748427672956
0.18529619646600778
0.262754117999401
0.8760534291704103
0.7443402216232405
0.49054926624737943
0.8453146451033243
0.9760196466007787
0.8463511230907458
0.6734279724468404
0.891628870919437
0.752509853249476
0.09406121593291404
0.27519664570230606
0.21151530398322851
0.7143111111111111
0.829943336328242
0.18434597184785864
0.8389050613956275
0.4047779574722971
0.48109589697514227
0.4349493860437257
0.14856567834681042
0.6470440251572327
0.5044231206948188
0.15943072776280323
0.25675232105420787
0.3485647199760407
0.5856368972746331
0.1508312668463612
0.5990919436957173
0.41854591194968555
0.23244899670560049
0.3818216232404912
0.4329099730458221
0.5172116202455825
0.8843145852051513
0.12091668164120994
0.26449979035639415
0.18790967355495658
0.08159760407307577
0.4899560347409404
0.9762975741239892
0.9263971248876909
0.6272737945492662
0.14148092243186583
0.525968253968254
0.6179435759209344
0.6037663971248877
0.14195675351901768
0.47171344713986224
0.12947732854147948
0.23950212638514526
0.7891397424378557
0.9287652590595987
0.7540355795148248
0.6060650494159928
0.8278330038933812
0.5267397424378556
0.09935381850853549
0.750894040131776
0.5025188379754417
0.22597951482479783
0.9052976340221623
0.6733814914645103
0.1582294100029949
0.42502593590895477
0.08238586403114705
0.16496292303084756
0.36381096136567836
0.3818690625935909
0.7941587301587302
0.6063290805630428
0.4892511530398323
0.35990416292303085
0.9365103324348607
0.2730316861335729
0.3551429769392034
0.8271803533992214
0.6111233303384247
0.9462627133872417
0.1547174603174603
0.12728553459119496
0.582020964360587
0.4964082659478886
0.05735657382449835
0.5420310272536688
0.1107100329439952
0.8735899371069182
0.060615034441449535
0.14711997604073077
0.02246564839772387
0.3615113507038035
0.4096939203354298
0.7393327343516023
0.4407446540880503
0.6853165618448638
0.5310480982330039
0.9766837975441749
0.24815573525007487
0.6089928721174004
0.8661577717879605
0.16969056603773586
0.9600349805330938
0.6778551662174304
0.777935429769392
0.3213369272237197
0.3812250374363582
0.6861608864929619
0.4872218029350105
0.978491764001198
0.10254615154237796
0.9499605870020964
0.6474235399820305
0.7743837076969152
0.6468221623240491
0.037652949985025455
0.4102502545672357
0.17518825995807127
0.7402498951781971
0.4423825097334531
0.06989350104821802
0.4646933812518718
0.44134842767295596
0.9904095837076969
0.8656781072177299
0.4002233003893381
0.7303494459418988
0.6730853548966756
0.9729097334531297
0.5174919436957173
0.43715220125786164
0.2734365977837676
0.7760493560946391
0.7893141659179395
0.35717568134171906
0.0728136567834681
0.4171423779574723
0.07643629829290206
0.9447101527403414
0.4576541479484876
0.3132554657082959
0.6607511230907457
0.008455226115603474
0.6795514824797844
0.07024378556454028
0.27521197963462113
0.09115399820305481
0.9592491165019467
0.18020868523510034
0.8132269541778976
0.2886387541179994
0.4000158131176999
0.6243656184486374
0.17724109014675052
0.1302123989218329
0.7820942797244684
0.0379696915244085
0.4851028451632225
0.893011320754717
0.7394937406409104
0.2439925726265349
0.4737859239293202
0.1640922431865828
0.3584316262353998
0.6998564839772387
0.40423408206049716
0.8449542976939204
0.46500437256663674
0.3050609164420485
0.6092775082359988
0.507277628032345
0.6143012878107218
0.6726325247079964
0.17866618748128182
0.7013256663671757
0.22657130877508236
0.33511877807726864
0.46300760706798444
0.8103350703803534
0.94730877508236
0.028540281521413597
0.10291847858640311
0.844066846361186
0.2623947289607667
0.7014272536687631
0.464708235998802
0.15841341719077567
0.7006466606768493
0.5198054507337526
0.9412475591494459
0.1413750224618149
0.6850098831985625
0.12690649895178197
0.13922635519616652
0.9773997005091345
0.44350763701707097
0.3636777478286912
0.9659375861036238
0.40336723569931116
0.8863578316861336
0.3824785864031147
0.387426654687032
0.7805024258760108
0.8479051212938006
0.8643752021563342
0.46305265049415995
0.26579742437855647
0.928034022162324
0.9941587301587301
0.0827759209344115
0.2900216831386643
0.22244983528002396
0.34710703803533993
0.469828331835879
0.3699268044324648
0.04344534291704103
0.009413117699910153
0.5366449835280024
0.007864869721473496
0.986047079964061
0.9731565139263253
0.677812518718179
0.2303247678945792
0.31268140161725066
0.18823743635819107
0.3151329140461216
0.5432002395926924
0.6000570230607967
0.9537681940700808
0.9431599880203654
0.5078296495956873
0.2396377358490566
0.3110473794549266
0.213346750524109
0.6742181491464511
0.9524116202455825
0.4799578316861336
0.16965175202156335
0.1061989817310572
0.48430116801437556
0.24372997903563942
0.7567789158430668
0.9580602575621443
0.15854183887391435
0.459861755016472
0.1589707097933513
0.8310200658879904
0.6115819107517221
0.7055520814615154
0.6887264450434262
0.7779282419886193
0.4313981431566337
0.8965290206648697
0.6488213237496256
0.23647654986522912
0.12413584905660377
0.07498676250374364
0.49425480682839174
0.438623779574723
0.2924616951182989
0.23972111410601976
0.7616977538185086
0.5978580413297394
0.37785923929320153
0.3354153938304882
0.03801808924827793
0.6762225816112608
0.7616507936507937
0.8057636418089248
0.25182869122491763
0.7067481281820904
0.7212204851752022
0.9243073974243785
0.7292545073375262
0.27849200359389037
0.3672620545073375
0.8099742437855645
0.006059299191374663
0.458678167115903
0.7269117699910153
0.5117489068583408
0.500035699311171
0.02715926924228811
0.04504534291704103
0.3290786463012878
0.6652410901467505
0.1366176699610662
0.2584093441150045
0.5257799341120096
0.8470310871518418
0.9868156933213537
0.2843193770589997
0.6129935908954777
0.9767029649595688
0.3222909853249476
0.4478107217729859
0.06357879604672058
0.6812166516921234
0.7334224618149147
0.7663482479784367
0.78182545672357
0.5959710092842169
0.34905828092243185
0.43161090146750525
0.7876259958071279
0.09611117100928422
0.5982068882899072
0.7402503743635819
0.07006409104522313
0.5999798742138365
0.6207956873315363
0.3370599580712788
0.9118107217729859
0.7601365678346811
0.9438466606768493
0.35514010182689426
0.692796645702306
0.26433063791554356
0.43587804731955676
0.6598598382749327
0.6287281221922731
0.09391027253668763
0.8760352201257862
0.9507148247978436
0.8106163522012578
0.09920479185384845
0.754867445342917
0.7773905959868224
0.3066024558250973
0.9049200359389039
0.834653249475891
0.16589589697514226
0.38137454327643006
0.028594908655286015
0.7473092542677449
0.30798394728960765
0.3397750224618149
0.9988557053009883
0.6974864330637915
0.9374375561545373
0.9660367774782869
0.1769622042527703
0.026371967654986523
0.6492228811021263
0.1561003893381252
0.415229469901168
0.2454713387241689
0.8780530697813717
0.6509374064091045
0.11873207547169812
0.2495171009284217
0.41685007487271636
0.14259119496855346
0.4100983528002396
0.6306002994908655
0.8073967056004792
0.9643222521713087
0.14087187780772686
0.09945780173704702
0.18529619646600778
0.8174155136268344
0.8235625037436358
0.07968852949985025
0.2546280922431866
0.0853548966756514
0.9352821802935011
0.25811033243486076
0.5177463911350704
0.8441262653489069
0.07845223120694819
0.9241981431566337
0.18917999401018268
0.6241911949685535
0.278984126984127
0.14446049715483678
0.14343935309973047
0.17994082060497155
0.7289425576519916
0.3305080563042827
0.8297550164719976
0.2832646900269542
0.3370355196166517
0.0012707996406109614
0.1085402815214136
0.27676885294998504
0.477884396525906
0.6510404312668464
0.976835699311171
0.21458592392932016
0.0719664570230608
0.38966301287810723
0.2222054507337526
0.47032812219227316
0.33322455825097336
0.1648364180892483
0.8117716681641209
0.8323862234201856
0.011885714285714286
0.7479489667565139
0.2642554058101228
0.0008687631027253669
0.6536548667265648
0.07830895477687931
0.11355926924228811
0.4746355196166517
0.09086888289907158
0.5178690625935909
0.28151326744534294
0.10190452231206948
0.1109884396525906
0.0994659478885894
0.43772626534890685
0.9749711889787361
0.24314106019766396
0.6438933812518718
0.8525517819706498
0.9924370170709793
0.583543336328242
0.5266376759508835
0.9743808325846062
0.6340863731656184
0.394146750524109
0.6846255765199162
0.8690386343216532
0.2895693321353699
0.7224500748727164
0.5047216531895777
0.8453084156933214
0.3807568733153639
0.4229338125187182
0.05338652291105121
0.9253376460017969
0.33345360886492964
0.783586942198263
0.09737478286912249
0.16589062593590895
0.26138796046720575
0.46601545372866127
0.1311329140461216
0.03070859538784067
0.09536507936507936
0.28008337825696317
0.22025995807127882
0.3910761305780174
0.23560826594788858
0.5948329439952081
0.022045402815214134
0.9336011979634621
0.3917858041329739
0.8552136567834681
0.609034561245882
0.7080414495357892
0.26144785864031145
0.3550979335130279
0.5468966756513927
0.3704409703504043
0.542138843965259
0.31195016471997605
0.21128721174004192
0.08895741239892184
0.6882362383947289
0.9606636717580114
0.3629340521114106
0.8930060497154837
0.6209039832285115
0.2977298592392932
0.49658796046720577
0.5351015274034142
0.5464318658280922
0.8057947888589398
0.14487930518119196
0.9329121293800539
0.861359209344115
0.11989170410302485
0.28222246181491467
0.42079520814615157
0.36396909254267745
0.010809463911350703
0.2521622042527703
0.6784805031446541
0.5409533393231506
0.0078097634022162325
0.542362623539982
0.3139196166516921
0.2968218029350105
0.3900626534890686
0.43243366277328543
0.8122336028751123
0.01620125786163522
0.756501467505241
0.8708461215932914
0.35852842168313864
0.3658336028751123
0.6896043126684636
0.5413889188379755
0.8375130278526505
0.3818551662174304
0.23377490266546871
0.4061005091344714
0.8358665468703205
0.039212698412698414
0.3762477388439653
0.5899581910751722
0.8466448637316561
0.3604168912848158
0.16038286912249175
0.723339922132375
0.5087803533992213
0.15590056903264451
0.49102365977837675
0.147470260557053
0.6743873015873015
0.27318167115902964
0.8346580413297394
0.4329396825396825
0.6075471698113207
0.7483831087151842
0.38507912548667267
0.11890410302485774
0.7463930518119197
0.780548427672956
0.39036166516921234
0.590847079964061
0.6462878706199461
0.27556945193171606
0.3686584007187781
0.4031482479784367
0.997924648098233
0.9900616951182989
0.12015238095238095
0.3246926624737945
0.6818434261755016
0.8438401916741539
0.3588897274633124
0.8261740640910452
0.497503683737646
0.8996283917340521
0.3723442946990117
0.23363306379155435
0.6068839772386942
0.37541587301587304
0.37529991015274033
0.1606732554657083
0.06865576519916143
0.26577442348008384
0.9273027852650494
0.5902040131775981
0.526747888589398
0.11104737945492663
0.23035112309074574
0.7758538484576221
0.922156334231806
0.09681413596885295
0.4088179694519317
0.8890014974543277
0.8059236897274633
0.8744587002096436
0.35915855046421086
0.022488649296196466
0.6654725366876311
0.18754788858939803
0.40429445941898773
0.21698568433662774
0.8621623240491165
0.5420933213536987
0.6227531596286313
0.1015360287511231
0.4421457921533393
0.705105959868224
0.8401777777777778
0.9287772386942198
0.3346194669062594
0.23890841569332136
0.5291883797544175
0.3792167714884696
0.35695573525007485
0.5386192273135669
0.33620700808625337
0.7134825995807128
0.11279257262653489
0.4167729260257562
0.7027991614255765
0.44775609463911353
0.6194731356693621
0.7024019167415394
0.6608268343815513
0.3940557053009883
0.7833334531296795
0.025948846960167714
0.6680371368673256
0.685188140161725
0.30500964360587
0.750856663671758
0.26781527403414196
0.3450690625935909
0.9336625336927223
0.9599674153938305
0.7019380652890087
0.017718358790056902
0.13597604073075772
0.6335621443545972
0.9304064690026954
0.16408361784965558
0.7216828990715783
0.9405939502845163
0.14966876310272537
0.7216996705600479
0.3263635819107517
0.49022773285414795
0.09663635819107518
0.5952052710392333
0.43117340521114106
0.18011188978736148
0.13866235399820306
0.9105001497454328
0.08776615753219527
0.32168098233003894
0.6935216531895777
0.3057916741539383
0.2563162623539982
0.2708863731656184
0.7821163222521713
0.8227876609763403
0.47679233303384244
0.3332638514525307
0.7251244085055406
0.623499730458221
0.2375714884696017
0.6042072476789458
0.28175669362084454
0.9478579215333932
0.8258510931416592
0.9124489967056005
0.8167686133572926
0.600624378556454
0.08775417789757413
0.06112440850554058
0.04841928721174004
0.49041940700808623
0.02721485474693022
0.21199736448038334
0.5473073375262054
0.7621328541479485
0.9294485774183887
0.10258209044624139
0.9550984126984127
0.08279412997903564
0.708939922132375
0.9875282419886193
0.48906618748128183
0.7881923929320156
0.11354106019766397
0.45704222821203955
0.986296256364181
0.847984666067685
0.7277009883198562
0.5200833782569632
0.807108235998802
0.2516140161725067
0.18884791853848457
0.6192517520215634
0.7366310871518419
0.16623755615453728
0.03216627732854148
0.6895252470799641
0.7758298891883798
0.9875435759209344
0.8772389338125187
0.06864091045223121
0.07275855046421084
0.7294040131775981
0.24558490566037736
0.09413788559448936
0.5960352201257861
0.24625720275531596
0.33721904761904764
0.17849991015274033
0.002229170410302486
0.9633020664869721
0.33280143755615454
0.4851057202755316
0.4168261156034741
0.13628128182090446
0.27241689128481583
0.29236010781671157
0.8100044324648098
0.6326737346510931
0.4002621144055106
0.27742150344414496
0.09919856244384546
0.8453031446540881
0.38813776579814313
0.32463755615453727
0.761724109014675
0.6598799640610962
0.6005069781371668
0.2768943995208146
0.21720658879904162
0.924445882000599
0.19049200359389037
0.693088948787062
0.9836099430967356
0.2782658280922432
0.5182054507337526
0.3057289008685235
0.34505181191973644
0.885940461215933
0.2284722371967655
0.8984960766696616
0.1759664570230608
0.6532729559748428
0.28014375561545374
0.31467241689128483
0.7751000898472596
0.029938065289008685
0.02809655585504642
0.7375199760407307
0.9572542677448338
0.36617622042527703
0.9027124288709194
0.3400711590296496
0.8926811620245583
0.3562336028751123
0.7741283018867925
0.04906954177897574
0.076793770589997
0.8583000898472597
0.9377063791554358
0.3836362982929021
0.33303815513626833
0.44845905959868226
0.5128692422881103
0.8516882899071578
0.3360996705600479
0.4504682839173405
0.1077141659179395
0.288276489967056
0.2685838873914346
0.5152392932015574
0.011264210841569332
0.807039712488769
0.06074106019766397
0.543742198262953
0.30823839472896075
0.06188056304282719
0.8965774183887392
0.15920023959269242
0.13985648397723868
0.6927492063492063
0.09899826295297993
0.5139589098532494
0.12857598083258462
0.6469678346810422
0.9787327942497753
0.9672682839173405
0.13621323749625636
0.1916219227313567
0.8857612458820006
0.24949170410302485
0.03969811320754717
0.06819430967355496
0.9362908655286014
0.5385214734950584
0.3740765498652291
0.3776828990715783
0.2967695717280623
0.4138168313866427
0.32372949985025457
0.7882978137166816
0.2522010182689428
0.04841928721174004
0.8046964959568733
0.2560143755615454
0.14075160227613057
0.5270996106618748
0.053248038334830786
0.9050312069481881
0.929351302785265
0.29595543575920935
0.5296977538185086
0.9162340820604972
0.25231602276130577
0.08109925127283618
0.33190727762803235
0.48529595687331534
0.3653141659179395
0.5385109314165918
0.4722314465408805
0.17426822401916742
0.37620796645702304
0.111704821802935
0.6148111410601976
0.592845283018868
0.48073027852650496
0.28178209044624136
0.2714542078466607
0.45658077268643305
0.24689499850254568
0.809584666067685
0.037523090745732256
0.03138855944893681
0.86062893081761
0.14092938005390834
0.11445534591194968
0.5917211141060198
0.4172626534890686
0.27247583108715184
0.2770860736747529
0.7638560047918539
0.8811634621144055
0.04669901168014375
0.4684995507637017
0.7778271338724169
0.5106501347708895
0.2503101527403414
0.09847690925426775
0.2800766696615753
0.027868942797244684
0.9390255765199161
0.36370122791254866
0.11814219826295298
0.2919250074872716
0.06828056304282719
0.9528495956873315
0.9849732255166217
0.6489229110512129
0.3816198861934711
0.507352380952381
0.38779418987720876
0.9136019167415393
0.2581486672656484
0.35795435759209343
0.25597747828691225
0.26783587900569034
0.9897741838873915
0.012936567834681043
0.834087810721773
0.9197915543575921
0.9925740640910452
0.2164240790655885
0.3743942497753818
0.7807247678945792
0.6737897574123989
0.6532609763402216
0.5372703204552262
0.7093443545971848
0.7243289607666966
0.9537542976939203
0.8478979335130279
0.9262480982330039
0.034128541479484874
0.06910907457322552
0.8397153638814017
0.5285644803833484
0.16003498053309373
0.6387210542078466
0.28343192572626535
0.7341311769991016
0.7604662473794549
0.2621086552860138
0.5479839472896076
0.967307097933513
0.6470454627133873
0.07973453129679545
0.43906558849955074
0.5361015873015873
0.24263168613357292
0.41723533992213235
0.5182188679245283
0.9796686433063791
0.8074800838574423
0.9610705001497455
0.2789783767595088
0.5346994908655286
0.6871015274034142
0.7057006289308176
0.8489828092243187
0.9851471698113208
0.010286193471099131
0.8169310572027553
0.28239544773884395
0.34803809523809526
0.7579083557951483
0.017446660676849357
0.8620535489667566
0.04613165618448637
0.9611404612159329
0.7780672057502246
0.5097665169212339
0.3463595088349805
0.02904198861934711
0.3687427373465109
0.5478497753818509
0.18979239293201558
0.47865492662473796
0.758241389637616
0.1755653788559449
0.7104828990715784
0.6687405810122792
0.3456081461515424
0.8799817909553759
0.9280632524707997
0.3480615753219527
0.16385217130877508
0.7655877807726864
0.4182871518418688
0.6224321054207846
0.17079748427672956
0.6008146151542378
0.3892973944294699
0.18938604372566636
0.6003699311171009
0.18791015274034142
0.4977830488170111
0.9035543575920935
0.25808493560946394
0.728823240491165
0.2815640610961366
0.9516914046121593
0.8769471099131476
0.017200359389038633
0.19223384246780473
0.9326116801437556
0.11389517819706499
0.24585612458820005
0.85685438754118
0.025016352201257863
0.36680155735250075
0.2713622042527703
0.049864031147050014
0.8813302186283318
0.3667718478586403
0.24325750224618148
0.6476176100628931
0.41005522611560347
0.9279952081461516
0.7281725067385445
0.19148200059898174
0.1055204552261156
0.25590607966457024
0.7149278227014076
0.01617298592392932
0.9999367475292004
0.016156693620844563
0.7782296495956873
0.37851476489967056
0.5858429469901169
0.8660533093740641
0.370653249475891
0.4278809224318658
0.886900269541779
0.5267550763701707
0.3571718478586403
0.09865708295896976
0.21427205750224618
0.783913267445343
0.4429790955375861
0.9634242587601078
0.21158334830787662
0.8364008385744235
0.9308161725067385
0.6042268942797244
0.7849171608265948
0.21957088948787062
0.17514705001497455
0.9630313267445343
0.3709666367175801
0.3500899670560048
0.05713519017669961
0.583136507936508
0.12183000898472597
0.7009892782270141
0.3229033842467805
0.4564322252171309
0.38414615154237797
0.7117594489368074
0.6435723270440251
0.11888972746331238
0.8259186582809225
0.3716609763402216
0.8409037436358191
0.285191494459419
0.8664059898173105
0.43599544773884397
0.6137938304881702
0.3630806828391734
0.42984845762204255
0.4449269841269841
0.33236489967056004
0.4305945492662474
0.03185097334531297
0.31095202156334234
0.15025289008685236
0.2806885893980234
0.15910727762803234
0.3341790955375861
0.9400783468104222
0.07030751722072477
0.0823235699311171
0.22823839472896076
0.6235265648397724
0.9027172207247679
0.7839563941299791
0.32269925127283616
0.9662212638514526
0.31105600479185386
0.4413709493860437
0.24959377058999702
0.8700588200059898
0.31837891584306677
0.6838967355495658
0.029444983528002396
0.3519985624438455
0.7893846061695118
0.8457578915843067
0.42853069781371667
0.5085096136567835
0.9714180293501048
0.7906132374962563
0.1756650494159928
0.10011476489967056
0.3643476489967056
0.5266544474393531
0.04625480682839173
0.3812849356094639
0.32188224019167416
0.6835464510332435
0.657413596885295
0.6340269541778976
0.7836324648098233
0.10947756813417191
0.9773364480383349
0.5269961066187482
0.22212973944294698
0.11152800239592692
0.38772327044025157
0.5273037436358191
0.13632105420784665
0.3682755315962863
0.31208146151542376
0.8150550464210842
0.40723617849655586
0.7058903863432165
0.7150639113507038
0.5311439353099731
0.41539287211740045
0.1566250973345313
0.913761485474693
0.07109721473495058
0.29752237196765496
0.42299035639412996
0.3273205151242887
0.8937526205450734
0.11153566936208445
0.41929727463312366
0.1501747828691225
0.12044660077867625
0.037968733153638815
0.3216019167415394
0.7271436957172807
0.7687221323749626
0.7431341120095837
0.966427792752321
0.013858999700509134
0.31391482479784366
0.026196585804132973
0.08227181790955376
0.9400821802935011
0.12652650494159928
0.03633279424977538
0.9844494758909853
0.3706149146451033
0.21857035040431266
0.3671379454926625
0.1658796046720575
0.262406229410003
0.7444633722671459
0.9404823000898472
0.11745456723569932
0.8268310272536687
0.4991242887091944
0.7800424079065589
0.6611876609763402
0.27297082958969754
0.008203174603174603
0.6176637316561845
0.028932734351602277
0.9543662174303684
0.3833832884097035
0.11951218927822702
0.2795088349805331
0.9155603474094041
0.2572870919436957
0.8306841569332135
0.3699560347409404
0.9991106319257262
0.3570860736747529
0.010163522012578616
0.9221879604672057
0.37139550763701706
0.5850417490266547
0.39354297693920337
0.2194649895178197
0.08324887690925427
0.2957493860437257
0.12221719077568134
0.5449794549266247
0.33657741838873917
0.9066987720874513
0.14409296196466007
0.7396466007786763
0.42672273135669364
0.4564839772386942
0.2467833483078766
0.4315740041928721
0.5856675651392632
0.29068247978436657
0.6340715184186883
0.9361447139862235
0.4428851752021563
0.8945451931716083
0.17754058101227913
0.29498939802336027
0.48652171308775083
0.5831417789757413
0.7279137466307277
0.4779160227613058
0.9736150943396227
0.2777516621743037
0.044119556753519015
0.6239113507038035
0.21323701707097933
0.8190524109014675
0.037033363282419886
0.735450374363582
0.8323795148247979
0.17647918538484575
0.24192488769092543
0.35695573525007485
0.2928206049715484
0.5870078466606768
0.2730398322851153
0.6465423180592992
0.4905329739442947
0.8657974243785564
0.3798847559149446
0.6971342318059299
0.37312009583707695
0.03265744234800839
0.5834465408805032
0.4328951182988919
0.4287602276130578
0.37043713686732554
0.3664848158131177
0.43161138065289006
0.846679365079365
0.1494890685834082
0.8795452530697814
0.5858415094339623
0.7500779874213837
0.4481183587900569
0.005434441449535789
0.3920594189877209
0.4566071278825996
0.8125628032345014
0.09301515423779574
0.48957651991614254
0.7679928122192273
0.26905732255166215
0.37928577418388737
0.9341455525606469
0.331212458820006
0.4806200658879904
0.022662114405510633
0.15996837376460019
0.6394987720874513
0.2306731356693621
0.9718032943995208
0.6916930817610063
0.9397539383048817
0.6761808924827792
0.06807307577118898
0.5379972446840371
0.47724851752021563
0.2713291404612159
0.11830416292303085
0.10851440551063192
0.5108523510032944
0.3525247079964061
0.48775226115603476
0.5172216831386642
0.3685539383048817
0.21989290206648698
0.5000289907157832
0.693032884097035
0.6243699311171009
0.3672610961365678
0.8285163222521713
0.10890398322851153
0.2508219227313567
0.42170422282120396
0.7038888289907158
0.079608505540581
0.03964779874213836
0.03659107517220725
0.7886313267445343
0.9641209943096736
0.24343911350703804
0.12365810122791254
0.3638785265049416
0.532666307277628
0.717949565738245
0.044986403114705004
0.5819926924228811
0.047648277927523214
0.21859335130278526
0.5384031147050015
0.14508343815513627
0.6912723569931117
0.49939023659778375
0.3177358490566038
0.8287329140461216
0.9718713387241689
0.7045539383048817
0.25248086253369273
0.21170937406409104
0.21683665768194071
0.7301937106918239
0.1221486672656484
0.18869553758610363
0.6580542677448338
0.8926552860137765
0.09566457023060797
0.43487271638215036
0.7885096136567835
0.8516609763402216
0.006814495357891585
0.1888230008984726
0.030353998203054806
0.9974814016172506
0.8268779874213836
0.32469793351302784
0.37206828391734054
0.9382996106618748
0.8236434860736748
0.31122467804731957
0.8214171907756813
0.038012818209044626
0.7131898173105721
0.6847611859838275
0.1794189877208745
0.9220945193171608
0.7006207846660677
0.25612075471698115
0.5901604073075771
0.3372703204552261
0.7183889787361486
0.4966837975441749
0.043542138364779874
0.05079748427672956
0.5979634621144055
0.6797465109314166
0.832400598981731
0.7096347409404014
0.03754705001497454
0.4311259658580413
0.9971775980832585
0.4591779574722971
0.8551930518119197
0.814390895477688
0.6573115303983228
0.7939239293201558
0.2374176699610662
0.37535645402815215
0.7367024857741838
0.4089296196466008
0.9590579215333932
0.913450973345313
0.2389026654687032
0.17815777178796047
0.7557946690625936
0.40127894579215334
0.36674501347708893
0.4320733153638814
0.034149146451033244
0.6610376759508835
0.5827828691224918
0.17952776280323451
0.5987114705001497
0.24378077268643306
0.7289569332135369
0.39051117100928423
0.6189369272237196
0.9642522911051213
0.8257356094639113
0.6644058700209644
0.08366145552560647
0.5384026355196166
0.08099910152740342
0.2395821503444145
0.7031197364480384
0.3558919436957173
0.2899550763701707
0.7605203953279425
0.5295889787361485
0.18565079365079365
0.8864421683138665
0.15597915543575921
0.028300688828990717
0.665245882000599
0.5170894279724468
0.4281037436358191
0.42871374663072775
0.05670248577418389
0.38987816711590295
0.8809914345612458
0.14937502246181492
0.47244324648098235
0.08928948787061995
0.9155545971847858
0.27488996705600477
0.8816982330038934
0.082435699311171
0.6726972147349506
0.03981263851452531
0.37937154836777476
0.7094746930218628
0.4160316262353998
0.31776316262354
0.7597498652291105
0.909181910751722
0.3500123390236598
0.16324648098233005
0.6838100029949087
0.4702993710691824
0.83370877508236
0.7614734950584007
0.30578352800239594
0.39166457023060797
0.9259409404013178
0.09893261455525607
0.08109062593590896
0.011661934710991315
0.06789817310572027
0.2736167714884696
0.4975089547768793
0.030512129380053907
0.15591686133572927
0.07998370769691525
0.18825516621743038
0.9579327942497754
0.6049423180592992
0.3223302785265049
0.45908451632225217
0.010737106918238993
0.7817828092243186
0.3707212938005391
0.1690690625935909
0.437604552261156
0.9673023060796646
0.8981889188379755
0.787407966457023
0.6005055405810122
0.5438116801437556
0.9977377657981431
0.1600910452231207
0.38776495956873314
0.10625456723569932
0.7223374663072776
0.11105887990416292
0.893688409703504
0.990993231506439
0.07943168613357293
0.747930278526505
0.2757410002994909
0.5304002395926924
0.5872091045223121
0.058087810721772985
0.46935010482180295
0.06205594489368074
0.09094651093141659
0.4315538784067086
0.756896316262354
0.8775781970649895
0.31873255465708294
0.03687475292003594
0.8288584606169512
0.9674149146451033
0.2817667565139263
0.04178017370470201
0.9313035040431267
0.7791664570230608
0.7050767295597484
0.7438984126984127
0.11075028451632225
0.9042793650793651
0.8476252770290507
0.4774722970949386
0.38564456424079063
0.3343487271638215
0.4980461215932914
0.538690625935909
0.3578336028751123
0.7248795447738844
0.0572439652590596
0.42257106918238996
0.37503204552261155
0.15773680742737348
0.4441852051512429
0.46600874513327345
0.8468791853848457
0.9786839173405211
0.05100832584606169
0.4572961964660078
0.9444643306379156
0.12422401916741539
0.0115958071278826
0.3389191973644804
0.5279616651692124
0.9313159628631327
0.6510878706199461
0.2519877807726864
0.39046325247079966
0.7651248876909255
0.49168972746331235
0.8239142258161126
0.9242436657681941
0.09918562443845463
0.08932446840371369
0.05568230008984726
0.5928644504342617
0.5298376759508835
0.9850762503743635
0.9121245882000599
0.2889435160227613
0.8586077268643306
0.7227955675351901
0.1751729260257562
0.5265758610362384
0.4238687032045523
0.08082276130578017
0.3179002096436059
0.529534830787661
0.33724636118598383
0.9679861036238395
0.38201281820904465
0.4353787361485475
0.36289284216831386
0.059701227912548664
0.17095226115603473
0.15845175202156334
0.402802276130578
0.010893800539083558
0.7509477088948787
0.029044863731656184
0.9878353998203054
0.6472539083557951
0.4690649895178197
0.6221618448637316
0.35856675651392633
0.017958909853249477
0.2801341719077568
0.3564755914944594
0.16376160527103922
0.09409236298292901
0.5101896376160527
0.030375561545372867
0.7799662174303684
0.16356801437556154
0.3915831087151842
0.28303516022761305
0.3687120694818808
0.2752579814315663
0.3121557352500749
0.22210290506139563
0.8062222222222222
0.29448960766696614
0.8332995507637017
0.5372597783767595
0.11068463611859838
0.11175465708295897
0.9782593590895478
0.5426060497154837
0.9443258460616951
0.17552321054207848
0.5385219526804432
0.16244911650194668
0.7577761006289309
0.26335741239892185
0.00630272536687631
0.11076513926325247
0.32481533393231504
0.7745705899970051
0.27323725666367177
0.09730290506139563
0.8474446241389637
0.29040694818808027
0.11984522312069482
0.891016471997604
0.8852787061994609
0.9383480083857443
0.761500808625337
0.034073435160227615
0.3926818808026355
0.9135803533992213
0.652091764001198
0.1069067385444744
0.9908916442048518
0.4597798143156634
0.3850652291105121
0.10943156633722671
0.27134734950584005
0.10648218029350105
0.34341108116202457
0.3641099730458221
0.841497454327643
0.2666336028751123
0.5242748128182091
0.3083361485474693
0.8922484576220425
0.8962247379454926
0.05511877807726864
0.3351614255765199
0.788088409703504
0.24261395627433363
0.40872596585804133
0.4002333632824199
0.3525266247379455
0.30593255465708297
0.47459095537586105
0.0889895178197065
0.28735405810122794
0.9384251572327044
0.39846037735849055
0.2975238095238095
0.8547181790955376
0.5024143755615453
0.280223779574723
0.0744932015573525
0.32684564240790653
0.12011931716082659
0.6609749026654687
0.9756746331236897
0.9416443246480982
0.5474256963162624
0.4283759209344115
0.22537765798143156
0.8797838873914345
0.25105097334531296
0.9873725067385445
0.9353243486073675
0.23966984126984128
0.37828667265648397
0.37517340521114106
0.6916657681940701
0.8168984725965858
0.36474681042228213
0.9581604073075771
0.4576416891284816
0.5007520814615154
0.9145013477088949
0.23771045223120696
0.8183571129080563
0.08319089547768793
0.7002522911051213
0.23393495058400718
0.3722292902066487
0.8276576220425277
0.26436274333632825
0.649254986522911
0.11850637915543576
0.3334732554657083
0.905034561245882
0.16134938604372567
0.40778484576220425
0.9602918238993711
0.8658645103324348
0.10706151542377958
0.6793717879604672
0.2944670859538784
0.3686713387241689
0.8547143456124588
0.4773769392033543
0.28795351901766997
0.536437975441749
0.5974593590895477
0.6744471997604073
0.31245378855944894
0.7953734651093142
0.006221743036837376
0.14608014375561545
0.2534483378256963
0.5489298592392932
0.03044168912848158
0.2923490865528601
0.4985425576519916
0.059665289008685236
0.09542066486972148
0.8529902365977837
0.7897406409104523
0.6801538185085355
0.5338024558250973
0.11110200658879904
0.8468949985025457
0.7363464510332435
0.6267663372267146
0.45898244983528
0.32677663971248877
0.9682209044624139
0.6657174004192872
0.4482822401916742
0.48508319856244386
0.9551568733153639
0.5369962264150944
0.9981992213237496
0.5945243486073675
0.4600088649296196
0.16608613357292604
0.08749925127283618
0.6502248577418389
0.4411562743336328
0.2962659478885894
0.5263003294399521
0.7807180592991914
0.834060017969452
0.4265904761904762
0.8062284516322252
0.13782665468703204
0.11715363881401618
0.3991662174303684
0.3992903264450434
0.3602472596585804
0.26036825396825397
0.7685874812818209
0.3582409104522312
0.8935662174303683
0.14137646001796944
0.2451833483078766
0.028653848457622044
0.971414195867026
0.7799235699311171
0.8760467205750224
0.5370340820604972
0.2191027253668763
0.4163100329439952
0.9455329140461216
0.46871853848457623
0.9310921832884097
0.9514355196166517
0.5276583408206049
0.30821299790356393
0.3108887690925427
0.638524109014675
0.8618589997005092
0.24628020365378855
0.812014135968853
0.3079288409703504
0.8614133572926026
0.21223408206049715
0.9552004791853849
0.6048795447738844
0.8132240790655885
0.46965007487271637
0.02454722970949386
0.6690683438155136
0.21689511829889188
0.04687008086253369
0.17037148846960168
0.37731248876909257
0.3109548966756514
0.471832285115304
0.04719257262653489
0.7787395028451632
0.24692327044025159
0.00872596585804133
0.008244863731656185
0.21422270140760707
0.6587073974243786
0.683075890985325
0.8235423779574723
0.8305772985923929
0.09398646301287811
0.1745499850254567
0.7034446241389638
0.46757041030248575
0.5076269541778976
0.8452700808625337
0.03636489967056005
0.7200522312069482
0.29855309973045824
0.6192848158131177
0.7015762803234501
0.2691239293201557
0.9995299191374664
0.3932367774782869
0.49933848457622043
0.8414893081761007
0.10819287211740042
0.5425734651093141
0.8730374363581911
0.4023202156334232
0.7839199760407307
0.04336771488469602
0.27972590595986824
0.5468957172806229
0.6657154836777478
0.789381251871818
0.07060461215932914
0.43906127583108717
0.10528325846061695
0.1092168912848158
0.11280982330038934
0.36954393530997304
0.3922558849955076
0.09966816412099432
0.8576177298592393
0.834994908655286
0.6501783767595088
0.7178244983528003
0.956265708295897
0.11638071278825995
0.590322371967655
0.32658831985624437
0.9995284815813118
0.17942042527702906
0.603601078167116
0.3106036537885595
0.6916571428571429
0.31208817011081164
0.15952081461515424
0.8831444144953579
0.06508918837975441
0.4071432165318958
0.26213836477987423
0.7605160826594789
0.21624869721473494
0.6838746930218629
0.6272843366277329
0.26008265947888587
0.9774169511829889
0.8863659778376759
0.1882637915543576
0.15801808924827793
0.2735228511530398
0.021780892482779275
0.5253199161425577
0.5951017669961066
0.7603129080563042
0.7437096136567835
0.6646943396226415
0.6336220425277029
0.07402216232404912
0.7211097933513028
0.7461649595687332
0.04427672955974843
0.12502138364779875
0.2907634621144055
0.5439650194669062
0.5023904162923031
0.1641047020065888
0.7042237795747229
0.2819488469601677
0.86266403114705
0.5195787960467205
0.15744306678646303
0.22633459119496854
0.3243529200359389
0.4291426175501647
0.15814507337526204
0.7314889487870619
0.8923102725366876
0.3898882300089847
0.7047657382449836
0.8760213237496256
0.8919173405211142
0.28976388140161724
0.10194573225516622
0.3553202755315963
0.9557726265348907
0.06412027553159629
0.43221419586702603
0.31781826894279724
0.3447623839472896
0.07406672656483977
0.8157738244983528
0.07960275531596286
0.6042101227912549
0.3719978436657682
0.002575142258161126
0.7834613956274333
0.5870006588799042
0.4420422881102126
0.1683560347409404
0.042407906558849955
0.9907210542078466
0.45764887690925427
0.3263118298891884
0.8936783468104222
0.1888292303084756
0.14600059898173107
0.9417818508535489
0.29029050613956275
0.40476885294998505
0.2384910452231207
0.9441820904462414
0.3662461814914645
0.941620365378856
0.7280282719377059
0.07993147648996705
0.29348092243186585
0.17848553459119496
0.9540576220425278
0.9784380952380952
0.06798298891883797
0.9243375861036238
0.4865039832285115
0.7026367175801138
0.542763222521713
0.1736083857442348
0.5133316561844864
0.8301306978137167
0.8240637316561845
0.4170134770889488
0.34650757711889785
0.5435529200359389
0.25796178496555855
0.5356727163821503
0.6271554357592093
0.6420437256663671
0.33179610661874814
0.23942545672356993
0.38195483677747827
0.4232932015573525
0.6056721174004193
0.4088241988619347
0.013630428271937707
0.6447238095238095
0.0495319556753519
0.5318564839772387
0.48713554956573824
0.35810817610062895
0.818252171308775
0.8785102126385145
0.9391405810122792
0.9316336627732854
0.7187483677747829
0.28373764600179696
0.9417554956573825
0.619498532494759
0.6473449535789159
0.4998833183587901
0.8523768793051812
0.604880982330039
0.47092422881102125
0.507877568134172
0.3340190476190476
0.2278900269541779
0.05918466606768494
0.364337106918239
0.18900557053009884
0.09976256364180892
0.2925316561844864
0.22847511230907458
0.46595747229709494
0.8457449535789159
0.4564858939802336
0.7817933513027853
0.21826846361185984
0.1730324049116502
0.597526924228811
0.39086864330637916
0.01743947289607667
0.6194074872716382
0.4353792153339323
0.10686217430368374
0.5467605870020964
0.7068885294998503
0.9383139862234202
0.06740652890086853
0.0594261755016472
0.7885086552860138
0.012841689128481581
0.1056345013477089
0.4078452231206948
0.8910509733453129
0.32904366576819405
0.663950164719976
0.09862689427972447
0.8546367175801138
0.2171840670859539
0.7634841569332136
0.7869517819706499
0.10550032943995208
0.9129430368373764
0.4909081761006289
0.9706714585205152
0.2728380952380952
0.4993969451931716
0.9124552261156035
0.5311084755914944
0.2624023959269242
0.08101299790356394
0.956762623539982
0.3910052111410602
0.23746127583108714
0.17547289607666966
0.8240632524707996
0.15891224917640012
0.7675998802036538
0.7011057202755316
0.9551309973045822
0.33118370769691524
0.6305039832285115
0.7143254866726565
0.08702581611260857
0.8574318059299192
0.4351640610961366
0.4481662773285415
0.5265011081162024
0.7207321952680443
0.04864258760107817
0.8155840670859539
0.7499663372267146
0.9271973644803834
0.5261302186283319
0.3248833782569632
0.6126672656483977
0.331187541179994
0.603768313866427
0.6607338724168913
0.2520059898173106
0.7121197963462115
0.7169983827493261
0.6491188978736149
0.41834561245882
0.5998969751422581
0.9907363881401617
0.38118478586403115
0.162146750524109
0.7548636118598383
0.6607683737646002
0.6897974243785564
0.2817528601377658
0.435771668164121
0.21859910152740342
0.06946463012878107
0.16418376759508835
0.9280196466007786
0.9922213836477988
0.161888948787062
0.46035148247978436
0.06754022162324048
0.6060525905959868
0.2784828990715783
0.013094219826295299
0.05221203953279425
0.612666307277628
0.7090415094339623
0.3509548966756514
0.4059716082659479
0.09913674752920036
0.09864654088050315
0.47861707097933515
0.5473121293800539
0.32696591793950286
0.095909913147649
0.8353945492662473
0.08847391434561246
0.6287678945792153
0.3934763701707098
0.2521047020065888
0.33687595088349803
0.09665935908954777
0.16932015573525008
0.5357690326445044
0.18922216232404912
0.026528661275831086
0.277405690326445
0.7883351901766996
0.7286545672356993
0.3347339922132375
0.006188200059898173
0.03961425576519916
0.5846032943995209
0.3330779275232105
0.8603380652890087
0.8614603174603175
0.03151171009284217
0.6620521114106019
0.48585372866127585
0.04464809823300389
0.25190104821802933
0.25978987720874513
0.30859538784067087
0.14693548966756514
0.3322618748128182
0.6497725067385445
0.3733486672656484
0.40920035938903865
0.6623046421084157
0.3912840970350404
0.7435165019466906
0.7337526205450734
0.48857023060796645
0.39193147648996707
0.6273610062893081
0.4697142857142857
0.45646145552560646
0.02534315663372267
0.3310859538784067
0.158213596885295
0.7198567235699311
0.7739586702605571
0.24677424378556453
0.24349517819706498
0.9563064390536089
0.8706012578616352
0.26607487271638214
0.9675342318059299
0.5416960766696616
0.3767489667565139
0.24472189278227013
0.7151319556753519
0.44575118298891886
0.9478962563641808
0.1632210841569332
0.0074604372566636715
0.4072328241988619
0.6074633123689728
0.00042935010482180293
0.9732854147948488
0.25023300389338127
0.5235215333932315
0.33471482479784365
0.962249296196466
0.09944773884396525
0.4942878706199461
0.7854351602276131
0.30818664270739743
0.6489669961066188
0.6010115603474094
0.7513248277927523
0.4437256663671758
0.9436928421683138
0.9399825097334531
0.25916789457921535
0.15105265049415992
0.021346750524109014
0.15744258760107815
0.2574174303683738
0.031084755914944594
0.45676813417190776
0.6611579514824798
0.8580360587002096
0.3824416891284816
0.7328100628930818
0.7153044624138963
0.9695238095238096
0.5344258760107816
0.14329703504043126
0.3351734052111411
0.9645460317460317
0.8058719377058999
0.7599731656184486
0.6013441150044924
0.34438526504941597
0.9789441150044924
0.11191853848457622
0.8200304282719377
0.7660156933213537
0.21991446540880502
0.18451129080563042
0.36368349805330935
0.40027601078167113
0.8751123090745733
0.19193866427073975
0.4257480682839173
0.4445493860437257
0.46986139562743334
0.254657801737047
0.9895940101826894
0.528223779574723
0.945183587900569
0.40697741838873913
0.2816848158131177
0.9906894279724469
0.6187692123390237
0.31394740940401317
0.8159271638215034
0.6788073075771189
0.3723644204851752
0.8151173405211141
0.832205091344714
0.02245558550464211
0.3678092842168314
0.7872364180892483
0.18992081461515423
0.5477146451033243
0.6732535489667565
0.0533769392033543
0.5279932914046122
0.38729775381850856
0.766862893081761
0.7609425576519916
0.18035148247978436
0.3219066786463013
0.7293642407906559
0.23355926924228812
0.8133764600179695
0.5379632225217131
0.8574433063791554
0.049393471099131475
0.4176637316561845
0.97834561245882
0.9868166516921234
0.2424879305181192
0.27709469901168016
0.5435716082659479
0.8134008984725966
0.538963761605271
0.043121413596885295
0.2842867924528302
0.7663372267145852
0.12175381850853549
0.8587486073674753
0.006960167714884696
0.21657981431566337
0.19226451033243486
0.2676681641209943
0.8252890086852351
0.2535360287511231
0.0931109913147649
0.2723958071278826
0.16548235998802036
0.4020705600479185
0.604371129080563
0.05221731057202755
0.1434240191674154
0.5813309374064091
0.6646473794549266
0.31082024558250976
0.2729339323150644
0.21651033243486073
0.7277565738244983
0.9756784666067685
0.5262710991314765
0.26074153938304884
0.19020497154836777
0.21505887990416292
0.18868643306379154
0.3365088948787062
0.5419466906259359
0.11336999101527404
0.30842767295597484
0.2978961365678347
0.6300545073375262
0.3216258760107817
0.052324168912848155
0.02551182988918838
0.9418580413297395
0.7886926624737945
0.6509882000598982
0.3572906858340821
0.9314587601078167
0.7869196765498653
0.15441509433962264
0.8762891883797544
0.06815405810122792
0.959515543575921
0.09806576819407008
0.8105765798143156
0.1892427672955975
0.8097916741539383
0.5821685534591194
0.14066822401916743
0.2448742737346511
0.08181898772087451
0.42985708295896974
0.06927056004791854
0.37673459119496855
0.5172197663971249
0.0462869122491764
0.5474937406409105
0.944049835280024
0.32929044624138964
0.6438056903264451
0.3637496256364181
0.5269865229110512
0.6209681940700809
0.06741515423779575
0.4420360587002096
0.3927005690326445
0.2482808026355196
0.9068386942198263
0.03287834681042228
0.9527484875711291
0.9850201856843366
0.8523663372267146
0.3749424378556454
0.8269570530098832
0.29146451033243487
0.41384031147050016
0.09603018867924529
0.7255259658580413
0.9519765199161425
0.10613860437256664
0.32434812818209047
0.8069807726864331
0.8751549565738245
0.9928697214734951
0.17925079365079366
0.037478047319556757
0.08085726265348907
0.5911015274034142
0.7441504642108415
0.47138568433662775
0.1586146750524109
0.894536567834681
0.1919424977538185
0.3644430068882899
0.06136448038334831
0.6272642108415694
0.14997017070979335
0.24348128182090445
0.827759209344115
0.046426355196166516
0.9582552860137766
0.9927412997903564
0.8207693321353698
0.48834740940401317
0.9589477088948787
0.40286025756214433
0.215884995507637
0.8297535789158431
0.7619670560047919
0.015966457023060796
0.04000431266846361
0.08657586103623839
0.7209300988319857
0.8343235699311171
0.9710068882899071
0.22836298292902066
0.4974145552560647
0.33713566936208444
0.16371129080563043
0.6223587900569033
0.39277532195268045
0.8446466606768493
0.5945775381850854
0.9685846061695118
0.1271853848457622
0.4600280323450135
0.27235028451632226
0.14791638215034442
0.9593622042527703
0.15954908655286013
0.2774123989218329
0.48970398322851155
0.5195447738843966
0.9568287511230907
0.5962479784366577
0.11771332734351603
0.8097126085654388
0.9138146750524109
0.833236777478287
0.6037347708894879
0.27264019167415393
0.1496587002096436
0.9296972746331237
0.19019347109913148
0.7026415094339623
0.0284439652590596
0.5125156034740941
0.4840697214734951
0.11267181790955376
0.6806837975441749
0.3375822701407607
0.9566854746930219
0.39275471698113207
0.5367647798742138
0.39511374663072774
0.1742428271937706
0.32133596885294996
0.8628696016771489
0.18939658580413296
0.1365539383048817
0.09870643905360886
0.025918179095537588
0.6320325846061695
0.7547265648397724
0.7771054806828391
0.9556384546271339
0.7873241090146751
0.7279137466307277
0.6897102126385145
0.6803277628032345
0.8295959269242288
0.9603526804432465
0.1581393231506439
0.6913974243785564
0.07365510631925726
0.08693908355795148
0.07449655585504641
0.6482285714285714
0.6245941898772087
0.46538915843066786
0.11815561545372866
0.5470802036537885
0.9869901168014376
0.7316351003294399
0.013838873914345613
0.8922724168912848
0.3287130278526505
0.6218657082958969
0.22162803234501346
0.9622080862533693
0.49403294399520814
0.2795069182389937
0.35705684336627735
0.5151075172207248
0.6966694219826295
0.8980667265648398
0.3178796046720575
0.15937226714585206
0.7340386942198263
0.5387361485474693
0.191537106918239
0.5063810721772986
0.06793746630727762
0.2750691823899371
0.6541091344713986
0.37524624138963764
0.8696553459119497
0.6067153039832285
0.3480587002096436
0.3774112009583708
0.2613774183887391
0.27323725666367177
0.7490429469901168
0.7854327643006889
0.8508171308775082
0.33581695118298893
0.36289811320754717
0.028395567535190177
0.6144138963761605
0.6922393530997305
0.9153154836777478
0.5106510931416591
0.38831171009284216
0.44340365378855945
0.258134291704103
0.1876710392333034
0.09513554956573825
0.2913308176100629
0.22842479784366576
0.627734291704103
0.5472282719377058
0.6275344713986224
0.3507569931117101
0.5900957172806229
0.9929185983827493
0.8074201856843366
0.6537923929320155
0.2616376160527104
0.2643469302186283
0.2574145552560647
0.2198962563641809
0.2778752920035939
0.2395414195867026
0.41957711889787364
0.22841617250673854
0.25362467804731953
0.1923277628032345
0.25288433662773285
0.8726996106618748
0.4604343815513627
0.7300657681940701
0.3697346510931417
0.4629711889787361
0.23153662773285416
0.9728182090446241
0.18971907756813416
0.8407686133572926
0.7544366576819407
0.7031283617849655
0.5945056603773585
0.9761854447439353
0.16952908056304283
0.037468942797244685
0.6286246181491465
0.09820664869721474
0.7128534291704103
0.6520965558550464
0.026520035938903862
0.7208764300688829
0.13696603773584906
0.8881811320754717
0.11495944893680743
0.7269611260856544
0.31674776879305183
0.10990116801437556
0.22929260257562145
0.1284283917340521
0.9704347409404013
0.23960179694519318
0.47245666367175804
0.14948954776879306
0.09515471698113208
0.2367841868823001
0.7084540281521413
0.44782126385145254
0.4978189877208745
0.9787970050913447
0.25792824198861936
0.6219280023959269
0.8330479784366577
0.243187541179994
0.13607044025157233
0.6390344414495358
0.21224797843665769
0.037332854147948485
0.6132834980533094
0.5413913147648997
0.7567851452530698
0.4895717280622941
0.5475287211740042
0.47892374962563644
0.09968253968253968
0.972849835280024
0.48585516621743036
0.8951930518119198
0.08095214135968853
0.6526116801437556
0.8562817610062893
0.17916310272536687
0.7562355196166517
0.1413299790356394
0.4888031147050015
0.4275804731955675
0.7846943396226415
0.08141599281221923
0.15471698113207547
0.7303561545372866
0.6986268942797245
0.06156286313267445
0.6339593890386344
0.23924001197963463
0.778525786163522
0.8137578915843067
0.10613620844564241
0.5286986522911051
0.6840630128781072
0.829489547768793
0.7601011081162025
0.7622258161126085
0.7430972147349506
0.5471741239892183
0.5951147050014974
0.9312038334830788
0.40455992812219227
0.5175087151841868
0.21641832884097034
0.1011905360886493
0.991120694818808
0.24733489068583409
0.9969600479185385
0.00021611260856543876
0.13596310272536688
0.8634067684935609
0.46425492662473794
0.10011188978736149
0.44192920035938904
0.9333812518718179
0.001960347409404013
0.805912189278227
0.30511793950284516
0.3509141659179395
0.8176905660377358
0.7601777777777777
0.3594115603474094
0.9050484576220426
0.22357400419287213
0.9310361185983828
0.23561593291404612
0.3101647199760407
0.11571081162024559
0.9984819407008086
0.18888817011081163
0.3921121293800539
0.837387002096436
0.2938824797843666
0.8706117999401018
0.06911338724168913
0.9426333632824199
0.886297454327643
0.978488409703504
0.3952493560946391
0.30718658280922434
0.8866482180293501
0.6227454926624738
0.3445836477987421
0.5367513626834381
0.3877338125187182
0.022885893980233604
0.46187912548667265
0.8356077867625037
0.6623482479784366
0.536618149146451
0.9693335729260257
0.47210446241389636
0.9493084156933214
0.6855288409703504
0.8414016172506739
0.6558797244684037
0.47206660676849355
0.810358071278826
0.5841471099131477
0.33995471698113205
0.2754290506139563
0.8538930218628332
0.25161305780173704
0.3897622042527703
0.9267718478586403
0.23351662174303683
0.00590931416591794
0.36857023060796645
0.3341244684037137
0.8549280622941
0.7936905660377358
0.7872848158131177
0.9871693321353698
0.5388353399221324
0.22177993411200958
0.44439652590595985
0.3265538185085355
0.5372406109613657
0.8469443545971848
0.8445987421383648
0.6147761605271039
0.8603577118897874
0.9162805630428272
0.31771332734351604
0.5435476489967056
0.5437651991614256
0.9316389338125187
0.703111590296496
0.3616948787061995
0.9252461215932914
0.05446948188080263
0.8731538784067086
0.9785238694219827
0.7851792752321054
0.7047528002395927
0.26106642707397426
0.4410767295597484
0.6985348906858341
0.1604710392333034
0.6319669362084457
0.5024234800838574
0.6474249775381851
0.39405618448637314
0.4733618448637317
0.03678993710691824
0.3629417190775681
0.2443351901766996
0.27680143755615455
0.34725510631925727
0.283715603474094
0.7080759508834981
0.4571639412997904
0.6227378256963163
0.3085402815214136
0.22960790655884997
0.6323876609763402
0.4451694519317161
0.7724731955675352
0.9531639412997903
0.3824239592692423
0.7079321952680443
0.9259998802036538
0.0940837376460018
0.44162875112309075
0.28879065588499553
0.04410901467505241
0.8105665169212339
0.5289952680443246
0.2819670560047918
0.8459351901766996
0.23054423480083858
0.8128881701108116
0.8705394429469901
0.5843943695717281
0.039269721473495056
0.6126399520814615
0.13629038634321652
0.2757481880802636
0.3227102725366876
0.8344002395926924
0.5364643306379155
0.09874333632824199
0.14693644803833483
0.8066760107816712
0.6042010182689428
0.6471834681042228
0.321323510032944
0.10606768493560946
0.24736843366277328
0.7200824198861935
0.39455022461814915
0.5292650494159928
0.1905758610362384
0.8433260257562144
0.9859517220724768
0.5286981731057203
0.8299471698113208
0.8704263551961665
0.9778601976639713
0.19240778676250375
0.4771498053309374
0.9655724468403714
0.3894651093141659
0.8440783468104223
0.7089749026654687
0.2168385744234801
0.7282573225516622
0.6380588200059898
0.9891172207247679
0.3571708894878706
0.6284818209044624
0.8984874513327343
0.18011045223120695
0.09874429469901168
0.9888488769092543
0.6444358191075172
0.21489499850254568
0.0674587601078167
0.7533019466906259
0.9445045822102426
0.596439652590596
0.9653606469002696
0.26177753818508537
0.38929020664869723
0.781598322851153
0.720360347409404
0.8691272836178496
0.8658084456424079
0.06830452231206949
0.3307342318059299
0.6269541778975741
0.8646123989218328
0.3773642407906559
0.39411368673255465
0.5994350404312668
0.9594043725666367
0.7052190476190476
0.7886490566037736
0.10213788559448937
0.11089308176100629
0.7854730158730159
0.40908104222821207
0.3924581012279125
0.76065265049416
0.4437266247379455
0.6964120994309674
0.06865097334531296
0.623826055705301
0.12353638814016173
0.14995771188978735
0.17302761305780173
0.6978089248277928
0.48469410002994906
0.5173711889787361
0.21239029649595687
0.6128507936507936
0.9809519017669961
0.5468319856244385
0.5397203953279425
0.4470943396226415
0.2082271338724169
0.21426247379454927
0.9866369571728062
0.8713032644504343
0.19185384845762204
0.864615274034142
0.6296864929619647
0.024575022461814915
0.30966109613656784
0.10110524109014675
0.8817221922731356
0.898075351901767
0.09526205450733753
0.6903662174303684
0.582521233902366
0.04619538784067086
0.6437673554956573
0.10804480383348308
0.04673111710092842
0.3667723270440252
0.16212087451332735
0.3808828990715783
0.0967916142557652
0.2768632524707996
0.0005879604672057502
0.07840239592692423
0.07316202455825098
0.2276858939802336
0.9400246780473196
0.0986973345312968
0.40883522012578616
0.8893508235998802
0.08923150643905362
0.8335923330338425
0.6394048517520216
0.2472524707996406
0.1412902066486972
0.33428355795148246
0.04026546870320455
0.2895611859838275
0.536090086852351
0.8300156933213537
0.14085079365079364
0.2495372267145852
0.7217974243785564
0.16748727163821503
0.2960167714884696
0.08148068283917341
0.5123402216232404
0.7444705600479186
0.5365275831087152
0.956079305181192
0.16629697514225816
0.8565290206648697
0.8471072776280324
0.8684372566636718
0.8551245283018868
0.6531033243486074
0.08092722371967655
0.6194295297993411
0.8780775082359988
0.705457202755316
0.10215657382449836
0.17113866427073973
0.2168083857442348
0.29249092542677446
0.7038116801437556
0.7298050913447139
0.8058575621443546
0.9383029649595688
0.14488793051811918
0.046687511230907454
0.7619699311171009
0.7574023360287512
0.8334495357891585
0.8208196466007787
0.30599964061096135
0.3454921832884097
0.14416819407008086
0.4838502545672357
0.7039132674453429
0.8118071278825996
0.41834513327343514
0.33977885594489365
0.9513430368373764
0.2757731057202755
0.886384666067685
0.5186903863432165
0.7052027553159629
0.7252384546271339
0.964743935309973
0.6195129080563043
0.03149973045822103
0.9123373465109315
0.11172494758909854
0.8224268343815514
0.8197937106918239
0.2256943995208146
0.8146908655286014
0.8184845762204253
0.7540422881102127
0.037169451931716085
0.8098865528601378
0.9264920035938904
0.29574746930218626
0.9155430967355496
0.7188921233902366
0.6138235399820305
0.1068156933213537
0.6935005690326445
0.7656093441150045
0.4680922431865828
0.8880253968253968
0.7468918837975441
0.8610429469901169
0.1202544474393531
0.23938568433662774
0.22836777478286913
0.07109625636418089
0.9244027553159628
0.1459967654986523
0.5962508535489668
0.2932523510032944
0.508946151542378
0.4922336028751123
0.3507569931117101
0.402659478885894
0.9882609164420485
0.8438416292303085
0.29752189278227015
0.0555131476489967
0.3773263851452531
0.5870404312668464
0.02296064690026954
0.05856603773584906
0.46901227912548665
0.2145768194070081
0.9454193471099132
0.7248670859538784
0.939973405211141
0.23918873914345612
0.36476597783767595
0.15981024258760107
0.2633478286912249
0.7030905061395627
0.3819045223120695
0.544158610362384
0.24948259958071278
0.18950536088649297
0.0493287810721773
0.5815638215034441
0.27503180592991916
0.6568692422881102
0.7253453129679545
0.11796489967056005
0.4605853249475891
0.5982040131775981
0.1209497454327643
0.8327480083857443
0.35705157232704404
0.5438298891883797
0.7114024558250973
0.4865844863731656
0.3817300988319856
0.24733872416891284
0.8480661275831087
0.3132530697813717
0.6558639113507038
0.3704764300688829
0.007295118298891884
0.4220027553159629
0.01529895178197065
0.014788140161725067
0.9607681341719078
0.6811289607666966
0.582720095837077
0.34836058700209643
0.3146364779874214
0.9711995208146151
0.7143139862234202
0.28984055106319256
0.7891311171009284
0.31373273435160226
0.3668307876609763
0.4777646001796945
0.4450065289008685
0.981775621443546
0.7217384845762205
0.28159712488769095
0.7816150943396226
0.23842683438155135
0.4175362683438155
0.29149901168014375
0.3281341719077568
0.703614734950584
0.16750212638514525
0.2723569931117101
0.30977226714585204
0.5348844564240791
0.6788226415094339
0.6964235998802036
0.16280371368673255
0.47463839472896074
0.35877424378556455
0.2745344115004492
0.5026271338724169
0.2356461215932914
0.34787469302186286
0.274196585804133
0.10675435759209344
0.6985243486073675
0.41698903863432163
0.0719539982030548
0.6467737646001797
0.39422964959568735
0.09566361185983828
0.7314117999401019
0.6379792752321054
0.06330613956274334
3.4022162324049114e-05
0.3935544773884396
0.27766253369272237
0.25978939802336026
0.3066292902066487
0.16410661874812818
0.5970209044624138
0.09406744534291704
0.8334576819407008
0.11234022162324049
0.41466978137166816
0.078309913147649
0.4729780173704702
0.3931778376759509
0.8064666067684936
0.542608445642408
0.07847283617849656
0.8881811320754717
0.8235577118897873
0.8176939203354298
0.13986606768493562
0.23876513926325246
0.8043605870020964
0.10089392033542977
0.01011464510332435
0.3601466307277628
0.9546235399820305
0.005370230607966457
0.31246720575022463
0.6826048517520216
0.3901287810721773
0.8161715483677748
0.27789925127283616
0.5248728361784966
0.46869985025456723
0.09530182689427973
0.1433037436358191
0.33996046720575024
0.10295681341719078
0.15986486972147348
0.600366576819407
0.5165623240491165
0.9145162024558251
0.027833003893381253
0.7295405810122791
0.925318957771788
0.5167180592991913
0.9365017070979336
0.4701829290206649
0.037123929320155735
0.5820171308775083
0.030260077867625038
0.24824007187780772
0.6750960167714884
0.27389086552860137
0.3781735849056604
0.8785269841269842
0.36870104821802935
0.04447798742138365
0.3500616951182989
0.5999381850853549
0.7366962563641809
0.4958754117999401
0.5915462114405511
0.9675605870020965
0.7198476190476191
0.17694112009583707
0.9867050014974543
0.39178149146451036
0.06789529799341121
0.3292827792752321
0.5170070080862533
0.23364696016771488
0.029478047319556753
0.24197472297094938
0.06412938005390835
0.29113914345612457
0.2900868523510033
0.5990996106618748
0.24950080862533694
0.5032237196765499
0.7740755914944594
0.9327185384845762
0.49854399520814613
0.4387608265947889
0.6863305181191973
0.9812739143456125
0.9264512728361785
0.20551781970649896
0.5952057502246182
0.7880936807427373
0.3881583707696915
0.39118682240191677
0.2842901467505241
0.8920174902665469
0.39427038035339923
0.3671686133572926
0.6932029949086553
0.47285534591194966
0.23976807427373464
0.8831142258161127
0.16909254267744833
0.7061438754117999
0.11243605870020965
0.028940880503144653
0.7761653189577717
0.46607487271638215
0.2847194968553459
0.05551698113207547
0.9860489967056005
0.8884279125486673
0.5438562443845463
0.526483857442348
0.2766677448337826
0.3349338125187182
0.13044336627732855
0.4602000598981731
0.688226654687032
0.35810290506139564
0.4943295597484277
0.3078962563641809
0.4072328241988619
0.6462020964360587
0.44265804132973946
0.9404976340221624
0.692797124887691
0.5374581611260857
0.038787181790955375
0.05455861036238395
0.9750564839772387
0.9450153938304882
0.2837098532494759
0.9509999401018269
0.1786911051212938
0.9119803533992213
0.10761880802635519
0.044275771188978734
0.8910020964360587
0.9984067085953878
0.7076863731656184
0.6656785864031147
0.29202563641808926
0.870253848457622
0.005630428271937706
0.17593483078766098
0.5057111710092842
0.8425765798143157
0.11746894279724468
0.39011919736448036
0.8342056903264451
0.6977250673854447
0.16368637316561846
0.39999424977538184
0.29161928721174
0.4707066786463013
0.9743290805630428
0.10274213836477987
0.358536567834681
0.07441461515423779
0.49809787361485475
0.5968939203354298
0.6486952979934112
0.13041701108116202
0.44529787361485473
0.006209284216831387
0.5420027553159629
0.9033435160227613
0.8550598382749326
0.9122678646301288
0.3243864630128781
0.9938903863432166
0.4329142857142857
0.2950315663372267
0.625550164719976
0.6239678945792153
0.935574483378257
0.2508976340221623
0.03189026654687032
0.8365565738244983
0.3306383947289608
0.23067169811320754
0.6768412099430967
0.9765616052710392
0.8057277029050613
0.43476921233902366
0.8833600479185385
0.6279197364480383
0.39840670859538785
0.2955634621144055
0.4286643905360886
0.593223839472896
0.7484291105121293
0.32503719676549864
0.7187756813417191
0.6075021263851452
0.36846528900868525
0.10970661874812818
0.0162146750524109
0.009686732554657082
0.9123565139263252
0.2682522911051213
0.21946259359089548
0.33347373465109315
0.7435222521713087
0.4441435160227613
0.831210781671159
0.9162796046720575
0.4567738843965259
0.72175525606469
0.35035064390536086
0.12845953878406707
0.2172262353998203
0.24485079365079365
0.2627100329439952
0.2969962264150943
0.9434877508235999
0.6979737646001797
0.3612952380952381
0.16906954177897573
0.3494315663372267
0.28976388140161724
0.06651045223120695
0.96122719377059
0.5032318658280922
0.3955061994609164
0.9927384246780473
0.9823698113207547
0.6793602875112309
0.3815226115603474
0.33073471099131474
0.38135489667565137
0.9027047619047619
0.46204731955675354
0.7003136268343816
0.4991640610961366
0.09605318957771788
0.38191554357592095
0.8925963462114406
0.956079305181192
0.29139407008086254
0.5389651991614256
0.012055825097334532
0.44640047918538484
0.9630308475591495
0.9747426175501647
0.23914225816112608
0.4838325247079964
0.5076355795148249
0.8958533692722372
0.024213237496256364
0.7032026355196167
0.7284432464809824
0.5418575621443545
0.8880335429769391
0.9037728661275831
0.40497154836777477
0.9243668164120994
0.9648301886792453
0.49732686433063794
0.6921219526804433
0.2815046421084157
0.6974624737945493
0.3648268343815514
0.6016991913746631
0.2884398921832884
0.9444667265648398
0.9871132674453429
0.1628094639113507
0.9313250673854447
0.13624630128781073
0.26626319257262654
0.3476446840371369
0.8606514525306979
0.39959556753519015
0.7209463911350704
0.49997723869421984
0.37805378855944893
0.24989997005091344
0.9470720575022462
0.8882544474393531
0.15799844264749924
0.36130625935908955
0.15838274932614554
0.8299888589398023
0.7836933213536987
0.6627320754716981
0.8446155136268344
0.2829211141060198
0.2524262353998203
0.8147061994609165
0.3444355795148248
0.24375058400718777
0.9514383947289607
0.27937130877508237
0.1252494758909853
0.8400608565438754
0.0448848158131177
0.08282240191674153
0.6267117100928422
0.10510020964360588
0.534238514525307
0.11994537286612758
0.49939550763701707
0.4649928721174004
0.4865897574123989
0.9673492662473795
0.969997723869422
0.6404964360587002
0.11644684037136867
0.4590179095537586
0.22202240191674155
0.313606229410003
0.4770808026355196
0.8301666367175801
0.2503499251272836
0.1800031147050015
0.9996233602875112
0.28951997604073076
0.7441408805031446
0.013666367175801138
0.8129154836777478
0.002276609763402216
0.6323287211740042
0.4980638514525307
0.39265169212339024
0.11825193171608266
0.47422437855645405
0.9699775980832585
0.37770877508236
0.8765465109314166
0.46266355196166514
0.6734083258460617
0.6974907457322551
0.6927549565738245
0.03335034441449536
0.7254310871518419
0.6927171009284216
0.4285455525606469
0.9557826894279724
0.4290233003893381
0.375049296196466
0.9582687032045523
0.9984426474992513
0.5303250074872716
0.7338359988020365
0.29273339323150643
0.3734286912249176
0.6051986822401917
0.3452228811021264
0.8711657382449836
0.9310586403114705
0.15581910751722072
0.7896270739742438
0.47740473195567534
0.3894890685834082
0.5203402216232405
0.6224445642407906
0.615359808325846
0.15999760407307578
0.05101407607067984
0.16111123090745733
0.6751194968553459
0.5175436957172806
0.24273183587900568
0.8464512728361785
0.9485910751722072
0.5366636717580113
0.6825679544773885
0.1002115603474094
0.7812743935309973
0.21422845163222523
0.4890522911051213
0.07321904761904761
0.9119952081461515
0.15959125486672657
0.297130877508236
0.2741045822102426
0.05670871518418688
0.31672764300688827
0.08228140161725067
0.24476070679844264
0.15796729559748426
0.045918897873614854
0.7092648098233004
0.29334579215333934
0.5852454028152141
0.774921832884097
0.37544126984126985
0.983605151242887
0.14149338125187183
0.3595232105420785
0.36490206648697215
0.4748942797244684
0.8128392932015573
0.9850125187181791
0.3619613057801737
0.19050637915543575
0.7214715783168614
0.04635687331536388
0.7777830488170111
0.4287952081461515
0.8390699011680144
0.6553238694219826
0.16178975741239893
0.24923054806828393
0.09935621443545972
0.26412746331236897
0.7790394728960767
0.0335214135968853
0.8143952081461515
0.756893441150045
0.2862682240191674
0.10677400419287211
0.5229091344713986
0.5341704702006589
0.9620926025756215
0.8365992213237496
0.2712390536088649
0.5090031746031746
0.1450618748128182
0.7006931416591794
0.4587749625636418
0.0827883797544175
0.8562693021862833
0.2739483677747829
0.5140231206948188
0.8769102126385145
0.2882467804731956
0.967838514525307
0.28741299790356395
0.024967475292003594
0.6056122192273136
0.7117618448637316
0.4349033842467805
0.4272105420784666
0.12792189278227015
0.08012554657082958
0.07143360287511231
0.7214524109014675
0.007764240790655885
0.7483807127882599
0.49140125786163524
0.3487851452530698
0.3110483378256963
0.5478641509433962
0.42726037735849054
0.0143151841868823
0.484324648098233
0.9896692422881103
0.48859610661874814
0.470247619047619
0.19173884396525906
0.7031039233303384
0.8545777777777778
0.42836921233902364
0.38967547169811323
0.5925510631925727
0.8825214734950584
0.8167585504642109
0.04871015274034142
0.4418007786762504
0.8346014974543277
0.16409368074273734
0.26476813417190775
0.1460911650194669
0.9449933513027853
0.8128440850554058
0.5271341120095837
0.9332159329140461
0.40975525606469004
0.2726857142857143
0.9740319856244385
0.1555694519317161
0.5939498053309374
0.15916669661575322
0.7076715184186883
0.14372926025756214
0.030741179994010184
0.1250482180293501
0.030336268343815514
0.6855360287511231
0.6641854447439353
0.18063084755914943
0.35801713087750825
0.3389474693021863
0.14153650793650793
0.4577643605870021
0.4564398921832884
0.06428319856244384
0.6438248577418388
0.5420693620844564
0.38343504043126686
0.40907289607666963
0.47069469901168015
0.18052686433063792
0.24232309074573224
0.39221755016472
0.8064680443246481
0.3684638514525307
0.0373371668164121
0.2627081162024558
0.44170637915543576
0.07481856843366277
0.39257981431566336
0.5939095537586103
0.2630167115902965
0.8331658580413297
0.43048337825696315
0.8521425576519917
0.8228523510032943
0.28283294399520814
0.6665751422581612
4.31266846361186e-05
0.6963536388140161
0.01011799940101827
0.40454267744833783
0.2138240191674154
0.7679793950284516
0.38716981132075473
0.2889550164719976
0.9740784666067684
0.08891141060197665
0.046980293501048216
0.8938024558250973
0.43447499251272836
0.6147732854147948
0.428781311769991
0.06979670560047918
0.4793981431566337
0.21794836777478288
0.734145073375262
0.3683248876909254
0.07835447738843965
0.5338230607966457
0.9646682240191674
0.7546091644204852
0.7942445043426175
0.38967403414195867
0.1651675351901767
0.6468542677448338
0.9995471698113207
0.3559058400718778
0.896602815214136
0.23378592392932016
0.6775039233303384
0.10075256064690027
0.508868523510033
0.3612698412698413
0.21421982629529798
0.702325726265349
0.4692557053009883
0.44643114705001496
0.7795771188978736
0.7167971248876909
0.2962659478885894
0.527453249475891
0.01771979634621144
0.8451890985324948
0.6520687631027253
0.9305607666966158
0.17055549565738246
0.46499862234201855
0.048724049116501945
0.8475414195867026
0.3583266846361186
0.7849415992812219
0.7849981431566337
0.04964120994309674
0.3227150643905361
0.3803327942497754
0.4897734651093142
0.15020401317759807
0.8190907457322552
0.29638909853249473
0.2605374064091045
0.7570295297993411
0.07404468403713686
0.5298496555855047
0.10662641509433962
0.23628008385744234
0.5280790655884996
0.6063980832584606
0.33464821802935013
0.481556394129979
0.3892135369871219
0.8410249775381851
0.2808831386642707
0.2517381251871818
0.8457224318658281
0.4207832285115304
0.8751060796645702
0.5031930518119198
0.3470121593291405
0.3147735250074873
0.24259526804432466
0.22928014375561545
0.7031072776280324
0.5462469002695418
0.042447678945792156
0.7167252470799641
0.5073255465708296
0.6690678646301288
0.42862845163222524
0.8606083258460617
0.7151511230907457
0.5987296795447739
0.7810496555855047
0.8071087151841869
0.13763929320155735
0.26688948787061995
0.47731129080563045
0.11352524707996406
0.023162863132674454
0.5318162324049116
0.3493477088948787
0.749794309673555
0.7764413297394429
0.7178374363581911
0.8896071877807726
0.6727571129080563
0.8353097334531296
0.36509901168014375
0.5977598083258461
0.9853766996106619
0.47182270140760707
0.029896376160527104
0.6825804132973944
0.6646651093141659
0.025331176999101528
0.9766080862533693
0.8232270739742438
0.49101215932914044
0.6266431865828093
0.29202180293501045
0.22006013776579814
0.09895753219526804
0.9772636118598382
0.8397977837675951
0.008208924827792752
0.8238222222222222
0.7774332434860737
0.9313571728062294
0.28165606469002696
0.8806421084156933
0.528835699311171
0.3925055405810123
0.11762419886193472
0.09749697514225816
0.4980293501048218
0.9991465708295897
0.35053800539083557
0.0699874213836478
0.06887762803234501
0.4985224318658281
0.07323965259059599
0.32899622641509435
0.054658760107816715
0.9845132075471699
0.6506369571728062
0.29106678646301287
0.9436631326744535
0.5465387241689128
0.6730863132674454
0.8809789757412398
0.6668942797244684
0.8349829290206648
0.6736023959269243
0.3513487870619946
0.9355519616651692
0.0674429469901168
0.017428451632225218
0.5899533992213237
0.5821829290206648
0.6968256364180893
0.40517424378556455
0.17622042527702905
0.8750274932614556
0.5347176999101527
0.151049296196466
0.8160517520215633
0.4729099730458221
0.0015846660676849355
0.8774708595387841
0.283258939802336
0.07683833483078766
0.9399743635819108
0.4187088349805331
0.2391801138065289
0.15954381551362684
0.2511506439053609
0.8633574123989218
0.23334171907756812
0.7634894279724468
0.2789414794848757
0.7092355795148247
0.9656673255465709
0.4325160826594789
0.49072512728361783
0.4072270739742438
0.6042776879305182
0.8364051512428871
0.15961617250673854
0.30836202455825096
0.3595006888289907
0.41989577717879606
0.6126893081761007
0.1651569931117101
0.2882429469901168
0.9765453129679544
0.5950941000299491
0.3829309374064091
0.9571948487571129
0.02996585804132974
0.5357790955375861
0.9244482779275233
0.6924406109613657
0.30658041329739444
0.9514503743635819
0.49692291105121295
0.458684396525906
0.24242994908655285
0.933570530098832
0.9580386942198263
0.5182159928122192
0.8158682240191674
0.8477225516621743
0.6185454327643007
0.44456280323450137
0.11314046121593291
0.49681078167115905
0.1262514525306978
0.06476909254267744
0.9367671758011381
0.9613067385444743
0.950611320754717
0.27793806528900866
0.3699311171009284
0.28403282419886194
0.406098592392932
0.7616402515723271
0.8387028451632226
0.793882719377059
0.9784994309673555
0.15308775082359988
0.7211826295297994
0.27860365378855945
0.4281540581012279
0.8191022461814914
0.43045798143156633
0.5424977538185085
0.3703341120095837
0.369541060197664
0.373853249475891
0.6324557053009883
0.6329277029050614
0.10758143156633723
0.023136987121892782
0.7056881701108116
0.606418688230009
0.44324073075771186
0.310238514525307
0.08942605570530099
0.5478564839772387
0.37105816112608564
0.3478952979934112
0.7251430967355496
0.399596046720575
0.3776752321054208
0.4590825995807128
0.08926025756214435
0.46809032644504345
0.36963306379155436
0.2519470500149745
0.8058728960766697
0.06035867026055705
0.7178944594189878
0.06823839472896076
0.652986403114705
0.7501599281221922
0.06826043725666367
0.03226738544474394
0.23918490566037737
0.37933225516621744
0.44169439952081463
0.3570875112309075
0.08009871218927822
0.6444755914944594
0.9503324348607367
0.10095477687930518
0.41752716382150346
0.8301522611560347
0.46272824198861934
0.5274446241389638
0.0461508235998802
0.4036494758909853
0.8268367774782869
0.5260631326744535
0.686390895477688
0.30656028751123093
0.588747289607667
0.9139493261455526
0.484678766097634
0.4779045223120695
0.8271899371069182
0.29596310272536686
0.03114417490266547
0.6913015873015873
0.9209300988319856
0.6961375262054508
0.47286157532195267
0.42999412997903563
0.3776632524707996
0.6980902066486973
0.10027625037436358
0.9674374363581911
0.7152752321054208
0.9415508834980533
0.8341539383048817
0.06319401018268943
0.24759604672057503
0.4090733752620545
0.7268954776879305
0.8779510032943996
0.3636681641209943
0.5352031147050015
0.0900240790655885
0.8203572327044025
0.5837019466906259
0.8991252470799641
0.48293069781371667
0.931212458820006
0.6801662773285415
0.7675840670859538
0.70699826295298
0.3668523510032944
0.37851476489967056
0.17042084456424078
0.8923730458221024
0.3362055705300988
0.45890530098831983
0.9988863731656185
0.2901563342318059
0.8583020065887991
0.8852791853848457
0.503235699311171
0.44002779275232107
0.1696397723869422
0.03121078167115903
0.9905782569631626
0.22848038334830786
0.3740492362982929
0.7003974842767295
0.17672165318957772
0.39359137466307276
0.8287324348607368
0.28776615753219525
0.8748545073375262
0.021735849056603775
0.5121408805031447
0.3766593590895478
0.6041372866127583
0.7249667565139263
0.00020173704702006588
0.339982988918838
0.24246445043426176
0.06363054806828392
0.05458161126085655
0.7061175202156335
0.7169758610362384
0.834929739442947
0.920056064690027
0.47510416292303087
0.6037486672656484
0.49797999401018267
0.9620092243186583
0.378448158131177
0.10036106618748128
0.9556106618748128
0.7217979035639412
0.39342653489068585
0.582887810721773
0.9262433063791554
0.7649514225816113
0.30490278526504944
0.03298760107816712
0.00813560946391135
0.6738793650793651
0.36195843066786465
0.2385308176100629
0.5194182689427972
0.01792680443246481
0.28825396825396826
0.29514657082958967
0.08849883198562444
0.029926564839772386
0.14997208745133273
0.8176872117400419
0.705798861934711
0.08238730158730159
0.49924696016771486
0.15667061994609163
0.287620964360587
0.2452523510032944
0.8444535489667565
0.40702102425876013
0.12518814016172508
0.7261762204252771
0.9740990715783169
0.7057197963462114
0.9316283917340521
0.0711571129080563
0.653704222821204
0.3754254567235699
0.12842024558250972
0.6244949985025456
0.6889832884097035
0.2801571728062294
0.05279568733153639
0.02673998203054807
0.331911590296496
0.10804432464809824
0.07170386343216532
0.11260185684336628
0.6751079964061096
0.8964906858340821
0.32466343216531895
0.8341012279125487
0.05324899670560048
0.688568793051812
0.8785236298292902
0.9567185384845762
0.9583726864330638
0.928058939802336
0.3914647499251273
0.14342449835280024
0.9786700209643606
0.45660041928721173
0.53643510032944
0.7365711889787362
0.3064840970350404
0.8929887990416292
0.7726298891883797
0.048424558250973346
0.3817300988319856
0.8325860437256664
0.9850489368074273
0.3707275232105421
0.28833351302785265
0.03153375262054507
0.45744857741838874
0.22783539982030548
0.2519988020365379
0.7039607067984427
0.13871985624438454
0.9863077568134172
0.27576927223719677
0.07831805929919138
0.055972686433063794
0.7231046421084157
0.3248747529200359
0.3084818209044624
0.06505037436358191
0.0174586403114705
0.778270859538784
0.9446071278825996
0.2932513926325247
0.7638588799041629
0.6613908355795148
0.8181223120694818
0.02555687331536388
0.484728601377658
0.9675605870020965
0.6013441150044924
0.43534375561545374
0.9386249775381851
0.9270411500449236
0.33892734351602277
0.6404945193171608
0.008206049715483677
0.07808565438754118
0.5365707097933513
0.6277347708894879
0.24783372267145853
0.43486121593291405
0.08673255465708296
0.10092842168313866
0.3082336028751123
0.8214459418987721
0.17044144953578916
0.6739186582809225
0.6896512728361784
0.2779035639412998
0.1690628331835879
0.4402415094339623
0.3256400119796346
0.5102193471099131
0.9507464510332435
0.8659641808924827
0.735645882000599
0.9382996106618748
0.5311439353099731
0.7302071278825996
0.04179502845163222
0.39326361185983827
0.4438272536687631
0.8508075471698113
0.8580935609463911
0.11284049116501947
0.6520850554058101
0.809596645702306
0.5049406409104522
0.7384898472596586
0.030372686433063793
0.6137665169212339
0.679658340820605
0.28013800539083555
0.7668513926325247
0.33890961365678346
0.6616064690026954
0.7232824198861935
0.7818776879305182
0.0970796046720575
0.7276952380952381
0.4838162324049117
0.2978731356693621
0.2450333632824199
0.9615870619946092
0.6657887990416292
0.2748339023659778
0.012380233602875112
0.5970496555855046
0.5253951482479784
0.0698628331835879
0.7809528601377658
0.16016915244085056
0.8760333033842468
0.7772880503144655
0.4839278825995807
0.4027088349805331
0.7288869721473495
0.7049334531296796
0.2296366576819407
0.5464304282719377
0.07478454627133872
0.30583575920934414
0.32682455825097334
0.06395351901766996
0.3669817310572028
0.935444144953579
0.47706403114705004
0.47153662773285415
0.26059922132374963
0.17492710392333033
0.08794585205151242
0.8302169511829889
0.8866851153039832
0.25867385444743934
0.36849068583408207
0.5420952380952381
0.4653934710991315
0.9799288409703504
0.8448551063192573
0.6243627433363282
0.42737106918238993
0.791614734950584
0.05141994609164421
0.7804602575621443
0.3438116801437556
0.7007544773884397
0.9509601677148847
0.05462425876010782
0.5924561844863732
0.16048110212638514
0.3120052710392333
0.11714261755016472
0.3096745133273435
0.3342270140760707
0.11681629230308475
0.291951841868823
0.780585804132974
0.48394944594189876
0.09055693321353699
0.39427708894878705
0.7273128481581311
0.23183084755914946
0.9367566337226715
0.8603337526205451
0.0231235699311171
0.8237728661275832
0.36860377358490565
0.5822064091045223
0.10617981431566337
0.7277225516621743
0.6378690625935909
0.3587948487571129
0.10271338724168913
0.7210388739143456
0.8583590296495957
0.25050853548966756
0.7374289308176101
0.7281485474693021
0.24950176699610663
0.9556624138963762
0.6341410002994908
0.7080951182988919
0.8182123989218328
0.16953914345612459
0.6231666966157532
0.7544984725965858
0.32209164420485176
0.43280598981731055
0.7818278526504941
0.50432632524708
0.465413596885295
0.9809509433962265
0.05946930218628332
0.06037208745133273
0.43866115603474093
0.012599221323749625
0.9155459718478587
0.5374782869122492
0.7379402216232405
0.5284494758909853
0.6063113507038035
0.3739974842767296
0.8157527403414195
0.09894938604372566
0.38213213536987123
0.7227696915244085
0.3066350404312668
0.2549568134171908
0.26587073974243786
0.23658580413297395
0.18441928721174003
0.10774722970949387
0.962370530098832
0.7033262653489069
0.8694363581910751
0.2111717280622941
0.9472594189877209
0.7881938304881702
0.9355864630128781
0.1727194968553459
0.16969871218927823
0.6471978436657682
0.44122336028751125
0.7803974842767296
0.8297545372866127
0.06912345013477089
0.5041931117100928
0.1596051512428871
0.053078406708595385
0.7040206049715484
0.2730752920035939
0.0785236298292902
0.14200323450134772
0.028403713686732553
0.9517148846960167
0.8228451632225217
0.46499718478586405
0.11845989817310572
0.15034681042228212
0.2804398921832884
0.31777322551662174
0.28192009583707694
0.07977286612758311
0.02358837975441749
0.09643174603174604
0.17617346510931417
0.7836885294998502
0.14518598382749326
0.3947088349805331
0.6309108116202455
0.33570098831985623
0.014002755315962864
0.09911470500149745
0.08796597783767596
0.946659478885894
0.5242748128182091
0.2591769991015274
0.8768728361784965
0.7540600179694519
0.5049209943096735
0.06863276430068883
0.27311985624438456
0.6917884396525906
0.3915893381251872
0.09852722371967655
0.1559446540880503
0.156420964360587
0.11176567834681042
0.5165723869421983
0.26036394129979035
0.45739442946990116
0.8538254567235699
0.37546235399820305
0.1665715483677748
0.41763162623539984
0.09592572626534891
0.04618436657681941
0.30539874213836476
0.7222320455226116
0.47713542976939205
0.3914666666666667
0.820048158131177
0.9894818808026355
0.40207295597484277
0.6780746331236898
0.21506031746031745
0.5382713387241689
0.22962803234501347
0.010809463911350703
0.09881521413596886
0.4982837975441749
0.3675936507936508
0.007539023659778377
0.7135233303384246
0.7038250973345312
0.8259287211740042
0.8639252470799641
0.28052327044025155
0.022234201856843366
0.06838550464210842
0.32138580413297396
0.4027970050913447
0.8055067984426475
0.8574830787660976
0.23845989817310573
0.6251390236597784
0.38838310871518417
0.9213239892183288
0.23234932614555256
0.7500358191075173
0.3480433662773285
0.41987181790955375
0.044926504941599284
0.33626690625935907
0.46623156633722673
0.9978963761605271
0.30816507936507936
0.44335861036238394
0.38772614555256063
0.33481737047020066
0.1202994908655286
0.22602359988020365
0.7680833782569632
0.17756166516921235
0.5298194669062594
0.2745995807127883
0.3898029350104822
0.14895956873315364
0.13639149445941898
0.05337454327643007
0.9452511530398323
0.40335477687930515
0.49392225217130875
0.2133175202156334
0.6463832285115304
0.6796525905959868
0.6738879904162923
0.0005898772087451333
0.6462284516322252
0.8583379454926625
0.5156926025756214
0.276716142557652
0.3351992812219227
0.11767499251272837
0.7338460616951183
0.4396032345013477
0.6920069481880803
0.07165115303983229
0.3767513626834382
0.6611138664270739
0.3686909853249476
0.6611315962863132
0.7680656483977238
0.39139814315663374
0.6326147948487572
0.8685819706498952
0.6143381850853549
0.3519511230907457
0.16978256963162625
0.3928313866427074
0.5055918538484576
0.032181611260856544
0.5003265648397723
0.2839508834980533
0.6800541479484876
0.7877084156933214
0.3071194968553459
0.7206900269541779
0.17432908056304283
0.013645283018867924
0.23913794549266248
0.7651421383647798
0.04673686732554657
0.7425542976939203
0.6771315962863133
0.005430128781072178
0.7545047020065888
0.9900444444444444
0.7286234201856844
0.24409128481581313
0.6063175801138065
0.10635855046421085
0.9732029949086553
0.25880371368673255
0.11738796046720575
0.6927947289607667
0.08459251272836178
0.6232951182988918
0.11642431865828093
0.867224917640012
0.5999228511530398
0.16012171308775083
0.1379905360886493
0.007982270140760707
0.898730877508236
0.3348197663971249
0.8086655884995507
0.772750164719976
0.9899672955974843
0.13041605271039233
0.28185828092243187
0.5830210242587601
0.1705655585504642
0.7046224618149146
0.5373139263252471
0.9280292303084756
0.5297312967954477
0.024609044624138963
0.7130666666666666
0.8125556154537287
0.2520069481880803
0.5814397124887691
0.5267133872416891
0.5337483078766098
0.5036382150344414
0.7248694818808027
0.21195902964959568
0.4792745133273435
0.4351971248876909
0.7062550464210842
0.4449787361485475
0.5441883198562444
0.34830835579514824
0.2939893381251872
0.4310229410002995
0.5311161425576519
0.7479206948188081
0.6399209344115004
0.16233459119496854
0.548967714884696
0.42875926924228813
0.2801447139862234
0.09956322252171308
0.13949134471398622
0.19232536687631027
0.8765191973644804
0.2630876310272537
0.8220008385744235
0.8208718778077269
0.8364094639113507
0.9488153339323151
0.9622387541179994
0.8659982030548068
0.11850254567235699
0.9245029050613957
0.2546482180293501
0.09782857142857143
0.09406025756214435
0.33436597783767597
0.7901067385444744
0.7288534291704103
0.879751302785265
0.3990766097634022
0.8059174603174604
0.10237364480383349
0.9762630727762803
0.8649727463312369
0.5326188679245283
0.4775441749026655
0.5108552261156035
0.9472761904761905
0.26318155136268345
0.9664570230607966
0.012574303683737647
0.44127702905061394
0.5258225816112608
0.9355553159628631
0.7289157232704403
0.711608505540581
0.8328146151542378
0.3749414794848757
0.1382176699610662
0.7668724767894579
0.5052008385744234
0.21805810122791255
0.36784474393530997
0.41916070679844264
0.5287408206049715
0.23828930817610064
0.2794939802336029
0.2730125187181791
0.545363761605271
0.7613388439652591
0.04354597184785864
0.3771165019466906
0.35515879005690326
0.06753974243785564
0.793922970949386
0.3361447139862234
0.941673075771189
0.04154058101227912
0.5289200359389039
0.4585919137466307
0.36329871218927823
0.14923941299790355
0.6142519317160826
0.9672462413896377
0.7013582509733454
0.3288515124288709
0.5490079664570231
0.961954117999401
0.23556705600479186
0.2680021563342318
0.6380257562144355
0.7006049715483678
0.47810002994908657
0.932874273734651
0.2768704402515723
0.466911051212938
0.4854191075172207
0.5402853548966756
0.7453407607067984
0.536161485474693
0.15849439952081462
0.3849933513027853
0.97056316262354
0.5845280622941
0.3366013776579814
0.28480335429769393
0.43714549266247377
0.663813596885295
0.6974806828391734
0.5484372566636717
0.8490177897574124
0.368307637017071
0.9777140461215933
0.11066834381551363
0.09514848757112908
0.3657329739442947
0.6295091943695718
0.06357879604672058
0.6339373465109314
0.049023539982030545
0.8639401018268943
0.19034393530997304
0.2581860437256664
0.38961030248577416
0.7725963462114406
0.9653175202156334
0.6152404911650194
0.754867445342917
0.5023865828092243
0.9514724168912848
0.24494615154237795
0.36467349505840074
0.9129545372866128
0.2193078167115903
0.19000658879904164
0.7648043126684636
0.8252846960167715
0.6072951182988919
0.7338331236897274
0.9929353698712189
0.1242690625935909
0.056036897274633124
0.33073375262054505
0.5254636717580113
0.40586618748128184
0.8453050613956274
0.37213393231506436
0.5853608864929619
0.978504222821204
0.9881962264150943
0.6917472297094939
0.263009044624139
0.11671614255765199
0.25218376759508837
0.33703072776280324
0.14948235998802037
0.6964672057502246
0.2907759209344115
0.38746259359089547
0.9212080263551962
0.32671051212938007
0.29356094639113506
0.9103444144953579
0.37219862234201856
0.2817078167115903
0.18957867625037436
0.3360162923030848
0.890025516621743
0.17976831386642708
0.19252854147948487
0.6429211141060198
0.37159197364480384
0.8917798143156633
0.3307174603174603
0.06493968253968253
0.6436791853848458
0.8353605271039233
0.4626649895178197
0.8232424079065589
0.5399719676549866
0.4434501347708895
0.26369715483677747
0.13055070380353398
0.34923270440251575
0.27557041030248575
0.19003533992213237
0.39185289008685237
0.2625772985923929
0.06395208146151542
0.6612499550763702
0.44096795447738846
0.6558802036537885
0.8691071578316861
0.36837280622941
0.7319556753519018
0.04209116501946691
0.36500029949086554
0.245455525606469
0.8230133572926026
0.909368793051812
0.6506930218628332
0.5083208146151542
0.39314189877208744
0.30541790955375864
0.3602031746031746
0.5968886492961964
0.9942248577418389
0.40979454926624737
0.10655405810122791
0.7444394129979036
0.08194693021862832
0.9859555555555556
0.5409887990416292
0.3443814315663372
0.026029829290206648
0.41939454926624736
0.7618228212039533
0.6202911051212938
0.7623786762503744
0.7513761006289308
0.24359820305480684
0.012002635519616651
0.41897765798143155
0.21373632824198863
0.44850841569332134
0.3720337825696316
0.4729348906858341
0.40192536687631025
0.5163629829290207
0.24363893381251872
0.2520366576819407
0.581564300688829
0.8172099430967356
0.6625643605870021
0.08096939203354298
0.46872955974842767
0.9766061695118299
0.8180719976040731
0.1498302485774184
0.8151144654088051
0.6920577418388739
0.15744019167415393
0.689637376460018
0.8299418987720875
0.27196070679844264
0.5041332135369871
0.7204077867625037
0.1009696316262354
0.9774821203953279
0.4666652291105121
0.33234429469901167
0.3730022162324049
0.8714743336328242
0.7335139862234202
0.8765973045822102
0.3354091644204852
0.12002683438155136
0.7405038634321653
0.7053882000598982
0.34937550164719977
0.3460513926325247
0.256450434261755
0.9718713387241689
0.8549548966756514
0.3158032943995208
0.7055353099730458
0.43962479784366576
0.7163227313566937
0.7287686133572926
0.0871120694818808
0.8909843665768195
0.9379009284216832
0.49797232704402516
0.45683617849655583
0.5910325247079964
0.13726504941599282
0.8736412099430967
0.9937581311769991
0.17555723270440252
0.9752126984126984
0.5367758011380653
0.3683277628032345
0.5874046121593292
0.6822325247079964
0.719239053608865
0.10174159928122192
0.7685606469002696
0.12861910751722072
0.4173834082060497
0.9879896975142258
0.9859210542078467
0.8452777478286913
0.3255091943695717
0.541915543575921
0.06998981731057202
0.8583159029649595
0.1858501347708895
0.1757120095837077
0.44550392333033845
0.25925893980233605
0.306575621443546
0.25438370769691526
0.106062893081761
0.007568733153638814
0.7885311769991016
0.2455422581611261
0.790586403114705
0.21374303683737647
0.28844468403713686
0.5099581910751723
0.991437915543576
0.02716741539383049
0.44831578316861337
0.596287271638215
0.2734313267445343
0.048879305181191976
0.324915004492363
0.03295405810122791
0.2809214734950584
0.8459160227613057
0.4456908056304283
0.6769322551662175
0.0325026654687032
0.7010999700509134
0.23921030248577418
0.5416275531596286
0.09886840371368673
0.02666666666666667
0.4577916741539383
0.3672534291704103
0.5289209943096735
0.9978340820604972
0.44162779275232106
0.986205690326445
0.09845965858041329
0.14790392333033842
0.548874752920036
0.7834177897574124
0.8882544474393531
0.3268667265648398
0.08233363282419887
0.05275926924228811
0.43448122192273136
0.5438159928122193
0.10129404013177598
0.4082985324947589
0.1704155735250075
0.7058458221024259
0.6234767295597484
0.9121260257562145
0.5014847559149446
0.7200359389038634
0.3873341719077568
0.5424699610661875
0.5256208445642407
0.9561674752920036
0.8739522012578617
0.2618474992512728
0.8258242587601078
0.8676839772386942
0.22615585504642108
0.45113578915843067
0.8343230907457323
0.1083706498951782
0.9608797843665768
0.955165977837676
0.866690625935909
0.1202994908655286
0.23676741539383048
0.6286020964360587
0.34505085354896675
0.4940626534890686
0.1901206349206349
0.31580137765798144
0.13639436957172807
0.8864795447738844
0.7092604971548367
0.1559130278526505
0.02730494159928122
0.27151650194669064
0.04667936507936508
0.1633653189577718
0.965673075771189
0.21886121593291405
0.189551841868823
0.9976553459119497
0.971622641509434
0.98513423180593
0.8375010482180294
0.9443224917640012
0.3509256663671758
0.8771469302186283
0.7788794249775381
0.4056864929619647
0.2611215333932315
0.959897454327643
0.9583779574722971
0.39266223420185686
0.6608225217130878
0.290783587900569
0.02510116801437556
0.4719257262653489
0.3318972147349506
0.7577578915843067
0.9853953878406708
0.43996501946690625
0.5439544773884396
0.498159209344115
0.5177684336627733
0.17482599580712788
0.11269242288110212
0.37819131476489964
0.16048781072177298
0.06910188679245283
0.4043946091644205
0.2212207247678946
0.7305650793650794
0.8783386642707397
0.4998809224318658
0.6621896376160528
0.47283426175501647
0.16964456424079066
0.14790392333033842
0.4419181790955376
0.2436461215932914
0.2591851452530698
0.8198253369272237
0.6054593590895477
0.2193528601377658
0.9110104821802935
0.40551254866726566
0.8288761904761904
0.5433401617250674
0.28500365378855946
0.11606684636118599
0.832556334231806
0.2444818209044624
0.8279690925426775
0.1744230008984726
0.760288948787062
0.5283119496855346
0.4667045223120695
0.8252013177598083
0.3083385444743935
0.9400908056304282
0.35013453129679545
0.009979035639412997
0.5373786163522013
0.7214207846660677
0.2906877508235999
0.9520019167415393
0.3081751422581611
0.6194673854447439
0.6153147648996705
0.30985085354896674
0.0633037436358191
0.4901525007487272
0.005829290206648697
0.7258240191674153
0.3683498053309374
0.6355905360886493
0.15556418089248278
0.719515543575921
0.3441279424977538
0.1759980832584606
0.9603061994609164
0.256770530098832
0.3064922431865828
0.014271578316861336
0.34781191973644804
0.40544785864031146
0.37059430967355494
0.15849919137466306
0.8161552560646901
0.8421865229110512
0.8118526504941599
0.3744019167415394
0.41378855944893683
0.026546870320455225
0.607661215932914
0.5829788559448936
0.09612602575621444
0.3059349505840072
0.43156537885594487
0.7680632524707997
0.537239652590596
0.17583899371069184
0.9827617849655585
0.40036418089248277
0.2750303683737646
0.5871262054507338
0.8773247079964062
0.07216579814315663
0.02791686133572926
0.42282455825097337
0.2626333632824199
0.2752138963761605
0.7298026954177897
0.5369114106019767
0.4737935908954777
0.11861371668164121
0.9750526504941599
0.5999678945792153
0.9722752920035939
0.21506942198262952
0.4603193770589997
0.24826211440551063
0.5478085654387541
0.40048206049715485
0.04275627433363283
0.008425516621743036
0.18033950284516323
0.007570170709793351
0.07520575022461815
0.8768129380053908
0.06832321054207846
0.5153590895477688
0.005392752321054208
0.4988794249775382
0.7870811620245582
0.6397848457622043
0.3462406708595388
0.6042086852351003
0.6624627732854148
0.2514942198262953
0.04038238993710692
0.15074884696016772
0.7254248577418388
0.2504146151542378
0.6257188379754417
0.7210403114705002
0.725321832884097
0.8433245882000598
0.97828331835879
0.49713902365977836
0.887111590296496
0.9930987720874513
0.9212482779275232
0.4647537586103624
0.24952189278227013
0.3408953578915843
0.1774346810422282
0.6037338125187182
0.4829100928421683
0.5253769392033543
0.890960886492962
0.44238059299191373
0.37815441749026657
0.7544831386642707
0.22571117100928423
0.7355998802036537
0.7425408805031447
0.08551350703803534
0.030909374064091045
0.29237831686133575
0.8257873614854747
0.968230008984726
0.22783683737646002
0.9743923330338424
0.3072009583707697
0.9303010482180294
0.5296388140161725
0.6335616651692123
0.8074177897574124
0.15897837675950882
0.6405846061695118
0.6849346510931417
0.21721617250673855
0.08744654088050315
0.3135477687930518
0.6801250673854448
0.38841569332135367
0.7619857442348008
0.7116602575621443
0.8365901168014376
0.5437283018867924
0.7603325546570829
0.3656098233003893
0.8946640311470501
0.6618302485774183
0.6271583108715184
0.1492576220425277
0.6205632824198862
0.5295381850853549
0.7622694219826295
0.35530398322851153
0.4390416292303085
0.7772880503144655
0.7203411799940102
0.24473578915843067
0.11646217430368373
0.1394534890685834
0.9641176400119796
0.381147888589398
0.35259035639413
0.016704881701108117
0.4086421084156933
0.2642961365678347
0.9470452231206948
0.6068743935309973
0.7088953578915843
0.0824869721473495
0.831173884396526
0.7828154537286612
0.23898987720874512
0.471819826295298
0.9316485175202156
0.9422212638514526
0.1446253369272237
0.49964564240790654
0.04995411799940102
0.975176759508835
0.7116545073375262
0.22784019167415392
0.03176328241988619
0.8937439952081462
0.4087662174303684
0.07710907457322552
0.037265768194070084
0.7915486073674753
0.8880095837076969
0.47181743036837376
0.7756597783767595
0.349371668164121
0.027841629230308477
0.27456316262353997
0.3573170410302486
0.03926397124887691
0.21834800838574422
0.5152067085953879
0.47135980832584606
0.8590203054806829
0.6507294399520814
0.9641516621743037
0.5850436657681941
0.6113178796046721
0.1637946690625936
0.32189565738244985
0.8295360287511231
0.3068511530398323
0.5168646900269542
0.763641329739443
0.37513363282419887
0.7243816711590296
0.15437436358191076
0.9849339323150644
0.4609226714585205
0.18066103623839472
0.3668892482779275
0.6615106319257262
0.2509378855944894
0.7939306379155435
0.11646313267445343
0.4019464510332435
0.4728850554058101
0.11584162923030848
0.8769360886492962
0.09414076070679844
0.9662126385145253
0.2795716082659479
0.3057945492662474
0.7891742437855646
0.014289787361485475
0.5125175202156335
0.2392773884396526
0.5145066187481282
0.9927537586103624
0.6788327044025158
0.28526528900868525
0.3947035639412998
0.8190605570530098
0.1871027253668763
0.04171740041928721
0.2914280922431866
0.2631528002395927
0.09064126984126984
0.09114537286612759
0.8151111111111111
0.265966576819407
0.9990008984725965
0.4046816412099431
0.03260760706798443
0.16377837675950885
0.8269997005091345
0.4989350104821803
0.21502677448337826
0.3237453129679545
0.7032069481880803
0.5123838274932615
0.3707097933513028
0.27240395327942496
0.37436549865229113
0.032893680742737345
0.2705542976939203
0.8950545672356993
0.012151182988918837
0.6924660077867625
0.5397481880802636
0.3685141659179395
0.1381352500748727
0.21668619347109913
0.39422246181491466
0.5987407008086253
0.07361725067385445
0.7058415094339623
0.10119964061096137
0.4579833483078766
0.6737547768793052
0.24518861934710992
0.8489923929320156
0.6750840371368674
0.6011361485474693
0.11871434561245882
0.49585241090146753
0.4168313866427074
0.9850053309374064
0.7127192572626535
0.3702636717580114
0.8237369272237197
0.17933896376160527
0.22573417190775683
0.998123510032944
0.22170709793351304
0.6319621443545972
0.6849384845762204
0.34411883797544174
0.7178973345312968
0.9783360287511231
0.7289324947589099
0.2813412398921833
0.6391034441449536
0.8329142857142857
0.0007686133572926025
0.17883390236597785
0.8921162024558251
0.4603615453728661
0.39326552860137765
0.598427792752321
0.5110631925726266
0.33188858939802335
0.28169679544773885
0.6494768493560946
0.2754228212039533
0.32874896675651394
0.21422893081761007
0.7786359988020365
0.12908727163821504
0.7644559448936807
0.5934480982330039
0.47245905959868223
0.7072182090446242
0.1592083857442348
0.2745401617250674
0.0533822102425876
0.8174140760706798
0.15862569631626236
0.4851090745732255
0.4840563042827194
0.2681861635220126
0.047636298292902064
0.32420676849356095
0.3237908355795148
0.5090942198262953
0.11189122491764002
0.6090479784366577
0.10287487271638215
0.8227962863132674
0.826957532195268
0.5989822102425876
0.529047020065888
0.11506726564839773
0.3931203354297694
0.5425346510931417
0.292722371967655
0.10750284516322252
0.08470416292303085
0.29076154537286614
0.7729907157831686
0.392810781671159
0.18869074573225517
0.8227694519317161
0.7527135070380353
0.3349898772087451
0.08693908355795148
0.698643665768194
0.5814588799041629
0.49472392932015574
0.7508652890086852
0.976139922132375
0.09919137466307278
0.6989929919137466
0.596029469901168
0.24349182389937107
0.2724743935309973
0.5944936807427373
0.6838814016172506
0.2937027852650494
0.35630116801437556
0.9389014675052411
0.9528539083557952
0.23658580413297395
0.1090146750524109
0.3345792153339323
0.6083196166516921
0.11822701407607068
0.9883979634621144
0.5309618448637317
0.36513159628631325
0.7897995807127882
0.36863827493261453
0.23120023959269242
0.48395423779574726
0.6246090446241389
0.9692372566636718
0.32900293501048217
0.15988739143456124
0.6836020365378856
0.16274716981132076
0.5089643605870021
0.33873566936208444
0.526204492362983
0.008465768194070081
0.5384428870919437
0.1662619946091644
0.008924827792752322
0.11247726864330639
0.7133704702006589
0.6356758310871519
0.24585181191973646
0.2834367175801138
0.9867303983228511
0.2880872117400419
0.40704977538185083
0.9678140760706798
0.2723018867924528
0.9363771188978736
0.10615058400718778
0.06995579514824798
0.09898244983528003
0.09934519317160827
0.9460235998802037
0.25762348008385744
0.1660554657082959
0.8054377957472297
0.0424366576819407
0.6060698412698413
0.7807271638215034
0.39886433063791554
0.9621802935010482
0.9735321952680444
0.7217715483677748
0.2953339323150644
0.404831147050015
0.9351671758011381
0.5438864330637916
0.21340712788259958
0.7676156933213537
0.6144172506738544
0.1306982929020665
0.7683608265947889
0.2141278227014076
0.24281617250673854
0.017471578316861337
0.8959463312368973
0.8894294100029949
0.6313425576519917
0.6882357592093441
0.9580415693321354
0.8120203653788559
0.2666522911051213
0.08926169511829889
0.7591307577118898
0.24425995807127882
0.976232884097035
0.6741299790356394
0.10046648697214736
0.49140700808625337
0.9221424378556454
0.15841102126385145
0.6267596286313267
0.8928158131176999
0.7062147948487572
0.9032745133273435
0.10948715184186883
0.2427917340521114
0.8606442647499252
0.2658803234501348
0.3594359988020365
0.118123510032944
0.02529715483677748
0.335447020065888
0.10793554956573824
0.9198739742437856
0.7281921533393232
0.3687154237795747
0.38489991015274033
0.1795392632524708
0.8533884396525906
0.32463707696915245
0.5364446840371369
0.11096927223719677
0.14722108415693322
0.8889550164719976
0.9497142857142857
0.854589278227014
0.1895139862234202
0.844865169212339
0.8743853848457622
0.9780523510032944
0.14635519616651693
0.26145169212339026
0.9767355495657383
0.18568864929619647
0.8951465708295897
0.5413457921533393
0.4181309374064091
0.6227507637017071
0.09941850853548967
0.9766881102126385
0.2190313267445343
0.9131768793051812
0.2433686732554657
0.1858985324947589
0.7005493860437256
0.8711005690326445
0.3570429469901168
0.07480994309673555
0.954606768493561
0.6911980832584607
0.07198610362383948
0.10504174902665468
0.1706858340820605
0.5489169212339023
0.1476595387840671
0.8941316561844864
0.2612600179694519
0.3776167714884696
0.6492468403713687
0.06047415393830488
0.9569011081162024
0.2719827493261456
0.18858867924528303
0.3340890086852351
0.23233255465708297
0.6795452530697814
0.7885719077568134
0.8105684336627733
0.041769152440850554
0.896052710392333
0.44637124887690927
0.08862246181491465
0.8617808924827792
0.04494902665468703
0.6975923330338425
0.3473600479185385
0.016212758310871517
0.19116046720575022
0.11404995507637017
0.5319949685534591
0.05559221323749625
0.0229203953279425
0.1697935908954777
0.507955196166517
0.0025540581012279124
0.4335908954776879
0.49734603174603176
0.4003488469601677
0.37719077568134174
0.7162958969751423
0.43933680742737347
0.14127247678945792
0.6356777478286912
0.9775683737646002
0.007494938604372566
0.12387996406109614
0.9351297993411201
0.3788262353998203
0.26693548966756514
0.8552256364180892
0.17702593590895477
0.6467344713986224
0.002025516621743037
0.8271990416292303
0.9449674752920036
0.8184582210242588
0.03290182689427972
0.6111257262653489
0.6788274333632824
0.9648301886792453
0.9147831087151842
0.32201305780173706
0.1488345013477089
0.5417114106019767
0.0763706498951782
0.18761066187481282
0.04173656783468104
0.9416912848158131
0.025295238095238096
0.8929289008685235
0.2507131476489967
0.9226978137166817
0.49395531596286313
0.8615690925426774
0.7377792153339323
0.8452259958071279
0.8137061395627433
0.2621139263252471
0.7080438454627134
0.2319319556753519
0.3714074872716382
0.485082719377059
0.2343446540880503
0.08473147648996705
0.10947469302186283
0.4587026055705301
0.6616261156034741
0.042076310272536686
0.18882970949386044
0.34869697514225817
0.4853937106918239
0.22838454627133872
0.6423896975142258
0.6265435160227613
0.14500389338125186
0.25074189877208747
0.40366049715483676
0.7828571428571428
0.12419958071278826
0.33629278227014076
0.8414102425876011
0.9898000598981731
0.6437587301587302
0.44414591194968556
0.27494219826295296
0.65382545672357
0.39380461215932916
0.3818206648697215
0.5118988918837976
0.12016148547469302
0.6546314465408805
0.08187888589398024
0.42866534890685837
0.6430528900868524
0.4789433962264151
0.15813980233602876
0.5266376759508835
0.4252966756513926
0.08101251871817909
0.9200747529200359
0.8241193171608266
0.14764947589098532
0.8789429170410302
0.7056407307577119
0.6607444144953579
0.7942157532195268
0.060170829589697515
0.9390375561545373
0.023116382150344415
0.8324739143456125
0.5987268044324648
0.4003613057801737
0.18997927523210542
0.8257423180592992
0.4071297993411201
0.3729006289308176
0.3460188080263552
0.6852916442048518
0.039482958969751424
0.7339040431266847
0.067765438754118
0.09849368074273734
0.23727151841868824
0.16212422881102126
0.2187318358790057
0.4958145552560647
0.6209557352500749
0.7134835579514824
0.14893752620545073
0.10920874513327343
0.7198739742437855
0.7397362084456424
0.7463753219526804
0.15084324648098232
0.9608558250973346
0.6930774483378257
0.40414495357891583
0.7214782869122491
0.0603926924228811
0.9313753818508536
0.30598047319556754
0.39868319856244383
0.4846418688230009
0.3900564240790656
0.47088493560946393
0.9983952081461516
0.8959357891584306
0.8297497454327643
0.7256471997604073
0.8071815513626834
0.7788554657082959
0.2662588799041629
0.941788080263552
0.9135391434561246
0.9105265049415993
0.49852626534890687
0.07064773884396526
0.11898891883797544
0.36148355795148246
0.98822545672357
0.686303683737646
0.4620569032644504
0.6296074273734651
0.33573165618448636
0.907889547768793
0.43173021862833183
0.3076149745432764
0.8965333333333333
0.837225516621743
0.07488182090446241
0.8464795447738844
0.3881861635220126
0.499321233902366
0.43921365678346813
0.3906156334231806
0.6680347409404013
0.5410865528601377
0.6201526205450734
0.9762788858939803
0.4300008385744235
0.02384043126684636
0.527080443246481
0.41067672955974843
0.7430981731057202
0.42291272836178495
0.47291955675351904
0.015646840371368674
0.033542497753818505
0.46267601078167114
0.30656028751123093
0.37543695717280623
0.44498256963162625
0.36462126385145255
0.3664258760107817
0.591773345312968
0.9642618748128182
0.2785466307277628
0.2332061096136568
0.21594920634920636
0.33376076669661575
0.9856182090446242
0.07183755615453728
0.0812952380952381
0.8106048517520216
0.31837843665768195
0.08325271039233303
0.9995946091644204
0.9438572027553159
0.7809183587900569
0.23628104222821203
0.8672043126684637
0.8374655884995508
0.5372559448936808
0.33477280622941
0.5981206349206349
0.9611404612159329
0.1744848158131177
0.09827708894878706
0.7468401317759809
0.10850146750524109
0.07513626834381551
0.36042551662174305
0.837781850853549
0.12033159628631326
0.35974603174603176
0.4476291105121294
0.8061997005091345
0.6989896376160527
0.36381287810721774
0.8346379155435759
0.023104881701108117
0.7209842467804732
0.4357908355795148
0.25241617250673853
0.9374581611260857
0.2277079365079365
0.49218999700509136
0.497665169212339
0.7670636717580114
0.6774627133872417
0.9364882899071578
0.17696795447738844
0.027039952081461517
0.11608553459119497
0.3074894279724468
0.2501203953279425
0.43879532794249776
0.03977047020065888
0.9910746930218628
0.36250709793351304
0.8984433662773286
0.8672723569931117
0.3640126984126984
0.0736282719377059
0.42985708295896974
0.3811569931117101
0.263235699311171
0.6858843965259059
0.01437412398921833
0.9453719077568135
0.5457154836777478
0.9069033842467805
0.1296148547469302
0.8190653489068583
0.6420513926325248
0.9107176999101527
0.541430607966457
0.05100784666067685
0.3602333632824199
0.8309017070979335
0.23006648697214735
0.38410110811620246
0.633786403114705
0.015225636418089248
0.3108044324648098
0.012540760706798442
0.24980700808625336
0.8866012578616352
0.7461731057202755
0.8441147648996705
0.27391578316861337
0.11886672656483978
0.8387517220724768
0.5838428271937706
0.49526540880503145
0.894527463312369
0.5287135070380353
0.9365755016471997
0.11407008086253369
0.9356195268044325
0.991881641209943
0.11349218328840971
0.110490086852351
0.9984421683138665
0.05445558550464211
0.44202551662174305
0.5078296495956873
0.8236664869721474
0.29140796645702305
0.28071111111111113
0.28376687631027253
0.5915476489967056
0.1137590895477688
0.9445433962264151
0.1423415393830488
0.9520728361784966
0.330833423180593
0.16429350104821802
0.8583949685534591
0.7132132973944295
0.3820621743036837
0.7296666067684936
0.6765532195268045
0.7805623240491165
0.06139035639412998
0.6974356394129979
0.35864486373165616
0.28736891284815813
0.8850185085354897
0.3675946091644205
0.1235392632524708
0.4721653189577718
0.2355613057801737
0.9777931117100929
0.4226228212039533
0.015189697514225817
0.886014734950584
0.3336462413896376
0.722162084456424
0.14640263551961666
0.8581625636418089
0.634118957771788
0.9005709493860438
0.6725227912548667
0.05921437556154537
0.9991058400718779
0.9927403414195867
0.585143336328242
0.8965520215633423
0.754647020065888
0.4232941599281222
0.17626978137166815
0.4822167115902965
0.34999029649595687
0.6626683438155136
0.3355907756813417
0.7082585205151243
0.4914199460916442
0.779172207247679
0.059187061994609165
0.5079566337226714
0.3767412997903564
0.7104785864031147
0.18871278825995808
0.30934291704103023
0.23035447738843964
0.24822138364779875
0.5257842467804732
0.7683311171009284
0.4027026055705301
0.09722671458520515
0.05712512728361785
0.47038897873614854
0.49612075471698114
0.49163605870020965
0.46528661275831085
0.9401928721174004
0.6397867625037437
0.044264270739742435
0.9444609763402216
0.1886332434860737
0.7743980832584606
0.3486174303683738
0.2588142557651992
0.9430004192872118
0.8951360287511231
0.02515675351901767
0.5364293501048218
0.16297334531296795
0.11468200059898173
0.9728153339323151
0.10592536687631027
0.7547423779574723
0.6837922731356694
0.7142866726564839
0.8353887990416292
0.5485412398921833
0.8437184785864031
0.006909374064091045
0.04767559149445942
0.935114465408805
0.27236513926325245
0.00873602875112309
0.08831003294399521
0.2182962563641809
0.27510320455226117
0.21641545372866128
0.0655487271638215
0.3187330338424678
0.9257368074273735
0.8214248577418388
0.6765536987121893
0.6270859538784067
0.8403565139263253
0.85429122491764
0.726925187181791
0.12668319856244384
0.8147550763701707
0.41659562743336326
0.960226654687032
0.4051675351901767
0.7081008685235101
0.6726224618149147
0.8390603174603175
0.36616903264450434
0.3990756513926325
0.21420688828990717
0.3573170410302486
0.0672891284815813
0.4853745432764301
0.031496376160527105
0.5073241090146751
0.3136627732854148
0.012941838873914346
0.7167971248876909
0.8440932015573525
0.7324554657082959
0.767077088948787
0.38228643306379156
0.7605558550464211
0.23306570829589698
0.6438052111410602
0.5821259059598682
0.09457394429469901
0.8156454028152141
0.6486732554657083
0.25797280622941
0.4311748427672956
0.9336031147050015
0.5279808325846062
0.11768984725965859
0.8442307277628033
0.09667085953878407
0.4167949685534591
0.03143024857741839
0.531032285115304
0.18051871817909554
0.3718641509433962
0.29533009883198563
0.9134476190476191
0.9520014375561545
0.24589062593590896
0.650967115902965
0.911677029050614
0.7051275232105421
0.6380679245283019
0.14956190476190476
0.4481653189577718
0.9711746031746031
0.48378796046720574
0.03637448337825697
0.9762573225516622
0.03420473195567535
0.8581400419287212
0.9735173405211142
0.024822282120395327
0.7131337526205451
0.17952201257861636
0.5985351302785265
0.3686766097634022
0.6837520215633424
0.48877723869421985
0.8460061096136567
0.2549117699910153
0.27382761305780173
0.9725695118298892
0.7754091644204851
0.6498740940401317
0.7327908954776879
0.8921804132973944
0.735552440850554
0.7644310272536687
0.6544397723869422
0.5360915244085055
0.08539706498951782
0.39512189278227017
0.5243610661874812
0.9481018268942797
0.8447913746630727
0.7805570530098832
0.3251301587301587
0.4799511230907457
0.06410014974543277
0.0340638514525307
0.7763426175501648
0.6728845762204253
0.26856471997604076
0.7189136867325546
0.36466103623839474
0.3762731356693621
0.313618688230009
0.11860173704702007
0.7355672955974842
0.5820200059898173
0.07480850554058101
0.2870905061395627
0.482917280622941
0.27144989517819706
0.6932144953578916
0.29215837076969153
0.1762333632824199
0.6975990416292303
0.03674297693920336
0.14896196466007786
0.280751841868823
0.8760539083557951
0.37803845462713387
0.4306156334231806
0.11065253069781372
0.44118454627133874
0.33423755615453726
0.267212458820006
0.27860317460317463
0.03296172506738544
0.5915519616651692
0.28133788559448936
0.3347426175501647
0.027182749326145554
0.3250534890685834
0.7445673554956573
0.9462406708595388
0.0896503144654088
0.053563821503444145
0.2742952979934112
0.06603701707097934
0.32294699011680145
0.28743839472896077
0.7901522611560348
0.276902545672357
0.28834022162324047
0.9155454926624738
0.10562443845462713
0.4916595387840671
0.9536541479484876
0.9576409703504043
0.5488891284815813
0.33336208445642407
0.7036142557651992
0.6226654687032046
0.059900569032644506
0.2877086552860138
0.9262476190476191
0.4348573824498353
0.12177394429469901
0.8443735250074873
0.9756712788259958
0.4275804731955675
0.44684899670560047
0.21206109613656784
0.7675500449236299
0.0511602276130578
0.3368630128781072
0.033203713686732556
0.22545768194070082
0.11108763102725366
0.5836918837975442
0.9922199460916442
0.2621139263252471
0.14508008385744234
0.9870835579514825
0.8831755615453729
0.17423611859838276
0.5344354597184786
0.11361437556154537
0.9207556753519017
0.14933812518718179
0.37727798742138363
0.006305121293800539
0.6517826894279725
0.30811476489967055
0.6748501946690626
0.23393542976939202
0.7583549565738245
0.2645117699910153
0.2507145852051512
0.41749793351302783
0.4287319556753519
0.6226956573824498
0.8465121293800539
0.03685558550464211
0.3154649895178197
0.8197893980233603
0.21834513327343516
0.5111686133572926
0.0650733752620545
0.3455760407307577
0.548912129380054
0.5408627732854148
0.14998358790056904
0.36464474393531
0.4576469601677149
0.1780063492063492
0.6353001497454328
0.26177993411200956
0.11232392932015574
0.37812949985025457
0.09417957472297095
0.8136903264450435
0.2878576819407008
0.2830428271937706
0.34676585804132976
0.2882918238993711
0.1759956873315364
0.3706829589697514
0.7534174303683737
0.0810982929020665
0.11890649895178197
0.4285445941898772
0.7778074872716382
0.5977128481581312
0.4457832884097035
0.07519472896076669
0.21606564839772388
0.32597640011979634
0.3931452530697814
0.8581745432764301
0.8471159029649595
0.5195390236597783
0.26176699610661874
0.5984455226115604
0.25633590895477687
0.823642527702905
0.7787035639412998
0.49402144354597183
0.4993600479185385
0.6062782869122492
0.4868494758909853
0.1055329140461216
0.2451109913147649
0.3833823300389338
0.2739004492362983
0.44440035938903866
0.04724001197963462
0.14014351602276132
0.6284444444444445
0.8372250374363582
0.892169392033543
0.147097454327643
0.9542737346510931
0.7456733153638814
0.6219303983228511
0.967275950883498
0.4153775381850854
0.140992632524708
0.6154067684935609
0.805489547768793
0.253154117999401
0.2800752321054208
0.08960718778077269
0.6219112309074574
0.7120795447738844
0.15303839472896077
0.34687702905061396
0.6988458820005989
0.6934708595387841
0.8724202455825097
0.5291390236597784
0.7145315363881402
0.5267038035339923
0.27218065289008686
0.5198835579514824
0.0665109314165918
0.04213141659179395
0.5272927223719677
0.719997124887691
0.9757014675052411
0.07327367475292004
0.7778376759508835
0.25154022162324047
0.36963306379155436
0.8551988020365379
0.705367115902965
0.28235040431266845
0.5144706798442648
0.8532648098233004
0.36527391434561246
0.04922479784366577
0.4209255465708296
0.7557223120694819
0.143723510032944
0.15440455226115604
0.591679904162923
0.9697236298292902
0.6318428271937706
0.7373124887690925
0.4969583707696915
0.8944948787061995
0.5024354597184786
0.4337538185085355
0.4313415992812219
0.8063439353099731
0.297786403114705
0.3287412997903564
0.5252949985025457
0.2166943396226415
0.9484281521413597
0.2560071877807727
0.8156669661575322
0.3652178496555855
0.8915895777178796
0.4031803533992213
0.4087235699311171
0.823049296196466
0.06589661575321952
0.4910658280922432
0.7876370170709793
0.3955799940101827
0.07149589697514226
0.8642784067085953
0.9446603174603174
0.07979730458221024
0.029800059898173106
0.036468882899071575
0.7360167714884696
0.07004540281521414
0.08687103923330339
0.9071952081461515
0.1363622641509434
0.9592112608565438
0.6860315064390536
0.8421922731356694
0.4285057801737047
0.2606797244684037
0.4441128481581312
0.01190344414495358
0.2356188080263552
0.8069989817310572
0.27958167115902965
0.18068020365378856
0.4149908355795148
0.1677268643306379
0.04537454327643007
0.7204480383348308
0.08775657382449835
0.2593811320754717
0.5838361185983828
0.10606337226714585
0.6041152440850555
0.09310907457322552
0.508728601377658
0.060215873015873014
0.5261469901168014
0.0994376759508835
0.5239925726265349
0.4778637915543576
0.006284037136867326
0.024801197963462113
0.4304148547469302
0.3083141060197664
0.26316909254267745
0.08169823300389338
0.49462665468703204
0.4604765498652291
0.9678725366876311
0.7295463312368973
0.29690709793351305
0.29856699610661874
0.23561641209943096
0.39217442348008386
0.41009595687331535
0.09304246780473195
0.7053556154537287
0.39525079365079363
0.4698043725666367
0.26239185384845765
0.252234561245882
0.08200011979634621
0.29376268343815515
0.6465308176100629
0.41751566337226714
0.2300597783767595
0.8237053009883198
0.886005630428272
0.7618060497154837
0.8996245582509733
0.039851452530697815
0.25979514824797845
0.8545322551662174
0.9903971248876909
0.1761068583408206
0.6385221922731357
0.5228564240790656
0.7569423180592992
0.7612578616352201
0.1574282120395328
0.08879544773884397
0.374580173704702
0.6149294998502546
0.07886193471099132
0.6716899670560048
0.030836058700209643
0.9808
0.40040587002096434
0.47665384845762204
0.25928050314465406
0.525166576819407
0.7288836178496556
0.6558998502545672
0.10585540581012279
0.39561928721174006
0.12006708595387841
0.9242896675651393
0.47664857741838873
0.5372401317759808
0.1580262353998203
0.45878071278825994
0.39557424378556455
0.3678040131775981
0.9925213536987122
0.7812743935309973
0.33178364779874214
0.358334830787661
0.4291057202755316
0.031425935908954775
0.9923555555555555
0.1019979634621144
0.3340794249775382
0.09934040131775981
0.9517244684037137
0.14797196765498652
0.04651356693620844
0.7023554357592093
0.7167971248876909
0.4031832285115304
0.3518710991314765
0.11257214734950584
0.9929238694219826
0.7407861036238395
0.010140041928721174
0.1866882300089847
0.47992955974842766
0.27870619946091646
0.42774195867026055
0.7077108116202456
0.582263432165319
0.5317874812818209
0.05103372267145852
0.99237280622941
0.1751288409703504
0.806806828391734
0.9244017969451932
0.08549913147648996
0.13596358191075172
0.6452854147948488
0.37221826894279725
0.31379742437855646
0.6494442647499251
0.060391254866726564
0.281516142557652
0.9520967954477388
0.44806852351003296
0.6126730158730159
0.8727810721772986
0.8390780473195567
0.4975985624438455
0.466594309673555
0.5336639712488769
0.7667296795447739
0.6860008385744235
0.6531157831686134
0.4967254866726565
0.7557098532494759
0.8233617250673855
0.26396549865229113
0.606278766097634
0.8950138364779874
0.24487714884696016
0.8219457322551662
0.7034244983528002
0.5395153039832286
0.5999012878107218
0.24632620545073375
0.9752203653788559
0.7602309673554957
0.2513653189577718
0.7498086852351004
0.9768385744234801
0.6616098233003893
0.7689066187481282
0.6812578616352202
0.3661747828691225
0.4252607367475292
0.8854454627133872
0.1090094040131776
0.672605690326445
0.08875998802036537
0.17494531296795449
0.54196489967056
0.21190392333033842
0.2934837975441749
0.04687151841868823
0.2737624438454627
0.24952716382150344
0.6559094339622642
0.5908499550763702
0.06731260856543875
0.7132976340221623
0.5944471997604073
0.8371584306678647
0.2730211440551063
0.7151908954776879
0.11054758909853249
0.7054964959568734
0.9547390236597784
0.7872392932015574
0.1761456723569931
0.07986391135070381
0.16620449236298293
0.7057322551662174
0.02297550164719976
0.9592452830188679
0.24411524408505542
0.9243466906259359
0.3288759508834981
0.025019706498951782
0.49782857142857145
0.8487863432165319
0.7892969152440851
0.7013778975741239
0.46982689427972446
0.6460760706798443
0.6865868823000898
0.90336316262354
0.14518167115902966
0.9562776879305181
0.6320565438754118
0.14695849056603774
0.6728797843665768
0.9317247079964062
0.7080936807427374
0.23480371368673256
0.9655863432165319
0.4839130278526505
0.8129370470200659
0.816254926624738
0.4967968852949985
0.33285606469002693
0.5976620545073376
0.08861239892183288
0.747694040131776
0.8353902365977838
0.4097696316262354
0.2683883797544175
0.27514585205151243
0.4623635819107517
0.4853184785864031
0.01450398322851153
0.24425612458820006
0.5979663372267146
0.9720136567834681
0.3324449236298293
0.9788319856244384
0.1451380652890087
0.6749259059598682
0.47642575621443545
0.4199024857741839
0.5911944893680743
0.024630128781072177
0.6969866427073974
0.8400905660377358
0.6616395327942498
0.4209044624138964
0.32506642707397426
0.39216388140161723
0.2182909853249476
0.8969823300389338
0.1797055405810123
0.7038600778676251
0.9333457921533393
0.33325858041329737
0.17865516621743036
0.5068521114106019
0.788150703803534
0.3240807427373465
0.40952620545073376
0.1393715483677748
0.02108463611859838
0.5891977238694219
0.014007067984426474
0.6727144654088051
0.6913935908954777
0.6114141958670261
0.11204887690925427
0.11422773285414795
0.9397874812818209
0.7272749925127283
0.46829158430667867
0.8299399820305481
0.6056927223719677
0.10247379454926625
0.45697705899970054
0.6493680742737347
0.24735980832584606
0.24790512129380055
0.4056788259958071
0.9581872416891285
0.8045005091344714
0.5271504043126685
0.146351841868823
0.21576519916142559
0.9714870320455226
0.9723366277328541
0.16608230008984726
0.9390557651991615
0.35503084755914943
0.8324466007786763
0.1564473195567535
0.4483876609763402
0.5275232105420785
0.8965491464510332
0.44203318358790056
0.8259584306678647
0.25010410302485775
0.47255010482180293
0.2889487870619946
0.19067265648397724
0.042129020664869725
0.3221294998502546
0.2589675950883498
0.32143372267145853
0.8379845462713387
0.7505265049415992
0.6779605870020964
0.4798691823899371
0.069359209344115
0.16957029050613956
0.21793686732554657
0.9163912548667266
0.8084164120994309
0.4966076070679844
0.3943949685534591
0.27502893081761004
0.6615226115603474
0.4286993710691824
0.1561947888589398
0.823813596885295
0.9995117100928421
0.8356533093740641
0.8672723569931117
0.37033794549266247
0.9736428870919437
0.09643701707097933
0.41737047020065887
0.29045582509733453
0.7891641808924827
0.01638670260557053
0.29334387541179996
0.8697152440850554
0.08114669062593591
0.9199616651692123
0.06724696016771488
0.9515112309074574
0.015220365378855944
0.2518732554657083
0.7080802635519616
0.9661886792452831
0.35897837675950883
0.2730671458520515
0.833149565738245
0.5408819407008086
0.584565438754118
0.39049727463312367
0.08782222222222222
0.496437975441749
0.8639199760407308
0.022919436957172808
0.42844684037136865
0.2775465708295897
0.41717017070979334
0.24489775381850853
0.14464785864031146
0.41604648098233005
0.7562359988020365
0.16245438754118
0.1613896376160527
0.1890304881701108
0.9565728661275831
0.8760826594788859
0.08450242587601078
0.679729739442947
0.363346151542378
0.931662893081761
0.44789266247379456
0.005971129080563043
0.17585911949685534
0.251529200359389
0.5258058101227913
0.9235680143755616
0.07145804132973944
0.4883507637017071
0.030439772386942197
0.654123510032944
0.3793006289308176
0.3882364779874214
0.5053690326445044
0.5822437855645403
0.038430667864630126
0.731212458820006
0.6929964660077867
0.4693683138664271
0.07150595986822401
0.3484032345013477
0.29700581012279126
0.05341623240491165
0.5835327942497753
0.7572672057502247
0.3736251572327044
0.8854497753818509
0.8295048817011081
0.4957666367175801
0.021656783468104224
0.08873890386343217
0.5149091344713986
0.593460077867625
0.17969787361485476
0.724212997903564
0.08868331835879005
0.8323488469601678
0.9558061695118298
0.8270145552560647
0.9520067085953878
0.28370506139562746
0.7095374663072777
0.03864582210242588
0.7443373465109314
0.7013275831087152
0.2254428271937706
0.8295882599580713
0.29856555855046424
0.02975980832584606
0.647092902066487
0.07701419586702606
0.35822126385145253
0.22789146451033243
0.7311654986522911
0.5357244684037137
0.6269901168014376
0.5285826894279725
0.23246049715483677
0.24701383647798741
0.06797340521114106
0.5046986522911051
0.9276559448936808
0.4376371368673255
0.025877448337825695
0.9118250973345313
0.48721796945193174
0.17094076070679845
0.457811320754717
0.3907560347409404
0.18463396226415094
0.7797050613956275
0.7794923030847559
0.9875272836178497
0.01794693021862833
0.012736747529200359
0.7740128182090447
0.9647401018268943
0.3352534291704103
0.7072661275831087
0.42377334531296795
0.1786618748128182
0.17584857741838875
0.9113938304881701
0.8922546870320455
0.4724988319856244
0.6555816711590297
0.7169686732554658
0.36551686133572925
0.7208850554058102
0.2772806229410003
0.9633447139862235
0.8159180592991914
0.862375082359988
0.9738498951781971
0.36161916741539385
0.12014231805929919
0.2749076969152441
0.8077527403414196
0.3324463611859838
0.13723677747828691
0.4172640910452231
0.6934593590895478
0.4591544773884397
0.9021024258760107
0.3618721772985924
0.4867982030548068
0.8057535789158431
0.28734782869122494
0.36226606768493563
0.9354681042228212
0.30959640610961364
0.9869191973644804
0.5819912548667265
0.7619910152740341
0.7872814615154238
0.4443203354297694
0.49911470500149746
0.33072704402515724
0.039601317759808324
0.9388434860736747
0.3129056603773585
0.9281499850254568
0.6838109613656783
0.8874637915543576
0.11361964660077868
0.050171668164121
0.9848615753219527
0.12001868823000898
0.46098592392932014
0.2970973345312968
0.5026146750524109
0.4207894579215334
0.8606227014076071
0.19175321952680444
0.42151063192572624
0.24263360287511232
0.932532614555256
0.2467498053309374
0.11892806229410002
0.6251414195867026
0.585839113507038
0.6085510631925726
0.6842719377059
0.6918603174603175
0.3780638514525307
0.16629553758610363
0.7387811919736448
0.8224412099430968
0.49912860137765797
0.16406205450733752
0.6143204552261156
0.7833253069781372
0.14800982330038934
0.21722431865828093
0.7892374962563642
0.9482336028751123
0.9699454926624738
0.36182905061395626
0.1164775082359988
0.7213992213237497
0.6919317160826595
0.7594522911051212
0.4716712788259958
0.6189139263252471
0.5452013177598083
0.6397560946391135
0.11362970949386043
0.4782356394129979
0.2371464510332435
0.778911051212938
0.8412104222821204
0.31260329439952084
0.3057610062893082
0.3647166217430368
0.9868602575621443
0.8193715483677748
0.9850302485774184
0.764778436657682
0.1618985324947589
0.7179375861036238
0.614108176100629
0.22772710392333034
0.9246188679245283
0.9589491464510332
0.9212224019167415
0.23919736448038334
0.9058587601078167
0.2970805630428272
0.9629599281221922
0.2958701407607068
0.8987538784067086
0.6531033243486074
0.07992908056304282
0.10847223719676549
0.707610182689428
0.9515672955974843
0.9460049116501946
0.13641832884097035
0.3776579814315663
0.33137729859239295
0.5846066486972147
0.17865037436358192
0.7452866127583109
0.6552160527103923
0.4069850853548967
0.6624455226115603
0.9774274932614555
0.36838382749326143
0.39867505241090145
0.8117822102425876
0.5262854746930219
0.11204887690925427
0.9451658580413297
0.13924216831386643
0.3883615453728661
0.5479111111111111
0.4069635220125786
0.5090942198262953
0.3582672656483977
0.44374195867026056
0.7773728661275832
0.5464165318957772
0.534033423180593
0.8255583108715184
0.7047408206049716
0.21706858340820606
0.665078167115903
0.4319607067984427
0.8928503144654089
0.4608512728361785
0.5421230308475592
0.6890048517520215
0.4302116801437556
0.2581496256364181
0.8421108116202456
0.8583920934411501
0.11358562443845463
0.7438457023060797
0.31770853548966754
0.8165132075471698
0.6687290805630428
0.9622627133872417
0.681152440850554
0.9733223120694818
0.35251799940101824
0.9736299490865529
0.014298412698412699
0.2580461215932914
0.7571426175501648
0.9675783168613358
0.9578077268643307
0.4452590595986822
0.28206864330637915
0.7204092243186583
0.3465497454327643
0.4206241389637616
0.46042144354597186
0.9398516921233903
0.263344474393531
0.998132614555256
0.4627239293201557
0.5911044025157233
0.6198469002695418
0.10820149745432764
0.3750339622641509
0.16279652590595986
0.09946690625935908
0.7759793950284516
0.6433979035639413
0.253551841868823
0.051005929919137466
0.21226043725666366
0.3226949386043726
0.31501934710991314
0.28377023060796647
0.12943995208146153
0.6970398322851153
0.7056570230607967
0.08807475292003594
0.1649006289308176
0.43906846361185986
0.5432337825696316
0.2713602875112309
0.39380796645702304
0.07476585804132974
0.9456167714884696
0.47900041928721176
0.2394292902066487
0.6557445941898772
0.4965831686133573
0.13610829589697515
0.014850913447139862
0.525822102425876
0.6840797843665768
0.4207233303384247
0.7755965259059598
0.4012501946690626
0.2813407607067984
0.6534775681341719
0.9567137466307277
0.2424860137765798
0.5227581910751722
0.46965678346810424
0.5357062593590896
0.02657466307277628
0.3242163522012579
0.776537646001797
0.7282165917939503
0.6575726864330638
0.8147095537586103
0.4720450434261755
0.5977746630727763
0.25319724468403715
0.6497883198562444
0.0970522911051213
0.71701755016472
0.27499203354297697
0.6324590595986822
0.40279844264749926
0.5915380652890087
0.36411764001197966
0.6531320754716982
0.23937226714585205
0.08230584007187781
0.3078746930218628
0.09845726265348907
0.9405306978137167
0.6318375561545373
0.17825840071877808
0.5245882000598981
0.006227972446840371
0.8484044324648098
0.14508104222821203
0.751045941898772
0.8926586403114705
0.47812111410601976
0.1585571728062294
0.8165256663671758
0.8414064091045224
0.8922728960766697
0.9322575621443546
0.6795668164120995
0.8562285714285714
0.8256709194369571
0.09045151242887092
0.01795268044324648
0.022796286313267446
0.08203845462713387
0.5985749026654688
0.8736047918538484
0.01829769392033543
0.7650822401916741
0.16410613956274334
0.5249921533393231
0.7763498053309374
0.03334651093141659
0.41771787960467205
0.9209516621743037
0.753513267445343
0.6794077268643306
0.9242273734651093
0.6777607666966158
0.29080754716981133
0.024184965558550466
0.6623453728661276
0.06204827792752321
0.41960491165019465
0.32216448038334833
0.9731569931117101
0.0632040730757712
0.9702651093141659
0.07947385444743936
0.8409152440850554
0.9724109014675052
0.8867042827193771
0.52916489967056
0.8549946690625936
0.8270006588799041
0.89231841868823
0.4449696316262354
0.06646876310272537
0.059311171009284215
0.641776819407008
0.16609284216831385
0.22248433662773284
0.5843919736448039
0.29700053908355795
0.36761856843366275
0.5477328541479485
0.1486586403114705
0.5426348008385744
0.804508176100629
0.823695717280623
0.017752380952380954
0.029743995208146152
0.7436947589098533
0.9787998802036538
0.7013112908056305
0.3274618748128182
0.5959341120095837
0.1806701407607068
0.2969904761904762
0.44026978137166817
0.049694399520814614
0.8940372566636717
0.40011644204851754
0.9578863132674453
0.4774205450733753
0.06990979335130279
0.4774440251572327
0.504431746031746
0.26277807726864333
0.9109937106918239
0.0699078766097634
0.9931126684636119
0.8057209943096736
0.9661829290206648
0.7158756513926325
0.031132195268044324
0.14229362084456423
0.7023822701407607
0.3913703504043127
0.8945514225816112
0.10668439652590596
0.7871151841868823
0.7143571129080563
0.29722048517520216
0.8548049116501947
0.0771047619047619
0.38511266846361186
0.14385911949685534
0.7253338125187182
0.03874884696016771
0.7093448337825696
0.873158670260557
0.2973757412398922
0.4979780772686433
0.529006768493561
0.7203641808924828
0.011892422881102127
0.6651418987720874
0.21239317160826596
0.3951798742138365
0.4799338724168913
0.9884348607367476
0.09392704402515724
0.3729394429469901
0.7546738544474394
0.5520349805330937
0.47709709493860436
0.5102332434860737
0.9729130877508236
0.6446241389637616
0.9710294100029949
0.30603893381251873
0.9209655585504642
0.5370053309374064
0.2813997005091345
0.8633483078766098
0.8618589997005092
0.9150107217729859
0.21635555555555555
0.2900221623240491
0.6739469302186283
0.25079652590595986
0.34087427373465107
0.4281233902365978
0.6507179395028452
0.6779879005690327
0.2547215333932315
0.1530292902066487
0.06742521713087751
0.2135288409703504
0.16237100928421683
0.24246397124887692
0.74378244983528
0.3085455525606469
0.40487283617849656
0.4378690625935909
0.39301635220125786
0.2564044324648098
0.7623389038634322
0.28006564839772385
0.5236197663971249
0.4287554357592093
0.858072476789458
0.6119345911949685
0.23364983528002395
0.10549074573225517
0.9120162923030848
0.9703528002395927
0.0591266846361186
0.6854076070679844
0.15829505840071878
0.19226642707397423
0.8182215034441449
0.07709709493860437
0.2623477687930518
0.15938041329739444
0.35509266247379456
0.12518478586403115
0.8937430368373764
0.9160984725965858
0.642053788559449
0.09537945492662474
0.3308386942198263
0.3916310272536688
0.6858863132674453
0.5821364480383349
0.49803174603174605
0.7644554657082959
0.5367163821503445
0.779053848457622
0.5438835579514825
0.3752749925127284
0.3301745432764301
0.9693556154537286
0.7502667864630129
0.036738185085354896
0.973300269541779
0.9556456424079065
0.9313308176100629
0.23046564839772388
0.9863072776280324
0.9367988020365379
0.6825123689727464
0.36477316561844864
0.7903300389338125
0.6380329439952082
0.9526052111410602
0.505186942198263
0.14791015274034142
0.6209236298292902
0.37736807427373464
0.4914233003893381
0.7370829589697514
0.541903084755915
0.3774241389637616
0.3762563641808925
0.7785856843366278
0.8860089847259659
0.42443701707097936
0.47256112608565437
0.06183168613357293
0.9741522611560347
0.6324609763402216
0.3121571728062294
0.7828949985025456
0.10053165618448637
0.09868631326744534
0.21417717879604672
0.4031357891584307
0.16517520215633424
0.5281547768793052
0.5135798742138364
0.28730949386043725
0.1608304282719377
0.00899958071278826
0.8147258460616951
0.4097332135369871
0.47758682240191674
0.04658975741239892
0.2504404911650195
0.12003210542078467
0.6128316262353998
0.3772741539383049
0.10253752620545073
0.3811641808924828
0.22738496555855045
0.4155538784067086
0.9643141060197664
0.2628259958071279
0.929360886492962
0.9655628631326745
0.2642659478885894
0.8334423480083858
0.9245728661275832
0.6051598682240191
0.03770326445043426
0.936512728361785
0.3132995507637017
0.042109853249475894
0.01735801138065289
0.5435946091644205
0.3582174303683738
0.3109151242887092
0.3099423779574723
0.475122371967655
0.5296541479484875
0.5451902964959568
0.7605429170410303
0.10831027253668764
0.23748427672955974
0.26069505840071877
0.6265439952081462
0.5380820604971548
0.4000153339323151
0.6902780473195568
0.2206533692722372
0.1390552860137766
0.04173033842467805
0.10075639412997904
0.7318531296795447
0.30604324648098236
0.10602024558250973
0.09642599580712788
0.31661311769991013
0.1583760407307577
0.7313734651093141
0.7617902365977838
0.2723809523809524
0.030453668763102727
0.5265471099131477
0.5280440850554058
0.9570616352201258
0.8985564540281521
0.012455944893680742
0.8275613057801737
0.11261287810721773
0.025944534291704104
0.12038766097634022
0.5261441150044923
0.017356094639113508
0.6130333632824199
0.8483991614255765
0.2330010182689428
0.47323486073674753
0.6920601377657981
0.3716389338125187
0.2949745432764301
0.3483299191374663
0.8301637616052711
0.44417322551662175
0.17435926924228812
0.8466280922431866
0.05338316861335729
0.8797436358191075
0.21683378256963162
0.819283857442348
0.2901759808325846
0.883168852949985
0.25798095238095237
0.4902248577418389
0.3156858939802336
0.2224670859538784
0.6846236597783768
0.7315560347409404
0.9412849356094639
0.816935369871219
0.9664905660377359
0.6536122192273136
0.030034381551362684
0.8091395028451632
0.9245953878406709
0.6884600179694519
0.968909973045822
0.4238945792153339
0.3673277029050614
0.15916717580113807
0.8996197663971249
0.7654684636118598
0.7790409104522312
0.6626141958670261
0.47184953578915845
0.14154082060497156
0.06909901168014375
0.2397704702006589
0.8325175202156334
0.7076173704702007
0.3078823599880204
0.17995423779574723
0.5828466007786762
0.8380257562144354
0.1574483378256963
0.23703288409703505
0.612411859838275
0.6521478286912249
0.1503602276130578
0.3229651991614256
0.11741287810721773
0.7804578616352201
0.7892389338125188
0.8735918538484576
0.017444743935309974
0.47239341120095835
0.4914094040131776
0.7013175202156334
0.21516525905959868
0.31558574423480085
0.36977969451931714
0.07518179095537586
0.17821431566337226
0.3599990416292303
0.8490182689427972
0.5229958670260557
0.7842036537885595
0.8749278227014076
0.5359702905061395
0.9642848757112908
0.0076137765798143155
0.38551135070380355
0.32206433063791556
0.6003675351901767
0.9780978736148548
0.08364372566636717
0.7614471398622342
0.9719988020365379
0.03276094639113507
0.7759194968553459
0.5999793950284517
0.7509280622941
0.5479571129080563
0.7122031746031746
0.2782428271937706
0.32507361485474695
0.041791194968553456
0.1762817610062893
0.06700161725067386
0.7677560946391135
0.39469925127283617
0.6208833782569632
0.7582399520814616
0.06796669661575322
0.7151314764899671
0.2664222821203953
0.5852875711290806
0.843712728361785
0.7209344115004492
0.11522060497154837
0.9629134471398623
0.6918358790056903
0.33185073375262053
0.17491656184486373
0.260672536687631
0.32448757112908055
0.36585468703204554
0.9380638514525307
0.046772806229410005
0.11558526504941599
0.9244037136867326
0.9610681042228212
0.5304160527103924
0.7094569631626235
0.7890314465408805
0.3364528301886792
0.789800539083558
0.8280304282719377
0.3339471698113208
0.9568565438754117
0.3351412997903564
0.8453122491764001
0.3990751722072477
0.5265092542677449
0.460486133572926
0.07818676250374364
0.3910286912249176
0.8934210242587601
0.19141826894279723
0.05444168912848158
0.7609923929320156
0.28343384246780473
0.6378776879305181
0.26106115603474095
0.8548461215932914
0.8676988319856245
0.11074117999401019
0.239369392033543
0.08429158430667864
0.38919341120095835
0.10947996406109614
0.07969140461215933
0.54761928721174
0.08466966157532195
0.3364461215932914
0.5845640011979635
0.37555771188978737
0.2756451632225217
0.2814380353399221
0.5251708894878706
0.37227289607666963
0.4332142557651992
0.4411749625636418
0.3925889188379754
0.8984936807427374
0.7443047619047619
0.894561485474693
0.6133616052710392
0.7053728661275831
0.6534497753818509
0.6201679544773885
0.32198191075172206
0.8325323749625636
0.8855149445941899
0.8831631027253669
0.06654878706199462
0.8323416591793951
0.4349374064091045
0.21856412099430966
0.7685697514225817
0.7791492063492064
0.5318483378256963
0.36654615154237796
0.3982720575022462
0.7378601976639713
0.42732410901467505
0.027906319257262654
0.7848112608565438
0.14075447738843966
0.05417669961066188
0.9470524109014675
0.02723498053309374
0.8651778376759509
0.6514343216531896
0.8909656783468104
0.4566262952979934
0.7508542677448338
0.31318885893980236
0.853060676849356
0.6092065887990417
0.508877628032345
0.7526291704103025
0.2496503144654088
0.24539227313566936
0.15986966157532195
0.5270876310272536
0.9775947289607667
0.029962503743635818
0.47714309673554955
0.30798298891883796
0.06389362084456424
0.49554381551362686
0.03246480982330039
0.4288675651392633
0.3435423779574723
0.9442621144055107
0.24212518718179096
0.7313451931716083
0.8261007487271638
0.6339565139263252
0.21591326744534292
0.23980592991913746
0.28329056603773584
0.029951003294399522
0.07693177598083259
0.8146630727762804
0.044480383348307874
0.978059538784067
0.2658625935908955
0.3484089847259659
0.098820964360587
0.8570561245882
0.3895604672057502
0.4078452231206948
0.9366881102126385
0.3730616352201258
0.5944376160527104
0.8613683138664271
0.9736936807427373
0.9441643605870021
0.6473051811919737
0.7061352500748728
0.8371191374663073
0.11562216232404912
0.8832253968253968
0.8864345013477088
0.055465708295896976
0.23391817909553758
0.10189781371668163
0.3941817310572028
0.9276492362982929
0.5037575321952681
0.2631542377957472
0.9970903863432166
0.6263772386942198
0.743903683737646
0.808437975441749
0.15855573525007488
0.09954788858939802
0.9674005390835579
0.3987383048817011
0.0158020964360587
0.08878442647499252
0.13936627732854148
0.9659629829290207
0.6826139562743336
0.6497840071877807
0.22568529499850254
0.3053105720275532
0.5089308176100629
0.19030847559149447
0.2883752021563342
0.49820233602875114
0.18759820305480682
0.13984642108415693
0.5326495357891584
0.8172559448936807
0.524871398622342
0.5899543575920935
0.4832594189877209
0.3094885893980234
0.3755979634621144
0.4023182988918838
0.6123121892782271
0.3894262952979934
0.94820964360587
0.2807978436657682
0.7838993710691824
0.9717266247379455
0.8880886492961965
0.30526648697214737
0.5825796945193171
0.006216951182988919
0.6664922431865828
0.44739047619047617
0.1277517819706499
0.32965606469002695
0.02987768793051812
0.9688194070080862
0.9527288409703504
0.7407654986522911
0.03285917939502845
0.006467565139263253
0.2721749026654687
0.7384908056304282
0.6502195867026056
0.05712512728361785
0.9919741239892184
0.27359329140461214
0.3947141060197664
0.3717132075471698
0.06114070080862534
0.8468614555256064
0.044625576519916145
0.5074180293501048
0.928391494459419
0.037103324348607365
0.021598802036537884
0.2542380353399221
0.9513478286912249
0.6273873614854747
0.5294284516322252
0.4244250374363582
0.6583815513626834
0.5489217130877508
0.8075399820305481
0.2393655585504642
0.15910008984725965
0.6391729260257563
0.47668451632225217
0.5231736448038334
0.7501666367175801
0.9989103324348607
0.5231659778376759
0.23267133872416892
0.8133548966756514
0.2973642407906559
0.6270567235699311
0.7135822701407607
0.6206227014076071
0.18004049116501947
0.2629069781371668
0.988504821802935
0.4604410901467505
0.06988200059898173
0.5419965259059598
0.18162755315962864
0.08554992512728361
0.1887592692422881
0.3683843066786463
0.525989817310572
0.5170721772985923
0.08465720275531596
0.08745708295896976
0.006176220425277029
0.3127024857741839
0.27498197064989516
0.39250218628331834
0.29106151542377956
0.6626146750524109
0.3563893381251872
0.1443383048817011
0.9422236597783767
0.47417837675950886
0.7670890685834082
0.2720943995208146
0.7004046720575022
0.11654363581910751
0.35542042527702905
0.38729487870619944
0.3361049415992812
0.4237570530098832
0.42261755016471997
0.7297887990416292
0.3753612458820006
0.8623765199161425
0.40544258760107815
0.4044554657082959
0.33443498053309373
0.543356933213537
0.6979565139263253
0.9993775381850853
0.9348346211440551
0.24375010482180293
0.6988861335729261
0.20821802935010483
0.26907073974243784
0.35134112009583707
0.6915637017070979
0.2561106918238994
0.45771596286313265
0.21657981431566337
0.9732652890086853
0.37060149745432763
0.37471817909553756
0.7096471997604074
0.6836374962563642
0.2522153938304882
0.4849250673854447
0.12930817610062892
0.8409622042527702
0.5088920035938904
0.2678780473195568
0.044607367475292
0.09115303983228512
0.3754671458520515
0.9401080563042827
0.8468398921832884
0.04301982629529799
0.9283622641509434
0.5271192572626535
0.07688337825696316
0.8550564839772387
0.6559587900569033
0.8464531895777179
0.25633015873015874
0.05336879305181192
0.6226994908655286
0.036295417789757416
0.9375899371069183
0.27789973045822103
0.15923234501347708
0.3637635220125786
0.037483318358790055
0.28403282419886194
0.9222746930218628
0.9513938304881701
0.04724001197963462
0.8133271039233303
0.4317393231506439
0.7623810721772986
0.06800551063192573
0.6142988918837975
0.8388178496555855
0.21222929020664869
0.7217686732554657
0.30950440251572325
0.9161770589997005
0.441323510032944
0.9912587002096436
0.17826846361185983
0.31640802635519616
0.28175429769392035
0.6303262054507337
0.9739984426474992
0.29753243486073677
0.22232189278227013
0.8672723569931117
0.7169475890985325
0.8256182090446241
0.5478895477687931
0.6133635220125786
0.38583288409703503
0.10845738244983529
0.6042772087451332
0.713954117999401
0.28601521413596886
0.8965726265348907
0.3716739143456125
0.9507383048817011
0.8288603773584906
0.22220065887990417
0.3338273734651093
0.25223695717280625
0.008460497154836778
0.7051073974243786
0.5851524408505541
0.3434144354597185
0.9088009583707697
0.9667656184486373
0.8237259059598683
0.9718655884995507
0.5291347109913148
0.9532401317759809
0.8995684935609464
0.5900477987421384
0.7762812818209045
0.34993039832285117
0.40036561844863733
0.8710938604372567
0.40473051811919736
0.2877254267744834
0.7594580413297395
0.17747684935609465
0.1530230607966457
0.5402863132674454
0.52582545672357
0.5928155735250075
0.3814286912249176
0.06924851752021563
0.4629798143156634
0.15018772087451332
0.8356547469302187
0.7110123989218329
0.15866019766397124
0.41585001497454327
0.09327295597484277
0.9436770290506139
0.12672967954477388
0.17422557651991613
0.3325249475890985
0.4477685534591195
0.9727329140461216
0.7910440251572327
0.10701743036837376
0.6118746930218628
0.8251395028451632
0.5198840371368674
0.8726952979934112
0.9747862234201857
0.6806986522911052
0.5488685235100329
0.9405374064091045
0.3812346211440551
0.7602103623839472
0.3120407307577119
0.1529914345612459
0.47489811320754716
0.5369157232704402
0.28222677448337824
0.2678008984725966
0.3570736148547469
0.25679305181191975
0.2724930817610063
0.5087870619946092
0.08296711590296496
0.22583480083857443
0.2817001497454328
0.5055295597484277
0.8712203653788559
0.9455607067984426
0.43724468403713684
0.017002455825097334
0.9386355196166517
0.01734459418987721
0.9524935609463911
0.30490086852351006
0.17528313866427073
0.4413115303983228
0.7509520215633423
0.23726241389637617
0.6520735549565738
0.08879592692422882
0.11542090446241389
0.8196619347109914
0.477890625935909
0.9325690326445043
0.6781685534591195
0.04687822701407607
0.6209777777777777
0.33632536687631026
0.8966205450733753
0.5904258760107817
0.9835112309074573
0.4332578616352201
0.7058271338724169
0.24497250673854448
0.9835241689128481
0.18869649595687332
0.7498575621443546
0.9446746930218628
0.9249447139862235
0.8268540281521414
0.0679906558849955
0.3636005989817311
0.08318370769691524
0.6041401617250673
0.7379407008086253
0.18916418089248277
0.22857622042527703
0.09096471997604073
0.25218712189278225
0.3942325247079964
0.3347162623539982
0.2422794848757113
0.3238114405510632
0.6224421683138665
0.3614754117999401
0.590325726265349
0.014315663372267145
0.25041940700808624
0.9239791554357593
0.6561174004192872
0.4417279424977538
0.3355514824797844
0.10123318358790057
0.11155244085055406
0.9925323749625636
0.10503504043126685
0.2592627732854148
0.5438068882899072
0.21961928721174004
0.15066978137166817
0.2579569931117101
0.9995169811320754
0.7592309074573226
0.7249375262054507
0.887490625935909
0.984577897574124
0.27490913447139864
0.7204763102725367
0.9883970050913448
0.15840335429769392
0.5198193471099132
0.876268583408206
0.29684767894579217
0.10688182090446241
0.1025183587900569
0.6775096735549566
0.08358526504941599
0.6319707696915244
0.24280994309673554
0.7762836777478287
0.7836679245283019
0.08943276430068883
0.835373944294699
0.6840352201257862
0.47750248577418386
0.7545856843366278
0.28343192572626535
0.4807432165318958
0.9620715184186882
0.16720071877807727
0.42070416292303087
0.7772880503144655
0.04269350104821803
0.23033003893381251
0.1873130877508236
0.02505516621743037
0.24499742437855646
0.3586736148547469
0.33600575022461815
0.0649329739442947
0.3550044923629829
0.8150373165618449
0.23791793950284515
0.22789481880802637
0.3763320754716981
0.8874954177897574
0.8468969152440851
0.3183803533992213
0.916374483378257
0.267861755016472
0.5186808026355196
0.8259239293201557
0.0064421683138664275
0.2721509433962264
0.5852717580113806
0.06838550464210842
0.7764188080263552
0.5175925726265349
0.3686138364779874
0.25937202755315963
0.2392313866427074
0.9907047619047619
0.5290949386043726
0.4623496855345912
0.24687822701407608
0.6311398622342018
0.4724461215932914
0.31196501946690625
0.8264160527103923
0.1475656184486373
0.6732247978436657
0.7638128781072178
0.9137586103623839
0.8182512129380054
0.39132530697813717
0.13804228811021263
0.17641305780173705
0.7019380652890087
0.11077616052710393
0.7255389038634321
0.03651680143755615
0.9072991913746631
0.4904261156034741
0.23362108415693322
0.8229678346810422
0.8445508235998802
0.26643905360886494
0.2662531296795448
0.5198207846660677
0.3884128182090446
0.033952201257861636
0.9408982330038934
0.9482412698412699
0.04592033542976939
0.971109913147649
0.6521732255166217
0.36371512428870917
0.9763574722970949
0.8327465708295897
0.9405580113806529
0.16654279724468404
0.6749383647798742
0.6825818508535489
0.13890002994908654
0.3668451632225217
0.5453019466906259
0.01792680443246481
0.21688553459119497
0.007627672955974843
0.9849713087750823
0.8765100928421683
0.5044581012279126
0.41943192572626536
0.4782049715483678
0.4704282719377059
0.3052118598382749
0.47756573824498355
0.7330458221024259
0.7890333632824199
0.32709050613956275
0.18953027852650495
0.8208795447738844
0.4586628331835879
0.8953123689727464
0.738429469901168
0.14163857442348007
0.6763260856543876
0.6739344713986224
0.6374924228811021
0.005808206049715483
0.14445714285714287
0.7217202755315962
0.36029709493860435
0.3568977538185085
0.3734799640610961
0.5917254267744834
0.3146695417789757
0.03979874213836478
0.15075363881401618
0.5862866726564839
0.6439048817011082
0.14393147648996707
0.03052075471698113
0.43731560347409404
0.7052650494159928
0.7683622641509434
0.10106546870320456
0.958483857442348
0.40828846960167714
0.1530954177897574
0.7583817909553758
0.28166564839772384
0.772741060197664
0.8881811320754717
0.14464977538185086
0.860371129080563
0.09481066187481282
0.24897753818508536
0.10689044624138964
0.4620324648098233
0.7653731057202755
0.18273542976939203
0.6442786463012878
0.3563874213836478
0.38590332434860736
0.8219965259059598
0.14154273734651093
0.6930228212039533
0.41623000898472595
0.774282120395328
0.5044221623240491
0.9742365977837676
0.9325810122791255
0.6313430368373765
0.5101992213237496
0.3251627433363282
0.2712711590296496
0.948082180293501
0.35687523210542077
0.4834501347708895
0.10609020664869721
0.46266163522012577
0.3493673554956574
0.40039628631326746
0.22788188080263552
0.2741635220125786
0.36085055405810124
0.7505236298292902
0.5379196166516921
0.5106539682539682
0.6914065289008685
0.3243615453728661
0.9067054806828392
0.30958921832884095
0.9567453728661276
0.6496752321054208
0.35251752021563343
0.4023063192572627
0.8950028152141359
0.24347265648397723
0.3793562144354597
0.7575039233303384
0.06079137466307278
0.9527777178796046
0.9696345013477089
0.17523809523809525
0.41831686133572926
0.9089030248577419
0.8761277029050614
0.8792869721473495
0.5359803533992213
0.7938731356693621
0.0019665768194070082
0.8562994908655286
0.5478775681341719
0.7571440551063192
0.9313394429469901
0.9200287511230908
0.8389050613956275
0.47784893680742735
0.878521233902366
0.13844672057502247
0.7461563342318059
0.32406205450733755
0.48879832285115304
0.7249648397723869
0.15937849655585504
0.7533211141060198
0.17460077867625037
0.44372183288409706
0.6325179994010183
0.9530815214135969
0.12033015873015873
0.4408376160527104
0.8910567235699312
0.8769293800539083
0.49796178496555854
0.776214195867026
0.07179347109913148
0.24711063192572627
0.4483718478586403
0.8562482180293501
0.3347038035339922
0.7545789757412399
0.5484616951182989
0.37660904462413897
0.6219519616651692
0.46101179994010183
0.7155847858640312
0.17827038035339923
0.7153193171608266
0.7142962563641809
0.7623949685534591
0.0775801138065289
0.4705068583408206
0.430670260557053
0.48988224019167415
0.845244204851752
0.0545413596885295
0.5384563042827194
0.48490973345312965
0.23700557053009882
0.9704529499850254
0.9695228511530398
0.11952512728361785
0.3243883797544175
0.7791717280622941
0.7354700209643605
0.10200035938903863
0.03139143456124588
0.9546566037735849
0.38788715184186884
0.5044279125486673
0.36715663372267143
0.3243519616651692
0.14321749026654687
0.6760136567834681
0.7569150044923629
0.8276676849356095
0.06648601377657981
0.9643323150643905
0.6379548367774783
0.4181098532494759
0.5464807427373465
0.4886962563641809
0.9157031446540881
0.4705226714585205
0.8133769392033543
0.8966262952979934
0.5474784067085954
0.3476120994309674
0.48398682240191676
0.7443900569032644
0.3321463911350704
0.22576771488469602
0.3139550763701707
0.8471168613357293
0.16134219826295298
0.48644264749925126
0.6646996106618748
0.8918857142857143
0.17931787960467205
0.1638282120395328
0.36689356094639114
0.8525584905660377
0.22622869122491765
0.7341268643306379
0.5338225816112608
0.4412971548367775
0.9451778376759509
0.5999266846361186
0.8489727463312369
0.3126976939203354
0.14464067085953877
0.022583528002395926
0.028097993411200957
0.1120512728361785
0.3347383048817011
0.6038732554657082
0.6929988619347109
0.17867672955974842
0.25702258161126085
0.6886713387241689
0.4033475890985325
0.30654687032045524
0.7113521413596885
0.2809454327643007
0.06806876310272536
0.6224115004492363
0.409752380952381
0.8180489967056005
0.1470720575022462
0.8425713087750824
0.9302258161126086
0.8995627433363282
0.6327345911949686
0.5875349505840072
0.44325893980233605
0.8478768493560946
0.022288828990715784
0.6567959269242288
0.9845831686133573
0.11521868823000898
0.9373469901168014
0.24490398322851153
0.4817983827493261
0.2756231206948188
0.5994647499251273
0.4162870320455226
0.8825224318658281
0.9879690925426774
0.2312074273734651
0.19051979634621144
0.8523936507936508
0.7624740341419587
0.3153308176100629
0.7634319257262654
0.8811668164120995
0.9362899071578317
0.6895391434561245
0.10151686133572926
0.3716020365378856
0.49080754716981134
0.12350332434860736
0.3342490566037736
0.05890098831985625
0.23415058400718777
0.8959516022761306
0.02290554058101228
0.017564061096136566
0.12388092243186583
0.7296507936507937
0.06506762503743636
0.13729571728062295
0.039266846361185985
0.2379883797544175
0.26065193171608264
0.9520014375561545
0.8297483078766098
0.15587469302186283
0.4847554357592093
0.826171668164121
0.737292362982929
0.44171787960467207
0.0510250973345313
0.9381817310572027
0.6126792452830189
0.1917402815214136
0.9515457322551663
0.007984666067684935
0.9089073375262054
0.5856579814315663
0.6812799041629231
0.15544582210242588
0.7093525007487271
0.2801015873015873
0.4850946990116801
0.7892164120994309
0.4585746630727763
0.3361485474693022
0.4994180293501048
0.9520546271338725
0.8552764300688829
0.488345013477089
0.8167676549865229
0.6241341719077568
0.17747589098532496
0.9912649296196466
0.07322383947289608
0.2391067984426475
0.364144474393531
0.9758332434860737
0.014839412997903563
0.7281389637616053
0.08239448936807427
0.0900533093740641
0.6415889787361485
0.023102964959568734
0.889960347409404
0.2167005690326445
0.7117580113806529
0.6486497753818509
0.904537646001797
0.8276782270140761
0.18935010482180292
0.10861790955375861
0.1806356394129979
0.2521952680443246
0.28920371368673253
0.10945265049415993
0.23816424079065587
0.6486588799041629
0.022795807127882598
0.08556190476190476
0.15306666666666666
0.46723593890386345
0.22929116501946692
0.3177310572027553
0.6462955375861036
0.6189862833183588
0.49056699610661875
0.9731814315663372
0.3616867325546571
0.9658153938304882
0.5925505840071877
0.7806548068283917
0.9376896076669662
0.822781910751722
0.08891284815813118
0.6126768493560947
0.9377341719077568
0.10087906558849954
0.530948427672956
0.9434465408805032
0.6965433962264151
0.6739502845163222
0.9704414495357891
0.9823492063492063
0.614157532195268
0.7808656483977239
0.8340935609463911
0.23121030248577418
0.05465923929320156
0.4340552261156035
0.4155706498951782
0.7149259059598683
0.5228569032644504
0.48679484875711293
0.38459131476489966
0.5122161126085655
0.8815113507038035
0.41448002395926925
0.7015307577118898
0.24553842467804732
0.3060293501048218
0.23355303983228512
0.987221563342318
0.47787912548667266
0.0855067984426475
0.6284358191075172
0.9216675651392633
0.37823683737646
0.008219946091644205
0.40706846361185983
0.4425253069781372
0.4564331835879006
0.7228104222821204
0.8192948787061994
0.15821215932914046
0.7277661575321953
0.7043114705001497
0.29187565139263255
0.3095997604073076
0.30765666367175803
0.7817607666966158
0.7445577717879605
0.9482010182689428
0.606390895477688
0.03998802036537886
0.5055918538484576
0.5928716382150344
0.47153566936208446
0.3049185983827493
0.7886332434860737
0.6734298891883798
0.6781589697514225
0.2880110212638515
0.7596942797244685
0.084234561245882
0.35792656483977237
0.23036693620844564
0.8810053309374064
0.8411874213836478
0.7524834980533094
0.7548195268044324
0.026568433662773287
0.6467986822401917
0.8657945492662473
0.7570616352201258
0.5822365977837676
0.9702938604372566
0.3121519017669961
0.19163342318059298
0.9644061096136568
0.5403907756813418
0.24816148547469302
0.23129751422581613
0.8552079065588499
0.4031769991015274
0.3590905061395627
0.7358634321653189
0.6452140161725067
0.4741041030248577
0.032515124288709195
0.7060700808625336
0.9633226714585205
0.5457408805031446
0.7532008385744234
0.024184965558550466
0.1545646001796945
0.4300104222821204
0.3607024857741839
0.25420784666067686
0.5380811021263852
0.9391539982030548
0.44168529499850256
0.21710212638514526
0.4840783468104223
0.8983959269242288
0.6977451931716082
0.9416064690026954
0.7788061096136568
0.3295726864330638
0.5863609463911351
0.052215873015873014
0.8250891883797544
0.3909036238394729
0.916088409703504
0.09863504043126685
0.7829275831087151
0.2683141060197664
0.21678250973345312
0.28305384845762205
0.8375192572626535
0.43719197364480383
0.025961305780173704
0.8349278227014076
0.6231087151841869
0.59248158131177
0.19115663372267147
0.2333968253968254
0.681205151242887
0.6532561844863731
0.4952222821203953
0.5249499850254568
0.4187203354297694
0.2151614255765199
0.354749565738245
0.6455460916442048
0.14415717280622942
0.9620834980533094
0.5851165019466906
0.9716327044025157
0.7614605570530099
0.9978796046720575
0.6519599880203654
0.05312057502246181
0.40568122192273137
0.28158466606768495
0.8979622641509434
0.6858321653189577
0.8991286013776579
0.17802791254866726
0.012604013177598083
0.24519820305480683
0.5475023659778376
0.6783319556753519
0.8255793950284517
0.07638406708595388
0.6114098831985625
0.8892712788259958
0.6132432464809824
0.05558310871518419
0.93669913147649
0.789573405211141
0.879726385145253
0.24279317160826594
0.23561449535789158
0.03677220724767895
0.21153447139862233
0.18759436957172806
0.43551338724168914
0.8440908056304283
0.4432575022461815
0.14693692722371968
0.23262054507337526
0.708079305181192
0.45745911949685536
0.3346932614555256
0.08124540281521414
0.6757247079964062
0.22640646900269543
0.1754451033243486
0.9613445941898772
0.6812343815513627
0.8675780772686433
0.05298209044624139
0.36257945492662474
0.8889511829889188
0.6326080862533693
0.9486016172506738
0.6238710991314765
0.8479865828092243
0.28371943695717283
0.3740669661575322
0.5979030847559149
0.3872967954477388
0.324312189278227
0.03961808924827793
0.08175238095238095
0.17270751722072478
0.755218688230009
0.039452291105121294
0.07196501946690625
0.2256575022461815
0.793724109014675
0.9788037136867326
0.40010829589697516
0.9416026355196166
0.10664893680742737
0.27684360587002094
0.24702917041030248
0.7805388439652591
0.9122678646301288
0.25633063791554356
0.5408196466007786
0.7829745432764301
0.5822380353399221
0.38138029350104824
0.4896460017969452
0.582521233902366
0.848065169212339
0.7803970050913447
0.09936052710392333
0.6840448038334831
0.7810223420185685
0.4570201856843366
0.28272081461515425
0.585354657082959
0.5197163222521713
0.16045187181790954
0.6782155136268344
0.7278068882899071
0.776173944294699
0.1510502545672357
0.4071614255765199
0.2902037735849057
0.43786139562743337
0.4044660077867625
0.5459910152740342
0.002552620545073375
0.5971823899371069
0.7032079065588499
0.19161665169212339
0.23966984126984128
0.1594029350104822
0.1299445342917041
0.9027368673255466
0.7568483977238695
0.27558095238095237
0.7903990416292304
0.15083270440251573
0.3850192273135669
0.4209322551662174
0.36424989517819706
0.38412698412698415
0.24556382150344414
0.48391254866726563
0.8812477987421383
0.7094397124887691
0.19054663072776282
0.9639729260257562
0.6492449236298293
0.46216088649296194
0.7275026055705301
0.8865710691823899
0.3146628331835879
0.7288553459119497
0.5373776579814316
0.8367233303384247
0.05113051811919737
0.08295561545372866
0.2524545073375262
0.7620758310871518
0.643432884097035
0.7619311171009284
0.06112440850554058
0.4975976040730758
0.9135482479784367
0.27669697514225816
0.09566121593291405
0.7434441449535789
0.2493350104821803
0.9853211141060197
0.8055959269242288
0.6541580113806529
0.9268839772386942
0.2814917041030249
0.9456105420784666
0.3067529200359389
0.8285005091344714
0.7378434261755017
0.8345938304881702
0.7154884696016771
0.7762846361185984
0.4466554058101228
0.8921324947589099
0.6272603773584906
0.09030104821802935
0.4872103024857742
0.5436803833483079
0.39138568433662774
0.8923529200359389
0.8236362982929021
0.0053687930518119195
0.4714374363581911
0.40316262353998206
0.3797443545971848
0.6144019167415394
0.6682944594189877
0.15934303683737647
0.41682851153039835
0.9480596585804133
0.17494818808026355
0.2715323150643905
0.29454519317160827
0.883029410002995
0.5249202755315963
0.970410781671159
0.06783204552261156
0.48906762503743634
0.679769991015274
0.9936450434261755
0.22154944594189876
0.6830921832884097
0.9398421084156933
0.32957220724767894
0.6614310871518418
0.33322982929020667
0.9316806229410003
0.07840191674153939
0.4728529499850255
0.29248325846061696
0.7279108715184187
0.0736522312069482
0.6749364480383349
0.5251799940101827
0.8814346810422282
0.22884648098233004
0.8089521413596885
0.617478766097634
0.2165088948787062
0.6497825696316263
0.12777142857142856
4.791853848457622e-05
0.6416790655884995
0.040175861036238394
0.744655525606469
0.7277570530098832
0.8568658879904163
0.7644808625336927
0.7671067984426475
0.47269481880802633
0.6222572027553159
0.6454847559149446
0.9484530697813717
0.14788619347109913
0.0819172207247679
0.7339989218328841
0.1599329140461216
0.4097586103623839
0.08544115004492363
0.6126639113507037
0.2521938304881701
0.7283991614255765
0.02981299790356394
0.1769348906858341
0.4971615453728661
0.6046672656483977
0.7388013177598083
0.2868355795148248
0.23507684935609463
0.16961725067385444
0.8410259359089548
0.5436569032644505
0.5273157232704403
0.5341086552860138
0.3650884696016771
0.4237426774483378
0.8374013776579814
0.855030607966457
0.6128469601677149
0.956079305181192
0.45986271338724166
0.6405735849056604
0.2733623240491165
0.24228331835879005
0.35811057202755314
0.9445606469002695
0.6965477088948787
0.288186403114705
0.4305322551662174
0.036925067385444744
0.3600052710392333
0.37845151242887093
0.9912563042827194
0.13947888589398022
0.7081368074273735
0.5025332135369871
0.6924540281521414
0.0812094639113507
0.5988082659478886
0.1267081162024558
0.8588339023659778
0.8133160826594789
0.9484990715783168
0.9894818808026355
0.6391772386942198
0.17510871518418689
0.4697253069781372
0.6434276130578017
0.3667205750224618
0.8874954177897574
0.9724751123090746
0.819874213836478
0.8303568733153639
0.41525726265348906
0.4843174603174603
0.4243828691224918
0.039939143456124586
0.14761880802635519
0.3580027553159629
0.009749985025456723
0.9591398622342019
0.33640347409404014
0.18923845462713387
0.6557536987121892
0.7687551961665169
0.08617094938604372
0.22244648098233005
0.7568522312069482
0.02866343216531896
0.5984517520215633
0.1304711590296496
0.6015587900569033
0.17102701407607068
0.9747641808924827
0.33328206049715486
0.9642139562743336
0.5438845163222522
0.5044269541778976
0.7870835579514824
0.7570276130578018
0.007392872117400419
0.34803426175501645
0.11830080862533693
0.4887096735549566
0.008672297094938605
0.9202410302485774
0.9267248876909254
0.42182162324049116
0.028465049415992812
0.2616510332434861
0.08572291105121294
0.13645330937406408
0.8387766397124887
0.32730038933812516
0.2496009583707697
0.28802252171308773
0.8398715783168613
0.2462605570530099
0.7282098831985624
0.1415058400718778
0.7072503144654088
0.905006768493561
0.6312754716981132
0.863552440850554
0.6521837675950883
0.08535777178796047
0.8163622641509434
0.12842264150943397
0.8564020365378856
0.8298604372566637
0.3331028451632225
0.010880862533692722
0.9244794249775382
0.5489207547169811
0.28362216232404913
0.23643725666367177
0.5387457322551662
0.45634309673554957
0.2906585205151243
0.9222823599880203
0.6610367175801138
0.9594043725666367
0.8306966157532195
0.9644061096136568
0.29778496555855044
0.289413596885295
0.466243066786463
0.2379466906259359
0.6862782869122491
0.8442010182689428
0.35978628331835877
0.4907390236597784
0.6123888589398023
0.4778887091943696
0.8208766696615754
0.7577727463312369
0.14454291704103026
0.10686457023060797
0.04697406409104522
0.6008582210242588
0.40018065289008686
0.22042383947289607
0.37726984126984126
0.8490110811620245
0.116138244983528
0.38980676849356094
0.12170110811620245
0.34860880503144653
0.7906688230008985
0.43863432165318955
0.28374818808026353
0.6680150943396227
0.5118509733453129
0.7268312668463612
0.36846672656483975
0.5925783767595089
0.617534830787661
0.9973673554956574
0.19104258760107817
0.07548080263551962
0.14089487870619946
0.4360888888888889
0.10220257562144354
0.5310131176999101
0.21427301587301587
0.9688793051811919
0.43153998203054805
0.11885858041329739
0.6122278526504942
0.06051823899371069
0.8086794848757113
0.7601207547169812
0.3684763102725367
0.21885882000598983
0.1767202156334232
0.35658053309374066
0.23971584306678645
0.9578058101227912
0.01726984126984127
0.9606660676849356
0.16166421084156934
0.7169188379754418
0.017865468703204553
0.7905001497454328
0.4416661275831087
0.36871398622342016
0.25181958670260557
0.13702258161126085
0.7391281221922731
0.016244863731656185
0.8942859538784067
0.07493644803833482
0.3401152440850554
0.7445558550464211
0.2962779275232105
0.3598629529799341
0.11647319556753519
0.8489837675950883
0.47219646600778675
0.27485498652291107
0.965533153638814
0.2910452231206948
0.15770134770889488
0.18491668164120995
0.1793140461215933
0.017959868224019168
0.6750821203953279
0.7578963761605271
0.2625643605870021
0.6518032943995208
0.6331102725366876
0.5310020964360587
0.6272316262353999
0.8091902964959569
0.43960706798442645
0.18965534591194969
0.6496637316561845
0.8840668463611859
0.24516370170709792
0.618911051212938
0.9977296196466008
0.5397390835579515
0.7212655286013776
0.33895417789757415
0.3892672057502246
0.6319487271638216
0.39216723569931117
0.07632416891284816
0.5076451632225217
0.12937909553758611
0.23188834980533093
0.693032884097035
0.7249581311769991
0.40384881701108116
0.39522875112309075
0.4589465109314166
0.13801545372866128
0.9885062593590895
0.4372408505540581
0.2904261156034741
0.9509419586702605
0.6304488769092542
0.9621860437256664
0.8446917041030249
0.07025720275531597
0.10015980832584606
0.8629261455525606
0.5236259958071279
0.1905413596885295
0.915228271937706
0.9727027253668763
0.595830607966457
0.6463731656184486
0.2144407307577119
0.37161066187481284
0.11744067085953878
0.13839640610961365
0.5960026355196166
0.6240253968253968
0.6684511530398323
0.48488960766696615
0.7670828391734053
0.8101917939502845
0.08477220724767895
0.4031592692422881
0.20825876010781671
0.8781599281221922
0.308377358490566
0.590477628032345
0.7886907457322552
0.7765774183887392
0.07440503144654088
0.7091723270440251
0.10745157232704403
0.6891625037436359
0.7338949386043726
0.5007429769392033
0.9264023959269242
0.10651284815813118
0.13122348008385745
0.6119374663072776
0.4313919137466307
0.4866669062593591
0.14434165917939504
0.08295130278526505
0.06545768194070081
0.09064845762204253
0.06743623839472897
0.021785684336627732
0.42876693620844564
0.5438840371368673
0.1080491165019467
0.5050652291105121
0.2646943396226415
0.8230282120395328
0.15812015573525007
0.37540245582509735
0.12687583108715184
0.14753782569631627
0.9692712788259958
0.16013800539083559
0.3459938903863432
0.6062552860137765
0.5821081761006289
0.9268614555256065
0.8919197364480383
0.6975760407307577
0.9594915843066787
0.8053318957771788
0.7873322551662174
0.24352536687631027
0.3553183587900569
0.15932818209044625
0.8394566037735849
0.9362280922431866
0.49417430368373766
0.10208086253369272
0.6429436358191075
0.2590169511829889
0.4984141359688529
0.3814272536687631
0.6656752321054208
0.8073799341120096
0.45678059299191376
0.7608572626534891
0.10712620545073376
0.35809571728062295
0.5913415992812219
0.8071767595088349
0.6382097634022162
0.872571668164121
0.1253151242887092
0.9641387241689129
0.14995867026055706
0.4778240191674154
0.26716262353998205
0.04619730458221024
0.46470392333033844
0.2361559748427673
0.9422188679245282
0.4604377358490566
0.4315227313566936
0.013662533692722372
0.6524755914944594
0.16282815214135968
0.6390502545672357
0.9527575920934411
0.07868703204552262
0.2616649296196466
0.8548499550763702
0.5962321653189577
0.44406828391734054
0.5964295896975143
0.6272584606169512
0.41685534591194967
0.7249447139862234
0.4073962264150943
0.505283258460617
0.1876178496555855
0.2609533393231506
0.3729519017669961
0.26258256963162624
0.2647384246780473
0.9988614555256065
0.9050149146451033
0.7267637017070979
0.29557544174902667
0.07439401018268943
0.27762994908655286
0.8233761006289309
0.10899598682240191
0.5409178796046721
0.0832282719377059
0.2932384546271339
0.17791961665169212
0.9335839472896077
0.9028274333632824
0.40014998502545673
0.37553950284516324
0.9779268044324648
0.021646241389637617
0.09820760706798443
0.011889547768793052
0.9426022162324049
0.6438147948487571
0.9863690925426775
0.834997783767595
0.9551923330338424
0.2863329140461216
0.9640965558550464
0.26327499251272835
0.8332717580113806
0.4981017070979335
0.14206888289907157
0.11636489967056005
0.3317151242887092
0.2795088349805331
0.1805934710991315
0.8984189278227014
0.19114321653189578
0.9302238993710692
0.2639602276130578
0.7663209344115004
0.9675217729859239
0.8248189278227014
0.00033399221323749626
0.40452926025756214
0.9082824797843666
0.8574552860137766
0.26247810721772985
0.24938292902066486
0.7591738843965259
0.7572748727163822
0.5294734950584007
0.08942701407607068
0.2925412398921833
0.08963018867924528
0.9723888589398023
0.06818855944893681
0.14863276430068884
0.7876662473794549
0.7255365079365079
0.19020353399221324
0.4686567235699311
0.05453369272237197
0.9405560946391135
0.16244959568733153
0.15949398023360287
0.36024246780473196
0.44639856244384546
0.3764897274633124
0.17075531596286314
0.3859215333932315
0.10109134471398622
0.9334694219826295
0.15329475890985325
0.40023528002395925
0.46470631925726263
0.46865816112608566
0.1372343815513627
0.2438229410002995
0.1066733752620545
0.01095226115603474
0.39222138364779874
0.9939085953878407
0.12776615753219528
0.15599976040730756
0.6887988020365379
0.46470200658879907
0.31100569032644504
0.7616728361784966
0.7740415693321354
0.3780485175202156
0.27323725666367177
0.809130877508236
0.23268188080263552
0.11640898472596586
0.934673135669362
0.6465763402216232
0.13717975441749028
0.11979442946990117
0.7570094040131776
0.12519820305480683
0.6518435459718479
0.7418767295597485
0.8070421084156933
0.8832392932015574
0.42206217430368376
0.3505854447439353
0.823745073375262
0.34933860437256664
0.9134979335130279
0.13922156334231806
0.7445261455525607
0.6384383348307877
0.9718028152141359
0.5074697813716682
0.6865878406708595
0.40061814914645105
0.7682879904162923
0.16395567535190178
0.2818199460916442
0.08185923929320156
0.6000718778077269
0.3654938604372567
0.4785111710092842
0.08991482479784367
0.8698297693920335
0.9678811620245582
0.12652362982929022
0.5381285414794849
0.5338086852351003
0.36841209943096737
0.28881030248577416
0.9757699910152741
0.14940041928721173
0.255543336328242
0.9434441449535789
0.4285551362683438
0.9069000299490866
0.9406150344414496
0.9329380053908356
0.4848416891284816
0.3629091344713986
0.15879532794249776
0.15846900269541778
0.6481878406708595
0.817208505540581
0.29513890386343217
0.039191135070380356
0.6852082659478886
0.15022893081761007
0.7444489967056005
0.3839032045522612
0.031224678047319557
0.6811572327044025
0.7879805929919137
0.23847379454926626
0.17588020365378856
0.24748823000898473
0.7807012878107218
0.021543216531895778
0.1757445941898772
0.7755730458221024
0.9775194968553459
0.9416467205750224
0.35924959568733156
0.22856807427373466
0.1665432764300689
0.4853017070979335
0.039937705899970054
0.8228782270140761
0.6790071278825995
0.6962256963162623
0.36690697813716683
0.350045882000599
0.2960828990715783
0.7938755315962863
0.9741335729260258
0.18868834980533095
0.19232440850554058
0.5476264749925127
0.07955196166516922
0.7092475591494459
0.8288661275831087
0.6885414794848758
0.333228870919437
0.026126145552560646
0.7069469901168014
0.5336654088050314
0.17484899670560047
0.15860988319856245
0.25210805630428273
0.4325151242887092
0.8271429769392034
0.009900449236298292
0.844694579215334
0.5361959868224019
0.0885132075471698
0.9928912848158131
0.3139737646001797
0.9870097634022162
0.5265250673854447
0.8355641808924827
0.18895765199161427
0.6405764600179694
0.1307026055705301
0.4705394429469901
0.3898930218628332
0.26294052111410604
0.09459359089547768
0.365467984426475
0.06571452530697813
0.6211176999101528
0.8286054507337526
0.832401078167116
0.2141728661275831
0.08786774483378257
0.3829237496256364
0.37741407607067984
0.7609923929320156
0.5338182689427973
0.17037532195268043
0.054579694519317164
0.33584953578915844
0.7407746031746032
0.7284993111710093
0.959785804132974
0.139218688230009
0.13111278825995806
0.8485568134171908
0.06050338424678047
0.6510878706199461
0.8445139263252471
0.17607810721772985
0.41575274034141957
0.26743000898472596
0.26474848757112907
0.9738503743635819
0.1201298592392932
0.1217289008685235
0.03637640011979635
0.37621946690625935
0.8276696016771489
0.4905751422581611
0.7546364779874214
0.25402575621443546
0.963610182689428
0.2630100029949087
0.9027095537586104
0.534409104522312
0.9332542677448338
0.3584081461515424
0.8725668763102725
0.975214135968853
0.4618891883797544
0.06328793051811919
0.8705610062893082
0.23041006289308177
0.5050604372566637
0.32162875112309075
0.31577502246181494
0.7049794549266247
0.24278598382749325
0.21113866427073974
0.4722319257262653
0.28737370470200657
0.2549232704402516
0.8046931416591794
0.24440035938903865
0.7740693620844564
0.35869661575321954
0.2736220425277029
0.17742270140760708
0.06821539383048816
0.9329749026654687
0.15838658280922432
0.3643390236597784
0.7057868823000899
0.17706666666666668
0.8190691823899371
0.014719137466307278
0.9567904162923031
0.8417360886492962
0.530969991015274
0.7099179395028452
0.8179924528301887
0.8169114106019767
0.33615765199161424
0.05910464210841569
0.4207865828092243
0.18521425576519915
0.11562312069481881
0.6917505840071878
0.23701084156933214
0.043714645103324345
0.4620573824498353
0.5176855345911949
0.6976167714884696
0.9727774782869123
0.051035160227613056
0.9927058400718778
0.1804712788259958
0.15548559448936808
0.00646900269541779
0.4704253968253968
0.11738843965259059
0.10673519017669961
0.37309278227014075
0.14134100029949087
0.6538350404312668
0.9303254866726565
0.26300473195567536
0.060474633123689725
0.766735429769392
0.5834930218628331
0.9319278825995807
0.324169392033543
0.2885338125187182
0.657292362982929
0.11982461814914645
0.36849835280023957
0.6313492662473794
0.09869014675052411
0.9270435459718479
0.08939299191374663
0.1888910452231207
0.6887312368972747
0.446515004492363
0.1564430068882899
0.9603196166516921
0.8991956873315364
0.7545655585504643
0.767661215932914
0.2142734950584007
0.6037510631925727
0.47219550763701706
0.6210141958670261
0.22006636717580114
0.4629793351302785
0.17620269541778977
0.7057504642108415
0.21885977837675952
0.9879666966157532
0.38259502845163224
0.0437141659179395
0.3849933513027853
0.7199779574722971
0.25155555555555553
0.5253060197663971
0.2672263551961665
0.32606648697214735
0.9542315663372267
0.4353998203054807
0.7742754117999401
0.12516274333632824
0.2546544474393531
0.48400982330038933
0.07960083857442347
0.3686440251572327
0.40989997005091344
0.8534564839772387
0.45886936208445644
0.8615964061096136
0.3873423180592992
0.009722671458520515
0.4042364779874214
0.09383072776280324
0.07043402216232406
0.8910227014076071
0.9674153938304881
0.37257094938604374
0.21440670859538785
0.6554431865828092
0.8277577717879605
0.10189541778975741
0.6760285115303983
0.2435843066786463
0.43864534291704105
0.24961197963462115
0.9309168014375562
0.9989304582210242
0.7754106019766397
0.9581901168014375
0.14766049715483678
0.9507843066786463
0.7209190775681342
0.6739315962863133
0.13624773884396527
0.9729538185085355
0.529003414195867
0.6991789158430668
0.31661599281221925
0.6916269541778975
0.8664409703504043
0.45700772686433067
0.17544318658280922
0.6009348906858341
0.33499323150643906
0.09529463911350704
0.3601097334531297
0.1630054507337526
0.9398976939203354
0.968177298592393
0.7193727463312369
0.9762630727762803
0.9402915843066787
0.5251646600778677
0.11543671758011381
0.33235723270440254
0.7120277927523211
0.24820077867625037
0.4717292602575621
0.5074946990116801
0.4629788559448937
0.40195843066786463
0.650637436358191
0.6754841569332135
0.2973675950883498
0.3176922431865828
0.9853412398921833
0.9307639412997903
0.09040982330038934
0.4225959868224019
0.24453309374064092
0.971063432165319
0.12389577717879605
0.7036315064390536
0.35518562443845464
0.38336507936507935
0.861365438754118
0.8314546870320455
0.3387112309074573
0.34416292303084756
0.3223029649595687
0.25159197364480385
0.24229913147648996
0.8446370769691525
0.46728769092542677
0.39011344713986223
0.40446265348906857
0.8425559748427673
0.8653680742737346
0.62848948787062
0.7214212638514526
0.6137727463312369
0.9901513027852651
0.5839707696915244
0.7061362084456424
0.6121243486073675
0.01743611859838275
0.15544965558550464
0.7793557352500748
0.27732279125486675
0.13703072776280323
0.49577478286912247
0.8927056004791853
0.6231297993411201
0.7283752021563342
0.41923066786463015
0.8058853548966757
0.2757735849056604
0.5821776579814316
0.7010946990116801
0.6837884396525906
0.01566984126984127
0.591698592392932
0.8664376160527104
0.4022952979934112
0.4373558550464211
0.49536507936507934
0.7544534291704103
0.3627725666367176
0.3894353998203055
0.8437237496256365
0.23882695417789757
0.11641138065289008
0.9042937406409105
0.5425715483677748
0.35646313267445345
0.30795040431266846
0.031150404312668464
0.38997640011979634
0.7040253968253968
0.7463686133572927
0.03164636118598383
0.6680366576819406
0.00826451033243486
0.9845362084456424
0.9155220125786163
0.10106355196166517
0.35827205750224617
0.1760680443246481
0.6510878706199461
0.013103324348607368
0.7113348906858341
0.13017933513027852
0.014268703204552261
0.6379831087151842
0.983515543575921
0.604368253968254
0.08624905660377359
0.9351029649595687
0.33488397723869423
0.09882431865828092
0.9869215932914046
0.174586403114705
0.8133635220125787
0.48100772686433063
0.10014303683737646
0.2963780772686433
0.6245611260856544
0.3364719976040731
0.06330182689427973
0.7187689727463312
0.5063791554357592
0.4413278227014076
0.8474767295597484
0.21838155136268345
0.9841624438454627
0.6089751422581611
0.7882829589697514
0.8590528900868524
0.47982365977837677
0.6611454926624738
0.7137451931716082
0.21595543575920934
0.43311123090745735
0.007584546271338724
0.37515327942497756
0.541576759508835
0.7010597184785864
0.033952201257861636
0.9871635819107517
0.583275950883498
0.30824366576819406
0.5852784666067685
0.9177842467804732
0.48109733453129677
0.3935616651692123
0.39547169811320754
0.3067610661874813
0.64709913147649
0.29247750823599883
0.14253800539083558
0.9462536088649296
0.46933668763102726
0.2890805630428272
0.11738556454028153
0.7072785864031147
0.2841406409104522
0.006166636717580114
0.7060997903563941
0.49446421084156933
0.1665643605870021
0.3333017070979335
0.7789005091344714
0.9934763701707098
0.624941120095837
0.8324063492063493
0.40456711590296496
0.5406619946091644
0.289317280622941
0.7120546271338725
0.9612128182090446
0.176288948787062
0.6469041030248578
0.8059265648397724
0.8409641209943097
0.7469340521114106
0.8235553159628631
0.035767355495657384
0.9876739143456125
0.7006227014076071
0.31208146151542376
0.6226458221024259
0.4001269841269841
0.39516933213536987
0.9761725067385445
0.11519137466307278
0.0699926924228811
0.8483536388140162
0.7143647798742139
0.046457023060796646
0.5261584905660377
0.8120725965858041
0.2690520515124289
0.10990212638514525
0.8543108715184187
0.3811689727463312
0.673997723869422
0.34794896675651393
0.28180796645702305
0.8661568134171908
0.2313976639712489
0.54255525606469
0.8046365977837676
0.9969849655585504
0.4209581311769991
0.763541659179395
0.4628858939802336
0.16007044025157233
0.4828640910452231
0.9244866127583109
0.06740173704702007
0.10128781072177298
0.7222162324049116
0.7256596585804133
0.1641641209943097
0.5928812219227314
0.8481044624138964
0.1195874213836478
0.23200383348307876
0.24628978736148546
0.38492386942198265
0.7886389937106918
0.7015288409703504
0.24248122192273136
0.4992364180892483
0.047196406109613655
0.7277086552860138
0.0835895777178796
0.29178508535489667
0.26906307277628033
0.8859965259059599
0.32801629230308477
0.13787217729859239
0.7384850554058101
0.07198227014076071
0.012993111710092842
0.1586137166816412
0.3915567535190177
0.11888014375561545
0.4605239892183288
0.07643677747828691
0.13619311171009285
0.9073106918238993
0.8125268643306379
0.5171982030548068
0.8996283917340521
0.32384210841569333
0.5959197364480383
0.8929940700808625
0.4175990416292303
0.37822917041030246
0.4839925726265349
0.04841928721174004
0.8311988020365378
0.3702689427972447
0.14329032644504341
0.8342191075172207
0.981365438754118
0.005385564540281522
0.42492195268044325
0.1445338125187182
0.6124233602875112
0.2782399520814615
0.9912639712488769
0.23647607067984427
0.7034427073974244
0.5430037735849057
0.4663729260257562
0.3439238095238095
0.3139799940101827
0.437905959868224
0.5478689427972446
0.1364470799640611
0.3306503743635819
0.23663084755914945
0.6384670859538784
0.3641602875112309
0.05005091344713986
0.7622229410002995
0.3229589697514226
0.7013050613956274
0.08153051811919737
0.837983587900569
0.09310811620245582
0.4028597783767595
0.24958514525306977
0.33309565738244984
0.1680009583707697
0.7384893680742738
0.19157496256364182
0.9690374363581911
0.6463631027253669
0.4243780772686433
0.2852259958071279
0.53669913147649
0.31381036238394727
0.5998720575022461
0.25148751123090746
0.4949874812818209
0.937283258460617
0.4371876609763402
0.3884219227313567
0.01272428870919437
0.32448134171907755
0.6799966457023061
0.4148020365378856
0.6522949386043726
0.3064471997604073
0.497252111410602
0.3387050014974543
0.31786235399820306
0.07978436657681941
0.3626139562743336
0.46997208745133273
0.2815889787361485
0.6452710392333034
0.8448522312069482
0.7332346211440551
0.19313135669362083
0.024907097933513027
0.06194285714285714
0.7024182090446242
0.9393835280023959
0.12635543575920935
0.9026994908655286
0.1672836178496556
0.8285177598083259
0.9677134471398622
0.3453632824198862
0.9729595687331536
0.2833068583408206
0.8095746031746032
0.014772327044025157
0.2507720874513327
0.07506151542377958
0.5989798143156634
0.24774603174603174
0.9441734651093142
0.25491368673255466
0.11714549266247379
0.6741481880802636
0.3455645402815214
0.24347457322551663
0.2778484576220425
0.5165311769991016
0.9784467205750225
0.7880615753219526
0.6326756513926325
0.4837266247379455
0.6419129080563043
0.36910452231206947
0.5175345911949686
0.14899502845163223
0.07440694818808026
0.7169193171608266
0.24635160227613057
0.7000376160527104
0.36633195567535193
0.5228727163821504
0.007889308176100628
0.18974830787660976
0.14818999700509133
0.15104546271338723
0.6256368972746331
0.34710607966457024
0.07658053309374065
0.4905511829889188
0.7208970350404312
0.6598469002695417
0.9542286912249176
0.30693980233602874
0.17444648098233004
0.2694919436957173
0.3940657681940701
0.7228319856244384
0.7046622342018568
0.46648026355196165
0.42096579814315666
0.37288337825696316
0.09595016471997604
0.24472620545073376
0.46052830188679245
0.010082539682539682
0.6434592392932016
0.6517989817310572
0.16625720275531597
0.3932669661575322
0.9978887091943696
0.833149565738245
0.7302123989218329
0.03680047918538484
0.9869790955375861
0.21876489967056004
0.29818173105720275
0.44456519916142556
0.643787002096436
0.00693141659179395
0.0854167115902965
0.43604911650194667
0.9402599580712788
0.7242288110212638
0.5244703204552261
0.5256289907157832
0.6894504941599281
0.6014643905360887
0.3987799940101827
0.49963797544174904
0.9743822701407607
0.7787998802036538
0.743434561245882
0.18491668164120995
0.6435890985324948
0.2642544474393531
0.2439695717280623
0.8230387541179994
0.5951769991015274
0.42278191075172206
0.5976596585804133
0.47960994309673555
0.07685989817310572
0.9161104522312069
0.9747689727463312
0.8573536987121892
0.8960699610661875
0.7876235998802037
0.006251452530697814
0.9563083557951483
0.11066019766397125
0.4331284815813118
0.1004219227313567
0.6515205750224619
0.21576615753219527
0.9551837076969153
0.6183944893680743
0.5001650793650794
0.1748082659478886
0.9389407607067984
0.4353078167115903
0.6901232704402516
0.0884135369871219
0.2770855944893681
0.5968210841569332
0.4002582809224319
0.72357280622941
0.3293330937406409
0.9575968852949985
0.8286088050314465
0.9660386942198262
0.3924533093740641
0.49429985025456724
0.9884295896975143
0.2730661874812818
0.8547124288709195
0.6882386343216532
0.584611919736448
0.5190986522911051
0.5907651392632525
0.11028834980533093
0.7546259359089548
0.7941927523210542
0.9470485774183888
0.6264179694519317
0.38898400718778076
0.0661088948787062
0.7824642108415694
0.6314379155435759
0.06559760407307577
0.8259339922132375
0.2451057202755316
0.988778436657682
0.33660041928721174
0.09874860736747529
0.4782145552560647
0.1198083258460617
0.9576654088050315
0.26784642108415696
0.394109374064091
0.3670909853249476
0.9137571728062294
0.7941601677148847
0.6311384246780474
0.45746103623839474
0.031335369871218925
0.9603224917640012
0.5286660676849356
0.11324492362982928
0.40336196466007784
0.528860616951183
0.6544503144654088
0.3400241988619347
0.4412784666067685
0.09658652291105121
0.060613596885294996
0.5850987720874513
0.8990227014076071
0.3327923330338425
0.3710682240191674
0.3493865229110512
0.44643162623539984
0.48025684336627733
0.36515028451632225
0.6075227313566937
0.33573644803833486
0.19223911350703804
0.5259922132374962
0.11656136567834681
0.06814159928122192
0.8763730458221024
0.7509160826594788
0.1169519017669961
0.6373961066187481
0.8812961964660078
0.5253692722371968
0.6855091943695717
0.13644468403713686
0.23194681042228213
0.28894591194968555
0.8965596885294999
0.9523713686732554
0.12141072177298592
0.2804398921832884
0.9592246780473196
0.255863432165319
0.638079904162923
0.21398694219826295
0.02611129080563043
0.9224630128781072
0.9203258460616951
0.9722436657681941
0.4036058700209644
0.8164034740940401
0.9715038035339922
0.6521957472297095
0.8056126984126984
0.6779716082659479
0.24925354896675653
0.9329044624138964
0.6169492662473794
0.2260657681940701
0.8578170709793351
0.44203270440251574
0.163861755016472
0.9114115603474094
0.9537293800539084
0.8321562144354597
0.6793713087750823
0.991543336328242
0.944403953279425
0.28079736448038334
0.9499605870020964
0.809991494459419
0.16980652890086853
0.38183072776280325
0.07192908056304283
0.276523510032944
0.6764569032644504
0.8941388439652591
0.677508235998802
0.11312273135669362
0.2918406708595388
0.9414037735849057
0.6788408505540581
0.3393174004192872
0.6908444444444445
0.9793715483677747
0.6072927223719676
0.9494512129380054
0.08200874513327344
0.456341659179395
0.960071398622342
0.6970599580712789
0.6613889188379755
0.6814802036537886
0.41939502845163223
0.2607458520515124
0.9620130578017371
0.40194932614555257
0.24289667565139264
0.2967968852949985
0.28771584306678644
0.7273214734950584
0.04654519317160827
0.7826491764001198
0.8331529200359389
0.5246979335130278
0.7050379155435759
0.7574976939203354
0.2522724168912848
0.24333129679544774
0.14610841569332136
0.38734375561545376
0.1754503743635819
0.9152982330038933
0.5934332434860736
0.1582222222222222
0.21458879904162922
0.8611153039832286
0.5087611859838275
0.9224471997604073
0.3671590296495957
0.8583250074872716
0.8333556154537287
0.2304095837076969
0.02465456723569931
0.7829625636418089
0.8268741539383049
0.06424007187780773
0.3811430967355496
0.835507637017071
0.4482635519616652
0.6332741539383049
0.11712201257861635
0.15748235998802038
0.47257406409104524
0.7883016471997604
0.6810566037735849
0.9450192273135669
0.35986439053608865
0.29637328541479485
0.15789398023360288
0.6923150643905361
0.9401205151242887
0.0655822701407607
0.5027095537586104
0.39312704402515725
0.36488529499850253
0.6763188978736149
0.2179402216232405
0.08006612758310871
0.11702234201856844
0.260837376460018
0.6504495956873315
0.3480227613057802
0.9757848457622043
0.9550979335130279
0.4877450733752621
0.28826403114705
0.1568345013477089
0.6504174902665468
0.8583647798742139
0.3485709493860437
0.6524808625336928
0.33461707097933513
0.9583846660676849
0.7854653489068584
0.9399863432165318
0.07147289607666966
0.7526296495956873
0.35645402815214133
0.740501946690626
0.7014176699610661
0.5024761904761905
0.914507097933513
0.7787380652890087
0.5296795447738843
0.9678068882899071
0.6882060497154837
0.2906671458520515
0.3720251572327044
0.27243510032943996
0.912456663671758
0.42588319856244383
0.9322714585205151
0.07688625336927224
0.34443941299790354
0.3114982929020665
0.9655767595088349
0.11337813716681641
0.6536802635519616
0.244138244983528
0.15770709793351304
0.1663089547768793
0.31008469601677147
0.5088958370769692
0.9997148846960168
0.10508918837975442
0.07952081461515424
0.7499083557951483
0.9584857741838874
0.5361696316262354
0.18724887690925426
0.16548763102725367
0.8986613956274334
0.9035356693620844
0.5887616651692124
0.3399508834980533
0.3287130278526505
0.27308247978436656
0.9993789757412399
0.2678627133872417
0.38942102425876013
0.4909570530098832
0.6813805330937407
0.7043109913147649
0.29140700808625336
0.9400587002096437
0.29362467804731956
0.6233372866127583
0.6423801138065289
0.021921293800539084
0.7780269541778976
0.4851023659778377
0.04906091644204852
0.9744033542976939
0.009947888589398024
0.728400598981731
0.011267565139263252
0.9117292602575622
0.37292171308775085
0.8095444144953579
0.9244185684336628
0.2877690326445043
0.7609492662473795
0.17352213237496256
0.8987438155136268
0.06425205151242887
0.11387169811320755
0.7569451931716082
0.845387002096436
0.31214710991314765
0.7037934710991315
0.006249056603773585
0.7114043725666367
0.6986954177897574
0.9547117100928422
0.646763701707098
0.43351039233303384
0.22962755315962863
0.8633463911350704
0.36698700209643603
0.19115567535190175
0.9853283018867924
0.8271693321353699
0.042092602575621446
0.6401035040431267
0.8298566037735849
0.2917951482479784
0.1448649296196466
0.840599460916442
0.6008970350404312
0.9572154537286612
0.10191793950284517
0.40980652890086855
0.9620854147948488
0.2744807427373465
0.9480457622042527
0.6294143156633722
0.46443510032943996
0.2142835579514825
0.9402336028751123
0.5271743635819107
0.047620485175202155
0.4810106019766397
0.44119652590595987
0.40567020065887993
0.3986242587601078
0.9398171907756814
0.24964120994309674
0.28272752321054206
0.3932961964660078
0.7454303683737646
0.9620619347109913
0.0832450434261755
0.8768004791853848
0.2767611859838275
0.4377238694219826
0.36389098532494757
0.8516882899071578
0.2433749026654687
0.688584126984127
0.4569761006289308
0.2789783767595088
0.06505181191973645
0.025181191973644802
0.4411193770589997
0.886465169212339
0.4097911949685535
0.7034522911051213
0.0828113806528901
0.5474788858939802
0.8446394728960767
0.10845067385444744
0.36870631925726266
0.12490877508236
0.05462713387241689
0.6244029949086553
0.9222660676849356
0.7839573525007487
0.1669505840071878
0.977665169212339
0.8487451332734351
0.06609308176100628
0.36021659179395027
0.0986973345312968
0.9727712488769092
0.7161363282419886
0.15283713686732556
0.012403713686732555
0.689593770589997
0.8539299191374663
0.3250314465408805
0.6778633123689728
0.4445623240491165
0.8284247978436657
0.2910207846660677
0.4941834082060497
0.8574480982330039
0.9119199760407307
0.7849876010781671
0.18890014974543276
0.04750308475591494
0.42240479185384844
0.6829206349206349
0.4978419886193471
0.5840105420784666
0.782862893081761
0.8697023060796646
0.920512728361785
0.6780099430967356
0.442886133572926
0.0752555855046421
0.06724983528002396
0.10761449535789158
0.6895377058999701
0.21389973045822103
0.8597774183887391
0.8437366876310273
0.05919664570230608
0.07508739143456125
0.7461692722371968
0.39062665468703206
0.391530877508236
0.5437963462114406
0.9612837376460018
0.21225947888589397
0.6250853548966756
0.7545540581012279
0.8890915843066787
0.5925017070979335
0.35990416292303085
0.6793899970050914
0.3128984725965858
0.21706762503743635
0.6470876310272536
0.2260763102725367
0.7281672356993112
0.9914240191674154
0.1782334830787661
0.9451601078167116
0.1011905360886493
0.4238548068283917
0.33617538185085355
0.7270387541179995
0.39000994309673553
0.9753061395627434
0.3675821503444145
0.8306961365678347
0.2961145253069781
0.8155768793051812
0.2207309973045822
0.9139919736448038
0.42186331236897273
0.47174076070679843
0.3653683138664271
0.0798188679245283
0.7890410302485774
0.0992043126684636
0.22131799940101826
0.256782988918838
0.1904785864031147
0.42865624438454625
0.34588128182090444
0.358387541179994
0.26094279724468405
0.8282082060497155
0.23174267744833782
0.28009056603773586
0.6256421683138664
0.1638272536687631
0.33267589098532496
0.21585384845762204
0.9393643605870021
0.7315656184486373
0.041909553758610364
0.6813896376160528
0.6795275232105421
0.7356837376460018
0.10192081461515423
0.25933992213237494
0.37407367475292
0.09806720575022462
0.3356315064390536
0.4416709194369572
0.3156346211440551
0.4698312069481881
0.08796454028152141
0.5035926924228811
0.14646157532195267
0.42036729559748426
0.056135130278526506
0.44651069182389935
0.48101922731356694
0.6271252470799641
0.6870972147349506
0.056535729260257565
0.9774179095537586
0.1778721772985924
0.5826228212039533
0.891920694818808
0.06759341120095837
0.8593197963462115
0.39133153638814017
0.99108331835879
0.05722048517520215
0.046443605870020964
0.6542773285414795
0.16810829589697515
0.8508041928721174
0.0786817610062893
0.4175961665169212
0.9977013477088948
0.5255633423180593
0.8813374064091045
0.8942691823899371
0.44575453728661274
0.14924132973944296
0.7612703204552261
0.8217842467804732
0.7453431566337226
0.6312510332434861
0.7613441150044924
0.3302464210841569
0.0608105420784666
0.9128999101527403
0.3724051512428871
0.5939565139263252
0.7232742737346511
0.9656773884396526
0.7242264150943396
0.0966219826295298
0.8275387840670859
0.15028739143456124
0.11207571129080562
0.6014595986822402
0.2802693021862833
0.9276410901467506
0.3122712189278227
0.1252700808625337
0.290171668164121
0.7044044324648098
0.8775547169811321
0.2731117100928422
0.9779775980832585
0.8580945193171609
0.9404506738544475
0.9876676849356094
0.8255539982030549
0.48490110811620246
0.754628331835879
0.9527499251272836
0.6210621144055106
0.25118706199460916
0.7354709793351303
0.0698618748128182
0.007616172506738544
0.26036298292902066
0.29282395926924226
0.7902054507337526
0.25183923330338426
0.10180820604971548
0.21185935908954776
0.27755902964959567
0.09552896076669662
0.6479966457023061
0.7026601976639713
0.16509278227014076
0.5821316561844864
0.811777897574124
0.3602400718778077
0.05156034740940401
0.07201916741539383
0.31368673255465707
0.10028295896975142
0.14899502845163223
0.013064031147050015
0.18916993111710093
0.6489238694219827
0.37525917939502845
0.7408852949985025
0.23941635220125787
0.8613525007487272
0.989818748128182
0.6631882599580713
0.30557316561844866
0.28403282419886194
0.6077134471398622
0.6053477088948787
0.15836789457921532
0.9794410302485774
0.6233593291404612
0.9664354597184786
0.031196406109613658
0.36025732255166215
0.18481653189577718
0.7283713686732555
0.90623683737646
0.9332839772386943
0.14488122192273137
0.7289085354896676
0.9741584905660378
0.2691172207247679
0.04592704402515723
0.5032371368673255
0.8568639712488769
0.21837292602575623
0.015214615154237795
0.2893350104821803
0.2278440251572327
0.3362333632824199
0.08540281521413597
0.7545751422581611
0.037058280922431866
0.3079906558849955
0.28283917340521114
0.6455714884696017
0.8332616951182988
0.471884995507637
0.7076590595986822
0.26440778676250376
0.39342749326145554
0.3898762503743636
0.9927182988918838
0.45874621144055105
0.3629790955375861
0.5437024258760108
0.14932327044025157
0.23512237196765498
0.8597879604672057
0.4085783767595088
0.25155843066786465
0.5420118598382749
0.2869486672656484
0.5402805630428272
0.23020688828990715
0.9610518119197364
0.7307165019466906
0.6615168613357293
0.8100336627732854
0.9333707097933513
0.1130062893081761
0.7614313267445343
0.4000052710392333
0.519334890685834
0.35186870320455227
0.029877208745133273
0.026330757711889786
0.5431484875711291
0.49643270440251575
0.6219174603174603
0.3652058700209644
0.9741081761006289
0.02775729260257562
0.3358710991314765
0.6201300988319857
0.3612717580113807
0.809593770589997
0.25149469901168015
0.8967547169811321
0.7203833483078766
0.5291941299790356
0.699426654687032
0.49533728661275833
0.048746091644204854
0.7786010182689428
0.27242887091943696
0.9882297693920336
0.8223271638215034
0.16417753818508535
0.0941402815214136
0.4794168313866427
0.21676813417190777
0.4043759209344115
0.9311827493261455
0.7274925426774483
0.3221663971248877
0.3410002994908655
0.024817011081162025
0.7078909853249475
0.3683320754716981
0.7529885594489368
0.4284823000898473
0.1361121293800539
0.29610733752620544
0.5118926624737945
0.7734416292303085
0.06502593590895478
0.35870955375861036
0.9674321653189578
0.05990104821802935
0.9401425576519916
0.1470533692722372
0.25095274034141957
0.19077136867325548
0.5931663372267146
0.6051114705001498
0.8761018268942797
0.3992994309673555
0.8172559448936807
0.4609308176100629
0.8959880203653788
0.15968661275831086
0.8743451332734352
0.19032428870919438
0.2606543276430069
0.23252518718179097
0.7336711590296496
0.8915723270440251
0.3808541479484876
0.26512033542976937
0.0793392033542977
0.7424
0.6611114705001497
0.40236094639113507
0.780569991015274
0.2335309973045822
0.3904637316561845
0.8098745732255166
0.32419191374663076
0.832428870919437
0.33396202455825097
0.30941958670260555
0.2316291105121294
0.6241883198562443
0.1002125187181791
0.9366502545672357
0.25221874812818207
0.9597853249475891
0.8929035040431267
0.2979301587301587
0.2807446540880503
0.21716585804132973
0.09045007487271638
0.323342797244684
0.8923610661874812
0.17511686133572926
0.9887956873315363
0.3821867625037436
0.8224210841569333
0.7043205750224618
0.14820676849356096
0.6079444144953579
0.44829278227014074
0.6136313866427074
0.8323905360886493
0.034174064091045224
0.3947174603174603
0.7042975741239892
0.28343192572626535
0.4697075771188979
0.44371799940101825
0.45878071278825994
0.603889547768793
0.7761542976939203
0.8437122491764001
0.9285410002994908
0.4944071877807727
0.5842194669062594
0.4972981132075472
0.30521090146750524
0.2401413596885295
0.9159135070380353
0.4297938304881701
0.4849078167115903
0.4684856543875412
0.41473495058400717
0.9860159329140461
0.6991808325846062
0.8880790655884996
0.9699593890386343
0.9861472297094939
0.5117656783468104
0.8945126085654388
0.4314000598981731
0.5834690625935909
0.6088793051811919
0.7392378556454028
0.06491284815813118
0.8524180892482779
0.11068224019167415
0.7208917640011979
0.3331838274932615
0.6979061994609165
0.3360263551961665
0.43359329140461217
0.7942248577418388
0.025384366576819407
0.14551230907457322
0.27859119496855345
0.629803414195867
0.11848864929619647
0.016613357292602576
0.5036051512428871
0.02480023959269242
0.8517050613956274
0.6537904761904761
0.15028020365378855
0.09311338724168913
0.4177600479185385
0.7410855944893681
0.764467445342917
0.42387589098532497
0.7247381850853549
0.4282230607966457
0.5910756513926325
0.3625737047020066
0.4340667265648398
0.08999820305480682
0.9908068283917341
0.47209200359389036
0.3636743935309973
0.15456364180892482
0.23394740940401318
0.4258899071578317
0.3302996106618748
0.36850506139562744
0.43152416891284817
0.136385265049416
0.7443723270440251
0.9162949386043726
0.6488735549565738
0.856307637017071
0.1735590296495957
0.7236509134471398
0.5471798742138365
0.42387109913147647
0.7532454028152141
0.7499251272836178
0.15580856543875413
0.9729557352500748
0.06047990416292303
0.3799743635819108
0.47748858939802336
0.21643701707097934
0.5004156933213537
0.6293874812818209
0.9408924827792753
0.834069122491764
0.3443828691224918
0.8781168014375561
0.15808709194369572
0.16836370170709794
0.6006881102126385
0.17095226115603473
0.6438459418987721
0.7896218029350105
0.14151638215034443
0.07643629829290206
0.546783587900569
0.046261036238394726
0.32906139562743336
0.2729761006289308
0.19237759808325847
0.5420276729559749
0.6436863731656185
0.190316142557652
0.17658748128182092
0.0845014675052411
0.1754743336328242
0.054129260257562144
0.2721404013177598
0.2424912848158131
0.6822454627133873
0.41813429170410304
0.47296699610661874
0.023583108715184188
0.8228729559748428
0.5971958071278826
0.5278274932614555
0.39034920634920633
0.7052463611859838
0.6452858939802336
0.42306127583108716
0.7058851153039832
0.15865684336627733
0.3172394129979036
0.3251493261455526
0.22959544773884397
0.7207528002395927
0.3808857741838874
0.13832165318957773
0.046201138065289006
0.6842791254866727
0.3499759209344115
0.8967834681042228
0.2984059898173106
0.5023760407307577
0.42332434860736745
0.5261958670260557
0.271325786163522
0.7603359089547769
0.21827229709493862
0.9145277029050614
0.2277424378556454
0.6468010781671159
0.07449607666966157
0.16954633123689727
0.19029985025456725
0.21696172506738545
0.715165977837676
0.7070754117999402
0.47982365977837677
0.5831791554357592
0.8898836777478287
0.9045333333333333
0.5503865828092244
0.5295041629230308
0.6463056004791854
0.1544869721473495
0.8583475292003594
0.4843102725366876
0.846810182689428
0.6736392932015574
0.27971344713986224
0.8271209344115005
0.04346115603474094
0.4016273135669362
0.9196727163821503
0.49222497753818506
0.2492430068882899
0.7851016471997604
0.08333656783468105
0.4275804731955675
0.9763833483078767
0.7835931716082659
0.8550675052410901
0.3892609763402216
0.06569344115004493
0.9879633423180593
0.8647389038634322
0.1363445342917041
0.5478109613656783
0.8237738244983528
0.9760153339323151
0.8448397723869422
0.4770439053608865
0.24823192572626535
0.45641497454327645
0.6738558849955076
0.029859958071278826
0.7143599880203654
0.7485076969152441
0.335742198262953
0.08148930817610063
0.3441547768793052
0.3929923929320156
0.7593396825396825
0.3783882599580713
0.26949481880802634
0.40048924827792753
0.01191015274034142
0.4775700509134471
0.37131883797544174
0.8524947589098533
0.6322956573824499
0.3893917939502845
0.8356547469302187
0.44174710991314764
0.33324037136867324
0.30979814315663373
0.6848805031446541
0.24211224917640012
0.02848661275831087
0.11523258460616952
0.49920766696615754
0.022961605271039232
0.174965438754118
0.15817094938604373
0.974365977837676
0.297870260557053
0.21620988319856244
0.17630667864630128
0.2199341120095837
0.2324480383348308
0.1583760407307577
0.04173369272237197
0.14509781371668165
0.25371572327044023
0.15308439652590597
0.3343568733153639
0.4029661575321953
0.9198730158730158
0.7227855046421084
0.06565606469002695
0.9573908355795149
0.39266654687032043
0.8466769691524408
0.3751911350703804
0.7873451931716082
0.33182964959568734
0.30600491165019467
0.03250170709793351
0.5365759808325846
0.36832967954477386
0.7838768493560946
0.24702677448337826
0.2723148247978437
0.06745732255166217
0.10902282120395328
0.8760769092542677
0.6293759808325846
0.6542624737945493
0.4433538185085355
0.4174988918837975
0.3622689427972447
0.395507637017071
0.9485431566337227
0.6927171009284216
0.7273296196466008
0.08334519317160827
0.5196990715783169
0.6454655884995507
0.13933896376160526
0.1586233003893381
0.8812434860736748
0.23555651392632523
0.16800910452231207
0.31553399221323747
0.25424474393531
0.26037448337825697
0.9785047020065888
0.2555553159628631
0.7286545672356993
0.7040004791853849
0.09894315663372268
0.5144438454627134
0.31208146151542376
0.7675490865528601
0.24470512129380054
0.45704318658280924
0.6506537286612758
0.7593310572027553
0.4429834082060497
0.8071120694818809
0.9572312668463612
0.5103664570230608
0.5164573824498353
0.37169068583408205
0.26495118298891884
0.9567103923330338
0.8858613956274334
0.6779500449236299
0.9450244983528002
0.5037096136567835
0.23770326445043427
0.639111590296496
0.3226954177897574
0.16007379454926624
0.30782054507337525
0.2808769092542677
0.2932125786163522
0.7303192572626535
0.5281873614854747
0.9674240191674154
0.22772279125486672
0.24207678945792152
0.7789973045822103
0.15868032345013477
0.3657329739442947
0.638776160527104
0.7254186283318359
0.651775022461815
0.46472213237496257
0.031090026954177896
0.7340703204552261
0.7300235998802036
0.7217341719077568
0.4020020365378856
0.18569152440850553
0.0895424977538185
0.8574150344414495
0.2847329140461216
0.21643797544174903
0.7755596286313268
0.9251109913147649
0.3185998203054807
0.4449715483677748
0.6421946690625936
0.03194153938304882
0.9150112009583707
0.006442647499251273
0.9727578316861336
0.760276489967056
0.17514513327343517
0.2605958670260557
0.035767355495657384
0.9302454627133873
0.2712337825696316
0.16017634022162325
0.2284837376460018
0.7449626834381551
0.9264091045223121
0.2121171608265948
0.1905777777777778
0.29102270140760705
0.9431250074872717
0.4478064091045223
0.11918442647499251
0.10773956274333633
0.8922451033243486
0.3879571129080563
0.1887966457023061
0.6535039233303385
0.18521425576519915
0.5140015573525007
0.8095664570230608
0.6258592392932015
0.3662950584007188
0.2814380353399221
0.22842336028751123
0.007576400119796346
0.21830871518418687
0.6467809523809523
0.8889372866127583
0.7336625336927224
0.40725630428271936
0.9317203953279425
0.09820137765798143
0.9355414195867026
0.2879530398322851
0.12639856244384545
0.28196801437556157
0.6645831686133573
0.7599698113207547
0.2731629829290207
0.4010053309374064
0.48372949985025454
0.784680443246481
0.09691811919736448
0.16919700509134472
0.026520035938903862
0.24409991015274035
0.5853225516621743
0.39133249475890985
0.9778539682539683
0.15751590296495957
0.7031896975142258
0.7838504941599281
0.17702785265049417
0.9794554058101228
0.7313293800539084
0.2829225516621743
0.7826568433662773
0.42874537286612757
0.33201126085654387
0.2787129080563043
0.6805850853548967
0.10695417789757412
0.9033387241689128
0.16087499251272835
0.7825164420485176
0.48522839173405213
0.9434743336328242
0.19149254267744834
0.5373560946391135
0.8297368074273734
0.96784474393531
0.29358059299191375
0.2684008385744235
0.00011117100928421684
0.15580233602875113
0.9442074872716382
0.09721856843366278
0.9244377358490566
0.5954563641808924
0.776615274034142
0.7388540281521414
0.2521636418089248
0.023540461215932913
0.2618326445043426
0.7546939802336029
0.6006881102126385
0.47080634920634923
0.30659287211740044
0.8850185085354897
0.25666271338724167
0.13626834381551362
0.7849114106019767
0.3546278526504942
0.5436166516921234
0.1604398921832884
0.07843929320155735
0.2767468104222821
0.7442592392932016
0.8074029350104822
0.43933345312967953
0.529736567834681
0.6436796645702306
0.17975681341719077
0.19064582210242587
0.813210182689428
0.11871147050014974
0.5819428571428571
0.7034082060497154
0.3686272536687631
0.1903329140461216
0.10771704103024858
0.7534159928122193
0.35903827493261453
0.07510943396226415
0.44299299191374664
0.3728948787061995
0.8323675351901767
0.9545938304881701
0.40707373465109314
0.9722690625935909
0.006173345312967955
0.9900525905959868
0.9853311769991016
0.16369451931716084
0.9756909254267745
0.12020748727163821
0.8285215932914046
0.5870006588799042
0.8661390835579514
0.2935844264749925
0.9527676549865229
0.16687726864330638
0.02895046421084157
0.940051512428871
0.2542040131775981
0.9324928421683139
0.4577255465708296
0.7242762503743636
0.46212111410601975
0.8711619047619048
0.9572154537286612
0.9434077268643306
0.776282719377059
0.3624702006588799
0.7058247379454926
0.07168805031446542
0.1594944594189877
0.40190524109014675
0.3550437855645403
0.24314201856843368
0.37861970649895177
0.6248874513327344
0.720767175801138
0.2589560946391135
0.3460461215932914
0.2608483977238694
0.9546484576220425
0.888012458820006
0.01399988020365379
0.22847798742138364
0.5949814914645103
0.0985214734950584
0.13644755914944595
0.8228489967056005
0.4789333333333333
0.24503432165318959
0.7313849655585505
0.17043186582809225
0.02592872117400419
0.39872105420784665
0.10208805031446541
0.04768709194369572
0.2689456723569931
0.6129260257562145
0.040010542078466604
0.7031695717280623
0.9984474393530998
0.8073981431566337
0.03706211440551063
0.01476178496555855
0.34634992512728363
0.639928601377658
0.820818688230009
0.28178927822701405
0.14075351901766997
0.8251615453728661
0.3800534291704103
0.8751228511530398
0.848475351901767
0.03818053309374064
0.26470823599880206
0.877244204851752
0.8700295896975142
0.06934627133872417
0.3343496855345912
0.8303391434561246
0.3360210841569332
0.12857598083258462
0.05339466906259359
0.8991923330338425
0.5418163522012579
0.4061024258760108
0.6896570230607967
0.10645678346810422
0.05069350104821803
0.10769547768793052
0.48660604971548366
0.7114163522012579
0.24628116202455824
0.7791492063492064
0.029771787960467207
0.25591805929919137
0.5333879604672057
0.6321394429469901
0.701138784067086
0.42306990116801435
0.9249183587900569
0.04806277328541479
0.9611404612159329
0.48856975142258163
0.9678543276430069
0.5409461515423779
0.4708432464809823
0.4198531296795448
0.8562726564839772
0.9738786463012878
0.4199264450434262
0.9613934710991314
0.4578439053608865
0.47045893980233605
0.8270806828391734
0.6244902066486973
0.6226884696016771
0.5282554058101228
0.7062818808026355
0.7757618448637317
0.5299871817909554
0.6531033243486074
0.07477975441749027
0.8146750524109014
0.43475771188978735
0.6544388140161725
0.9385895178197065
0.7838830787660976
0.10216376160527103
0.3177866427073974
0.14599341120095838
0.06160551063192573
0.10256675651392633
0.18889679544773885
0.9759108715184187
0.0486722970949386
0.8755464510332435
0.9065784965558551
0.7021651991614256
0.8291407008086253
0.016604252770290505
0.8089257861635221
0.761932554657083
0.9761485474693022
0.5457710691823899
0.817413596885295
0.11347301587301588
0.408661755016472
0.5196794249775382
0.7254377957472297
0.15997220724767894
0.8928666067684936
0.542303683737646
0.6199010482180294
0.15956825396825397
0.7838845163222522
0.6118157532195269
0.39446972147349507
0.8232136567834681
0.8857732255166217
0.39342365977837673
0.3548305480682839
0.4357318957771788
0.05313351302785265
0.42832081461515426
0.3826094040131776
0.27243510032943996
0.005455525606469003
0.5170659478885894
0.5187301587301587
0.8769442348008386
0.09308894878706199
0.11584258760107817
0.14234297693920336
0.6522321653189578
0.27479940101826894
0.6225902365977838
0.3994082060497155
0.40751075172207246
0.9910167115902965
0.9196477987421383
0.5326270140760707
0.16235471698113207
0.13661191973644804
0.2757544174902665
0.334045882000599
0.044131057202755314
0.16281761006289308
0.5289751422581611
0.5270799640610961
0.3337118897873615
0.4865442348008386
0.32536879305181193
0.7340741539383049
0.5309594489368075
0.4191674153938305
0.05942138364779874
0.8981088948787062
0.5336951182988919
0.1092868523510033
0.5477170410302485
0.39355639412997906
0.02895861036238395
0.36874082060497154
0.8629275831087152
0.2609394429469901
0.4958303683737646
0.844501946690626
0.17044576220425278
0.9392038334830788
0.04675459718478586
0.384925786163522
0.04459970050913447
0.7317232704402515
0.32875519616651694
0.915122371967655
0.9312182090446242
0.7356746331236897
0.73343683737646
0.23364552261156035
0.5110315663372267
0.7465243486073675
0.6128709194369572
0.10491859838274932
0.417137106918239
0.5288476789457921
0.30798298891883796
0.989614135968853
0.22854076070679843
0.1654952979934112
0.6806876310272537
0.3290609164420485
0.6050443845462713
0.8672110212638514
0.8117774183887392
0.007998083258460617
0.8568682839173405
0.3809792153339323
0.6114161126085654
0.9087693321353699
0.29676909254267747
0.08285259059598682
0.27652303084755914
0.7797889188379754
0.8751468104222822
0.16386223420185683
0.9286147948487571
0.03360958370769691
0.5381352500748727
0.682705959868224
0.2913260257562144
0.2581750224618149
0.8232591793950285
0.38133237496256367
0.27758394728960767
0.24897610062893083
0.9642599580712788
0.7890103623839473
0.8928110212638515
0.9139435759209344
0.0987035639412998
0.0016177298592392933
0.17552512728361785
0.8700377358490566
0.4411989218328841
0.14981635220125786
0.9272146151542378
0.8866266546870321
0.81370086852351
0.1751278825995807
0.6128431266846361
0.19160706798442648
0.6910020964360587
0.6814969751422582
0.979454926624738
0.03791123090745732
0.7045740640910452
0.3585303384246781
0.15743683737646003
0.23947912548667266
0.7277896376160528
0.3525448337825696
0.8306855944893681
0.19157352500748728
0.2669311769991015
0.7236523510032944
0.31280598981731056
0.9775597484276729
0.25017598083258463
0.3500588200059898
0.17071554357592095
0.29139838274932617
0.8301647199760407
0.24825157232704403
0.9859287211740042
0.41684336627732854
0.7242633123689728
0.891914465408805
0.7675323150643906
0.8478734950584007
0.008730278526504941
0.6517649595687331
0.7227696915244085
0.11314669062593591
0.3808747529200359
0.14205498652291104
0.23754082060497156
0.38182258161126087
0.6443663372267145
0.23191997604073075
0.8358631925726265
0.7001454327643006
0.32431362683438153
0.7836875711290806
0.6375005690326445
0.3755117100928422
0.8549227912548667
0.2959458520515124
0.8129063791554357
0.36496100628930817
0.45644276729559746
0.8688536687631028
0.9850714585205151
0.7251320754716981
0.10564887690925427
0.5249394429469901
0.6924616951182989
0.33468080263551964
0.5479825097334531
0.6748640910452232
0.3853527403414196
0.9377265049415993
0.30532063492063494
0.23349026654687033
0.9123464510332435
0.39103204552261156
0.9656630128781072
0.13823060796645703
0.504525187181791
0.13608385744234802
0.49579538784067084
0.46093033842467807
0.02672656483977239
0.2801672356993112
0.9558095238095238
0.7573481880802636
0.10119341120095837
0.414626654687032
0.7061989817310572
0.7047949685534591
0.6625509433962264
0.3115131476489967
0.5285678346810422
0.8159271638215034
0.4357831686133573
0.7162566037735849
0.22744773884396527
0.1743046421084157
0.08782413896376161
0.25533345312967953
0.37533009883198565
0.39434896675651393
0.3949781371668164
0.021305061395627434
0.8140525905959868
0.3986041329739443
0.8179641808924828
0.31557951482479785
0.7557874812818209
0.7335015274034142
0.9769238694219826
0.4316104222821204
0.7272759508834981
0.032748966756513925
0.48991961665169215
0.0794911051212938
0.679015274034142
0.22790152740341418
0.8483517220724768
0.35504953578915843
0.014795327942497754
0.25678059299191375
0.1089015873015873
0.3351906558849955
0.6055197364480384
0.021743516022761304
0.992360347409404
0.3057935908954777
0.4435109913147649
0.54886229410003
0.9984201257861636
0.9546072476789458
0.8054670260557053
0.21692434860736748
0.1373623240491165
0.6042302485774184
0.07291236897274633
0.30756609763402215
0.7915481281820904
0.3321535789158431
0.3339289607666966
0.2111257262653489
0.3953231506439054
0.283951841868823
0.45932842168313864
0.2350744534291704
0.5425279424977538
0.12174567235699311
0.9625751422581611
0.9221462713387242
0.12044468403713687
0.39230524109014675
0.12104749925127284
0.4048785864031147
0.38936400119796344
0.17075004492362983
0.8534631925726265
0.834239712488769
0.8386721772985924
0.8219232105420785
0.9507114705001497
0.22607487271638216
0.17507373465109313
0.41901838873914343
0.7413294998502545
0.1470490566037736
0.5924082659478885
0.9935980832584607
0.9253472297094939
0.7276765498652291
0.6816071877807727
0.8857703504043126
0.04174088050314465
0.9790428271937706
0.2448828990715783
0.06719329140461217
0.5828489967056005
0.7055324348607368
0.8405515423779575
0.9728522312069482
0.984441329739443
0.30500820604971546
0.8800742737346511
0.9765553758610362
0.03122755315962863
0.11746942198262952
0.7091819107517221
0.27324540281521414
0.16039341120095837
0.36827505241090147
0.48364228811021265
0.9998758909853249
0.5420233602875112
0.5118001796945193
0.3883998802036538
0.2726114405510632
0.06795855046421084
0.3255182988918838
0.30935968852949985
0.6652228811021264
0.7269041030248578
0.9507483677747829
0.08295274034141958
0.6273897574123989
0.23926253369272238
0.23168421683138665
0.7249753818508535
0.024696256364180894
0.6999753219526804
0.7592050314465408
0.848099191374663
0.49399940101826895
0.06788906858340821
0.03752261156034741
0.35832620545073374
0.49065612458820007
0.08668942797244684
0.18922359988020365
0.08940113806528902
0.7200781072177299
0.49588499550763704
0.18950248577418388
0.23946187481281822
0.33453752620545074
0.15863911350703805
0.373160347409404
0.1890209044624139
0.11761605271039233
0.9501273435160228
0.3651157831686134
0.4402865528601378
0.08538891883797545
0.36184150943396226
0.41955843066786463
0.7429026654687032
0.4941987421383648
0.8271722072476789
0.9480802635519616
0.8609495058400719
0.4958610362383947
0.2513547768793052
0.7624064690026954
0.9661862833183588
0.8483407008086253
0.3324252770290506
0.263120694818808
0.0021572926025756212
0.051406049715483675
0.5422500149745433
0.0886670260557053
0.4967369871218928
0.6626146750524109
0.2771339922132375
0.6847448936807428
0.17439568733153638
0.7630418688230008
0.7808287511230907
0.5993641209943097
0.4445244684037137
0.17863312368972747
0.6558706199460916
0.9523536388140161
0.7756746331236898
0.18515531596286314
0.16385696316262355
0.9898618748128182
0.49015968852949987
0.08200634920634921
0.21416280323450135
0.3477242288110213
0.4316080263551962
0.7534025756214435
0.11315867026055705
0.8269287810721773
0.6655218927822701
0.2168941599281222
0.07506870320455226
0.4225820904462414
0.4996140161725067
0.09561138065289009
0.07507589098532495
0.3612961964660078
0.8058297693920335
0.4783769991015274
0.1755327942497754
0.8180729559748428
0.7743290805630428
0.23246672656483977
0.43401114106019767
0.5043248876909254
0.38746546870320453
0.8545610062893082
0.21219526804432465
0.4585023060796646
0.8151159029649596
0.3853666367175801
0.9205879604672057
0.3341278227014076
0.26563689727463313
0.5437009883198562
0.6885798143156634
0.5281039832285115
0.25495250074872716
0.6054665468703204
0.8590533692722372
0.8469707097933513
0.40001197963462115
0.637704222821204
0.4885673554956574
0.24359101527403415
0.760562563641809
0.9093525007487272
0.8551355495657382
0.6509374064091045
0.8192397723869422
0.9882417490266547
0.3376076669661575
0.29701443545971845
0.014796286313267445
0.3177420784666068
0.03054710991314765
0.02550751722072477
0.6234671458520515
0.10647690925426774
0.2951738843965259
0.37371907756813416
0.9501340521114106
0.27542569631626235
0.4445498652291105
0.49443210542078464
0.8347208146151542
0.11002288110212638
0.18070655884995507
0.599528002395927
0.37312632524707995
0.030427792752321055
0.30977322551662173
0.8627608265947888
0.24274429469901168
0.05890865528601378
0.664609044624139
0.8342162324049116
0.024207008086253368
0.16107529200359388
0.12149985025456723
0.6322966157532195
0.04851464510332435
0.6517596885294998
0.38157723869421983
0.24813513027852652
0.9161995807127883
0.14673519017669961
0.7332240790655885
0.11562695417789758
0.8445067385444744
0.876073075771189
0.7006907457322552
0.7181647199760407
0.23305277029050614
0.9400395327942498
0.8294138364779874
0.8375197364480383
0.39348212039532793
0.538836298292902
0.8517012279125487
0.7298256963162624
0.22850530098831986
0.22171380652890088
0.9380518718179095
0.6517424378556455
0.5245565738244984
0.21982246181491463
0.758387541179994
0.7391218927822701
0.5035936507936508
0.4194482180293501
0.9978077268643306
0.8124818209044624
0.4563881401617251
0.6935111111111111
0.7285822102425876
0.4605738244983528
0.16134267744833783
0.6635740041928722
0.2584040730757712
0.3125663971248877
0.9905432764300689
0.8666393530997305
0.3468746331236897
0.8616093441150044
0.6454162324049116
0.02480742737346511
0.6011212938005391
0.4312486373165618
0.9471736448038335
0.36150272536687633
0.7025236298292902
0.39275327942497756
0.0022722970949386042
0.2461278227014076
0.905597124887691
0.45858233003893384
0.2159477687930518
0.22572075471698114
0.7900880503144654
0.6008404911650195
0.8762618748128183
0.08330302485774184
0.09819802336028752
0.04061287810721773
0.6429211141060198
0.7939747229709494
0.23916621743036837
0.2658084456424079
0.8286092842168313
0.05453465109314166
0.9221184785864032
0.06080766696615753
0.17671877807726866
0.6665727463312369
0.07111734052111411
0.9777030248577419
0.956197184785864
0.8837831686133573
0.9257463911350704
0.5007688529499851
0.8068863731656184
0.3753885594489368
0.09610254567235699
0.6313727463312369
0.2224857741838874
0.4373702306079665
0.9850168313866428
0.8273471099131476
0.3493227912548667
0.07510128781072177
0.6816781072177298
0.7939090745732256
0.39159508834980533
0.5441749026654688
0.7801588499550763
0.081419826295298
0.5313595687331536
0.7365045822102426
0.060446840371368674
0.024584126984126983
0.9455089547768794
0.8869012279125487
0.055515543575920936
0.9808
0.525903084755915
0.9940715184186882
0.5024445642407906
0.9720409703504043
0.366707637017071
0.6462816412099431
0.6138297693920336
0.7841931117100929
0.9736160527103923
0.48022138364779876
0.505488349805331
0.29302569631626235
0.36229290206648695
0.24278406708595388
0.459007367475292
0.7648071877807727
0.2501865229110512
0.3341675950883498
0.021789997005091346
0.3268973944294699
0.8183460916442048
0.6189819706498951
0.8710967355495658
0.2813800539083558
0.16268200059898172
0.11361533393231507
0.712633962264151
0.6656704402515723
0.10775633423180593
0.7019380652890087
0.6836293501048218
0.6858441449535789
0.6838004192872117
0.6787684935609464
0.6382188679245283
0.8345708295896975
0.762258400718778
0.5318550464210842
0.7363996406109614
0.5916664869721473
0.46962659478885893
0.16369308176100628
0.11748283917340521
0.24281281820904463
0.8328160527103924
0.10991458520515124
0.11695477687930518
0.9557822102425876
0.4440596585804133
0.7938721772985924
0.5907488469601677
0.7831096735549565
0.8380061096136567
0.8559075172207248
0.747926924228811
0.06724696016771488
0.2252501946690626
0.4353672356993112
0.9522664270739742
0.42152165318957774
0.38279005690326445
0.3581067385444744
0.18819862234201856
0.9644823000898473
0.7869575321952681
0.8685977837675951
0.44329248277927524
0.9677115303983228
0.5191825097334531
0.5364235998802036
0.08077963462114406
0.5939589098532495
0.07251991614255765
0.6542734950584007
0.2591448936807427
0.9602606768493561
0.9576117400419287
0.8192162923030848
0.6993092542677448
0.8465317759808326
0.26805199161425575
0.06752392932015573
0.5288855345911949
0.5421076969152441
0.30992177298592394
0.2984783468104223
0.3740449236298293
0.38767056004791856
0.3734660676849356
0.9477285414794848
0.30654303683737644
0.17603689727463312
0.8590452231206949
0.478632884097035
0.6625768194070081
0.35185097334531296
0.5018982929020664
0.21096040730757712
0.7780997903563941
0.7069925127283618
0.6586681042228212
0.8056055106319258
0.34584438454627137
0.7756382150344414
0.6046768493560947
0.015036358191075173
0.8706582809224319
0.3896845762204253
0.7053690326445043
0.619532554657083
0.3592400119796346
0.1426156334231806
0.47790595986822404
0.9155569931117101
0.9772439652590595
0.11305277029050614
0.18892506738544473
0.8833509433962264
0.8297339323150644
0.23966552860137766
0.6342905061395627
0.12687678945792152
0.11103587900569033
0.09895226115603474
0.4622001796945193
0.3583257262653489
0.5052516322252172
0.0818094040131776
0.493943336328242
0.21588116202455826
0.31196597783767593
0.5830411500449236
0.9569686732554658
0.06603749625636418
0.3676137765798143
0.8047372267145853
0.26854603174603175
0.8786688230008984
0.43153375262054505
0.33608960766696616
0.9467395028451632
0.8421735849056604
0.3383125486672656
0.13782377957472297
0.8388188080263552
0.6420552261156035
0.814741659179395
0.7877640011979634
0.8626621144055107
0.721758131176999
0.2168021563342318
0.10078754117999401
0.7579284815813118
0.14893800539083557
0.0968146151542378
0.6518924228811022
0.8765560946391135
0.8294421084156933
0.4589651991614256
0.1164315064390536
0.6418994908655286
0.37735034441449533
0.32498592392932013
0.4225370470200659
0.170820964360587
0.915141060197664
0.24914046121593292
0.8546276130578018
0.025231985624438454
0.014272057502246182
0.631241928721174
0.7484473195567535
0.0827591494459419
0.1470931416591794
0.5056234800838575
0.7472230008984726
0.7731411799940102
0.16130769691524408
0.8866070080862534
0.11817574123989218
0.9283675351901767
0.17528936807427373
0.6733824498352801
0.414632884097035
0.5488368972746331
0.2719611859838275
0.07991614255765199
0.9478593590895478
0.6979886193471099
0.9757651991614256
0.10212111410601976
0.8356341419586703
0.09937106918238994
0.9451601078167116
0.4774861934710991
0.10109278227014076
0.6780549865229111
0.24818161126085655
0.7451251272836179
0.7096534291704103
0.04939874213836478
0.6964763102725366
0.6492142557651992
0.04464378556454028
0.23961185983827493
0.8095444144953579
0.943692362982929
0.7281202755315963
0.11669553758610363
0.14499095537586104
0.21597556154537287
0.7207575920934411
0.5980545073375262
0.06991218927822701
0.18881054207846662
0.9588029949086553
0.7558195867026055
0.651964300688829
0.8468782270140761
0.3661656783468104
0.6656977538185085
0.9600325846061695
0.008798802036537885
0.9161047020065888
0.7022135968852949
0.4794958969751423
0.2260293501048218
0.9761691524408506
0.9449679544773885
0.31562551662174304
0.10929260257562144
0.7428418089248278
0.2748712788259958
0.5399978436657682
0.8484494758909853
0.6124540281521413
0.18568817011081162
0.8325400419287212
0.8821697514225816
0.4569799341120096
0.4356609763402216
0.5316149745432764
0.8398763701707098
0.29794597184785865
0.9790356394129979
0.9270584007187781
0.41588116202455827
0.21971368673255465
0.9109836477987422
0.476669661575322
0.11572374962563642
0.9159024857741839
0.11444528301886793
0.6476712788259958
0.48372183288409704
0.516467445342917
0.713379095537586
0.9985111710092842
0.7318536088649297
0.13722336028751123
0.6742152740341419
0.37201749026654685
0.9198835579514825
0.32265612458820003
0.3066106019766397
0.8672723569931117
0.827001138065289
0.4415803533992213
0.31373848457622044
0.3136781072177299
0.3059330338424678
0.48677424378556455
0.04646516921233902
0.5360594189877209
0.8594271338724169
0.7285132075471699
0.32217070979335133
0.5292717580113806
0.8471020065887991
0.4209298592392932
0.1154199460916442
0.05804516322252171
0.3138031746031746
0.858336507936508
0.9517115303983229
0.4802204252770291
0.5370647499251273
0.09783575920934412
0.028249895178197065
0.2817058999700509
0.9850297693920336
0.09661766996106619
0.13890098831985626
0.9532463611859838
0.4974524109014675
0.1594585205151243
0.38923893381251873
0.05361126085654388
0.2932374962563642
0.14015262054507338
0.4480148547469302
0.1455353099730458
0.21352932015573525
0.23703096735549567
0.876290625935909
0.07206229410002996
0.6465830488170111
0.9904440850554058
0.5964406109613657
0.05559748427672956
0.8731265648397724
0.7636197663971249
0.08790512129380054
0.8179430967355495
0.45660569032644505
0.11170338424678047
0.2542754117999401
0.8125589697514226
0.012414255765199162
0.375021503444145
0.49668331835879004
0.028263312368972747
0.46072380952380954
0.7681629230308475
0.985413596885295
0.8743849056603774
0.9222416292303085
0.5851332734351602
0.13697130877508237
0.2780243186582809
0.1653611260856544
0.1886993710691824
0.2217233902365978
0.42006636717580115
0.16358191075172207
0.8179943695717281
0.727294639113507
0.6626525306978137
0.39336280323450135
0.03860125786163522
0.7498613956274334
0.6567714884696016
0.7621534591194968
0.9798914645103325
0.8575592692422881
0.17927571129080563
0.018120395327942497
0.38331811919736447
0.07503372267145852
0.2914170709793351
0.28164552261156034
0.9444590595986823
0.11714884696016771
0.8141982629529799
0.8069414794848757
0.9571938903863432
0.7592519916142557
0.9583525606469002
0.39867984426474995
0.2726722970949386
0.7443919736448038
0.7000380952380952
0.44262689427972446
0.9162767295597485
0.2731778376759509
0.7151415393830488
0.8638869122491764
0.3337171608265948
0.3134471398622342
0.007823180592991913
0.6473574123989219
0.16550200658879904
0.9119147050014974
0.40919460916442046
0.46014303683737645
0.9600182090446241
0.39355974842767294
0.32771775980832585
0.8487384246780473
0.9622545672356994
0.8249233902365978
0.491687810721773
0.11089404013177598
0.10617118897873615
0.535235699311171
0.30627996406109614
0.2202566037735849
0.10184845762204253
0.15997268643306378
0.10024174902665468
0.07513866427073974
0.0265329739442947
0.4416920035938904
0.6006071278825996
0.6121329739442947
0.08228858939802336
0.21354082060497154
0.40375873015873015
0.07322767295597485
0.026574183887391436
0.22564935609463913
0.6072807427373466
0.04874705001497454
0.4570139562743336
0.9402268942797245
0.11761317759808326
0.819883797544175
0.36505492662473793
0.832322970949386
0.36167906558849955
0.8940281521413597
0.0986796046720575
0.6323066786463013
0.16335956873315363
0.0535633423180593
0.2745804132973944
0.840882180293501
0.25819754417490265
0.029010841569332136
0.8357755016471997
0.4173685534591195
0.3132252770290506
0.029941419586702607
0.2738386343216532
0.7131390236597783
0.8605944294699012
0.021655825097334533
0.2481758610362384
0.7113459119496855
0.2833849655585505
0.6614814016172507
0.9499696915244085
0.9900813417190776
0.27126876310272535
0.7591638215034442
0.5171114705001497
0.4981088948787062
0.26435651392632525
0.3221194369571728
0.32408840970350405
0.51456316262354
0.07630356394129979
0.5478090446241389
0.7791578316861336
0.7898000598981731
4.3605870020964364e-05
0.07480706798442648
0.6929945492662474
0.26450314465408803
0.835529200359389
0.9323289607666966
0.06828008385744234
0.4599916142557652
0.1407726864330638
0.13785396825396826
0.4575631027253669
0.028413776579814316
0.9525026654687032
0.18027241689128481
0.2649679544773884
0.4971677747828691
0.3886672656483977
0.6328289907157831
0.9613867625037437
0.35796681641209943
0.32461311769991014
0.9079274034141959
0.414626654687032
0.49882240191674154
0.6726962563641808
0.7303484875711291
0.1630083258460617
0.7455238095238095
0.5852204851752022
0.07804492362982929
0.3262255765199161
0.8224052710392333
0.14944546271338724
0.39211452530697816
0.190309913147649
0.9743405810122792
0.9082982929020665
0.030701407607067986
0.2741232704402516
0.9032721174004192
0.5839698113207548
0.4782212638514525
0.957477088948787
0.2939768793051812
0.2631873015873016
0.2266398322851153
0.14323905360886494
0.25189913147648996
0.15441317759808326
0.5035634621144055
0.9047154237795747
0.29608625336927225
0.9255983228511531
0.2272785864031147
0.765054926624738
0.5978743336328242
0.11058400718778078
0.8184241988619347
0.5888507936507936
0.5110584007187781
0.6142696615753219
0.4914506139562743
0.11855094339622642
0.12315351901766997
0.5999990416292303
0.8799832285115304
0.844669661575322
0.4564408505540581
0.957377897574124
0.9320241988619347
0.0763026055705301
0.016253968253968253
0.08101539383048817
0.7297887990416292
0.24326708595387841
0.039884995507637015
0.211964300688829
0.7135266846361186
0.3897516621743037
0.9469426774483378
0.8516624138963762
0.36862054507337527
0.9448337825696316
0.9610719377058999
0.831164300688829
0.4775163821503444
0.28818256963162625
0.6320507936507936
0.9776632524707997
0.06822593590895477
0.21607475292003595
0.8187054806828392
0.8633612458820006
0.6859936507936508
0.06427073974243785
0.37720563042827193
0.05826079664570231
0.19146474992512727
0.4088031147050015
0.875905360886493
0.2674975741239892
0.620060616951183
0.6050266546870321
0.18010613956274332
0.35844264749925125
0.7737449535789158
0.24801629230308475
0.9874515723270441
0.7582672656483977
0.038027193770589995
0.6827045223120695
0.037625157232704404
0.025425097334531296
0.6839513626834381
0.17443737646001797
0.07843306379155436
0.39335034441449535
0.7510516921233903
0.7316279125486672
0.9990929020664869
0.09901503444144953
0.43604911650194667
0.0931287211740042
0.230393770589997
0.5469752620545073
0.29732734351602275
0.4729166816412099
0.2557254267744834
0.8979718478586403
0.6006066486972147
0.37613896376160527
0.15588044324648098
0.07758059299191375
0.5408761904761905
0.321575082359988
0.641658939802336
0.4196020365378856
0.8466501347708895
0.5399959269242288
0.6985876010781671
0.5856273135669362
0.9535870619946092
0.4741501048218029
0.007093860437256664
0.4941139263252471
0.6749359688529499
0.9776004791853848
0.916051033243486
0.645259538784067
0.43065109314165917
0.9455765199161426
0.35647175801138065
0.41522324049116505
0.8056601377657981
0.3582164719976041
0.038786223420185686
0.2913820904462414
0.963168852949985
0.36497538185085354
0.026337466307277627
0.7019006888289907
0.5870083258460617
0.5951233303384247
0.34785696316262354
0.11775405810122791
0.01635172207247679
0.6930884696016771
0.6687262054507338
0.8950646301287811
0.6837860437256663
0.9720644504342617
0.47679233303384244
0.4484581012279126
0.31800706798442646
0.9444585804132974
0.36551446540880506
0.7335048817011082
0.853744474393531
0.2523385444743935
0.8125541778975741
0.01295046421084157
0.09518346810422282
0.7223321952680444
0.2394733752620545
0.7582615154237796
0.015822701407607068
0.3883083557951483
0.28090949386043723
0.25508235998802037
0.8881811320754717
0.42833039832285114
0.47675879005690325
0.8772528301886793
0.12377789757412398
0.6067105121293801
0.7834173105720276
0.7786350404312669
0.4192397723869422
0.5173707097933513
0.04981371668164121
0.8581774183887392
0.2907591494459419
0.32167571129080563
0.07491248876909254
0.06403929320155735
0.3587579514824798
0.5024047918538485
0.5853431566337227
0.2883004492362983
0.9391995208146151
0.5369622042527703
0.2166837975441749
0.47991039233303384
0.8207333932315064
0.5303087151841869
0.7887056004791854
0.3927729260257562
0.47828020365378854
0.5404755914944595
0.9409509433962264
0.7574171907756814
0.8300348607367475
0.4901457921533393
0.49015537586103625
0.674420365378856
0.6542931416591794
0.652153578915843
0.9773043426175502
0.22910572027553158
0.15443905360886492
0.34930026954177895
0.08788739143456124
