0.3828125435307097
0.293296224273931
0.21115899876117405
0.5901413041661326
0.970847657838871
0.34873275719568436
0.8016596924665638
0.9565175803704591
0.19573914448573865
0.5249538922722892
0.08819066404414455
0.7943729999089918
0.8853835252863508
0.4228965496746921
0.8908268373906276
0.47785018192354195
0.6669958749138672
0.3360268975674807
0.9705639536935401
0.6899071902052885
0.8875087525746964
0.3131963752732568
0.4566099815569089
0.28984394879024095
0.36735136410153546
0.2945796256776861
0.444803060104418
0.43478751441737107
0.19982011949934345
0.006489906447281177
0.209633218365827
0.7247828339954644
0.7367843086998271
0.947476658253051
0.1725947367541274
0.7017001818306765
0.6851250805608334
0.6375556496592765
0.6649059365208493
0.7089854814055381
0.5254553660479966
0.09049233580912794
0.4938318725587978
0.7410296556732471
0.6184002800823902
0.23172220953060196
0.14270689972196066
0.7341915035483912
0.865566953249643
0.5853308705399015
0.46536534221870574
0.35881145143226484
0.9317559197121912
0.2634060656039137
0.6314381339232151
0.7165386979883472
0.8740172506978844
0.4358842561379461
0.11695297104639003
0.38315335996716277
0.8150843311732815
0.3436766942848705
8.915089345911039e-05
0.6441258847761848
0.9407383365557667
0.8285303289482238
0.4278992149149445
0.2139965045420523
0.0947971167115207
0.07966143090898622
0.5394553066140676
0.5972167276793093
0.5244691342891052
0.3271057719631584
0.3049113784399708
0.5175557610978933
0.5679390170742534
0.5724151348500129
0.7140986566074742
0.4611724642607069
0.733770358442311
0.13411266072698838
0.6408774490957685
0.7835476669396912
0.7664687702562902
0.8385978793231218
0.8690633398524924
0.5282459747442948
0.8382900301441458
0.6176257816954642
0.7637501323333574
0.5027520695079799
0.7279541912992442
0.3164726706078791
0.7023924942376949
0.09907218064942712
0.7037357938979928
0.21612126750282776
0.23014070982684295
0.6408273017181978
0.057900255008701496
0.947047155250709
0.6270144851628768
0.8925443850724258
0.5516095450889931
0.9766875056880128
0.8373711258829188
0.9927012349256055
0.7647925477282309
0.025900191860151967
0.3944314123173103
0.7166153120374137
0.7302307893754423
0.210505689870044
0.9986622722705433
0.847867714932589
0.5899221415530457
0.1475261555720237
0.40715027311747676
0.6188297830847324
0.7973679127361338
0.7967661442052848
0.6088954947224529
0.7245622783996671
0.8081547065171161
0.22859449901841153
0.9946606972714255
0.7878468759112428
0.39439612342198277
0.7605258416865863
0.6830523222879091
0.47675436885810707
0.24954124436074165
0.5622588979092258
0.8532752738139681
0.10667600893737707
0.08648193858617827
0.30369948348201103
0.7233652419239506
0.5203175814848453
0.13394736011203295
0.3951334756033008
0.5416385748486756
0.6674778469316306
0.1732735836616129
0.912427820279228
0.8763704628231488
0.8463391485718212
0.74099668841577
0.9306276037168494
0.41914942618398887
0.9657261247406731
0.6095966293533032
0.16204939330959692
0.7127163534312879
0.7003062704652376
0.07743219424493837
0.013530969720270498
0.06176903232277081
0.36622351243376366
0.8330264128094975
0.33774955285255
0.09251076775635061
0.5293900778770201
0.8629625399089547
0.6201884055548436
0.8295198110001059
0.49824948506072475
0.9714703211103743
0.2835146996822142
0.5458843861496657
0.8218026867850516
0.5401791932958528
0.7383978470059229
0.8191913085308119
0.2835964213345517
0.8010458514188922
0.4241279463905961
0.8082368924970237
0.4360662725454252
0.7069572985793434
0.32139686448878463
0.5638561847503683
0.5747451305967723
0.9199034941578305
0.4234133462602129
0.16199413832875506
0.5501441272777589
0.49009449994706666
0.938075882268816
0.0939056077769296
0.03235341642939528
0.8446856780946969
0.5876915119062875
0.2086042684704864
0.5596865231708744
0.7601998837323765
0.1929104609286923
0.1622569477334314
0.1613538306095878
0.29763490108894103
0.44622622410677304
0.7314775089011595
0.9700044389715702
0.6637321164236376
0.6696002882545555
0.9342168558337187
0.4063674168342889
0.5005516211532782
0.8811047467278836
0.7221203797085137
0.9709405233528908
0.703876485151733
0.5421070813669061
0.1580032428637496
0.725447751075847
0.7073765863751432
0.25024748659486307
0.33939373677827245
0.6184058520132315
0.7878742712378787
0.808569815364785
0.7750054326325702
0.5422008755360662
0.9848280966469978
0.5203236177432565
0.10562523564624182
0.7717282086428077
0.20878674920553553
0.7396747478236967
0.32065719066961607
0.04634778506462511
0.12781080694559752
0.3480097991690394
0.8803126038932938
0.89116440353409
0.3132363074442853
0.7751749121956565
0.8852614071354147
0.5413089022739049
0.5327323077265965
0.6185145046646348
0.6467790525117335
0.8201338934981139
0.15273033897769928
0.5583729404750628
0.7772216681246552
0.12815765964046189
0.6358385663050483
0.42014540882185236
0.986905498195623
0.13498420357606522
0.5551834743960491
0.6404154431635195
0.8714936303543934
0.8651950268659933
0.9397270311080899
0.5325837229041647
0.5050035938953926
0.6822592507981791
0.38335859275314677
0.7130218809724134
0.3855613627456989
0.7397638987171558
0.24098275858866705
0.9359543696010312
0.0018327009191828577
0.5076609405790722
0.08573019225018712
0.8486180682858697
0.6797412023855294
0.536709273364499
0.06211727800034546
0.5841254761679231
0.31631154894105457
0.10182007120927615
0.7802012581419839
0.054439157301179576
0.8473871358975359
0.7406442637900645
0.6850312863916733
0.4550363754218416
0.012173275905299463
0.6946660834712386
0.4985689424289532
0.5200310913740939
0.7238031028225544
0.7072878998092542
0.6939737710642202
0.04823249067165912
0.9764813442468886
0.6974260465479103
0.8854304223709308
0.6699002438648398
0.777686924349895
0.2426371577209317
0.5237183166082543
0.38027081441198485
0.5821065798931304
0.7263392600104381
0.08093740307161974
0.441808147277276
0.023907297929284768
0.7698904001203537
0.19650992825210387
0.17502642023873866
0.2218454977870148
0.47309778924357326
0.6057157795224112
0.9245035873948065
0.8016536562081524
0.7090662744027354
0.3761225119007156
0.22367727005105745
0.12918289491524165
0.7750040396498599
0.5293951854802912
0.6102058271252737
0.9389237444118177
0.9295494350990782
0.7744236301872355
0.5809253305547971
0.4650834953836553
0.6671983217344306
0.9566884529162557
0.39729538476968423
0.20994896111349465
0.7225234160393601
0.5696700302555845
0.891929615369614
0.8201403940840953
0.21920347391314846
0.8402137392670682
0.2784460999270077
0.08498958977587837
0.49955285254999415
0.7528792952621872
0.5241984313157372
0.4268786229158657
0.340581022375017
0.5848753651936339
0.9552680748793213
0.20207210821432617
0.4154287693647813
0.4421178537665324
0.005683833785588387
0.39380457009767594
0.4492684983460652
0.09399800896337941
0.06107207664005141
0.1834442147570731
0.3457884560736832
0.8159763044354427
0.3289960495010336
0.7755324444246331
0.5600384834690099
0.8275092726215749
0.10308257787237678
0.011999153066512138
0.04449790402534857
0.6789314151032757
0.5974043160176296
0.6692891887825888
0.2917258684318544
0.7424370325382188
0.8538784353275274
0.7137100144313009
0.6721369097700093
0.9604982606289224
0.8484778413596997
0.981414824679196
0.739476015623694
0.2687124010750112
0.33995325150024236
0.4048690317655777
0.08451504699923665
0.9795143319347787
0.3987343359094227
0.492871643143832
0.7712954553474749
0.710734139034533
0.28753484778413596
0.8219150540570157
0.5687984874065076
0.7318944750591089
0.9849711095385884
0.6719734664653342
0.7083567818756233
0.6771929726808231
0.4002248274094422
0.47666568229221806
0.889167794982662
0.15590958985017078
0.4181432283395832
0.17943335320655332
0.7416523189447506
0.49549416525975415
0.22054398760802582
0.17945099765421713
0.7155612884532877
0.28957835342014404
0.7106858489672426
0.0442675975505792
0.24473034640694039
0.1299337125960926
0.6589922605880616
0.8382733143516222
0.732795270545102
0.07912095361739037
0.9857228558745795
0.860519248235091
0.6467302981168731
0.3022591393595623
0.202957580890506
0.8381660546829293
0.5453931275805005
0.12817344677784526
0.08439339317587057
0.7087574965686193
0.39178892411587385
0.8950252872794676
0.8451709004054508
0.306642855948872
0.09585346193349714
0.20948463354339514
0.8357264776296264
0.6832218018509955
0.3972238783238889
0.9449860051670372
0.6658104466274031
0.8745071162843393
0.25514614245941314
0.7359680208315921
0.9198143432643714
0.17048251063774464
0.2857546158803744
0.5598541454236803
0.9902347268732368
0.5088705138991815
0.28446285658035747
0.6251636754684601
0.473161866448247
0.5914827465161503
0.43464589450849067
0.615072908715057
0.22809209658756383
0.8235406648799342
0.7794685492363669
0.710948658371919
0.5717446458387891
0.29730847880716105
0.06067693387789671
0.03723535650142177
0.8541895347994941
0.7548494371421195
0.7405982953606246
0.9793973213871137
0.6761635584579124
0.7881287227462933
0.5599474752652703
0.5842030188721298
0.4390398263043426
0.21830592872014606
0.823189633236939
0.5418210555837247
0.06863318679155221
0.49041906491856624
0.7149168017859896
0.20914149546909158
0.8927185079112131
0.2377756480619896
0.4365384936842164
0.35836662562010946
0.7198331020982034
0.7551438208215626
0.3628255632757753
0.40023179232299366
0.06195801364380132
0.8950443247098417
0.7175044993341543
0.9439356962034721
0.339928177811457
0.7309063859899371
0.30516211532782456
0.9430952633015919
0.7264920237810009
0.821529197846263
0.2299874817287101
0.7224180136809475
0.37022694474316187
0.33673174681889184
0.7340693853974551
0.8498192837097173
0.8199179811780176
0.007536500790285524
0.8486018168209163
0.4680500842290212
0.6978035448624011
0.8700258909053088
0.11874759710482473
0.26496109863617706
0.7333078881824919
0.2153695211668366
0.6974571564951069
0.9355977660271947
0.47226339260010436
0.9342214991094198
0.2842627313976446
0.7265175617973563
0.1499220858337373
0.7383843815063901
0.37760093088391256
0.7196821956379211
0.17043282758774397
0.056375403268494634
0.7586100261323556
0.8393022642469629
0.862745234606148
0.7016142812302081
0.9345423494603585
0.12091832849504006
0.9998839181074751
0.8862258154985113
0.8401584842862264
0.08708092115160666
0.7380584235521802
0.03809436250610591
0.4255859349607086
0.9261603081649217
0.4139498860540143
0.7390423336732211
0.2085169748873077
0.9286003495457947
0.5579425088175806
0.7385445745180744
0.7857917620859823
0.8703295611361539
0.03094928985741429
0.33481732424737143
0.5306172956447931
0.9826151114479034
0.3774458454754993
0.5612735948054746
0.9831899489796866
0.30745821516196675
0.9354106420164446
0.22136306144168139
0.963360375771016
0.5078085967463638
0.4463780592221956
0.07125152995934347
0.5871124954263734
0.7292942406665515
0.5169493492913433
0.743030443172806
0.04332501258327715
0.6928417404483176
0.7257704587370661
0.2895913545921068
0.6899536229622985
0.5558242464427865
0.3119594066265116
0.9504720354077631
0.984456170263348
0.42352617785974705
0.5359018077200959
0.7706551476283077
0.6698923502961481
0.7335391233124015
0.7389931149507906
0.11376675526036704
0.9426750468506518
0.0982846810905383
0.7324953149348177
0.6412089789808195
0.1435380460724388
0.6077736793130923
0.8937971408565544
0.04359896584963587
0.8684299970468766
0.9487210561409178
0.17515086002752533
0.6815799395631235
0.2167611108944249
0.7978531350468878
0.46868064106921636
0.8967572291159389
0.5895887543577143
0.3800265781101125
0.45082910330916975
0.751693402648153
0.284059355921941
0.19709590964556947
0.9311142190103137
0.722565205520669
0.6585915458950656
0.6257993399119264
0.7669563142048947
0.4464783539773371
0.7316455954815355
0.6258689890474413
0.5281034261802743
0.030386060514883555
0.9301252012860016
0.8306667000982517
0.832119116737523
0.5306627997466629
0.5635534431746633
0.506992773205699
0.24637035138453195
0.4103327742829389
0.12386123663433089
0.5561135225189585
0.7123769299775451
0.30378538408247946
0.9345404921500781
0.5829172958305242
0.09640694039705579
0.030329876878901513
0.09340227669094171
0.3756618989511769
0.8726990247263717
0.4041748620482789
0.12031655996419106
0.7359930945203775
0.4172247884059263
0.7846926987275568
0.012418905189882116
0.10411617104341835
0.3845881321587703
0.0179067927408885
0.5972469089713659
0.40464708318707016
0.7681389565259382
0.7239284712664813
0.5910936400124068
0.09086797681333846
0.10603245092521911
0.3837170536372636
0.8796123979175837
0.6727405356111387
0.6739426796901263
0.9758326786314595
0.13644962138729935
0.5264768867022156
0.40610275011933217
0.24257075887840746
0.7640677323913055
0.4781496732062562
0.022619253249828664
0.4350350010122341
0.7719914823750541
0.6648381446956148
0.8897226664289309
0.7802407259854424
0.5672527409256463
0.3368427211081456
0.08586809753850669
0.7412074931325953
0.5909761651371717
0.8460252631344339
0.7831200212476296
0.8738041243432086
0.6075795903887907
0.18222210459257113
0.020778658761954113
0.8205945064476526
0.7287282253586002
0.21789685613088838
0.1732889064714262
0.49867109449437513
0.08621309292309064
0.5201843194722268
0.3372606159212352
0.7854718403901837
0.5313653273602235
0.09266585316476385
0.41035366902359344
0.8655000900795486
0.9659360008023581
0.8657949380865618
0.8968742396636039
0.6216798257100032
0.5641807497218678
0.3865016260751505
0.2538455609355643
0.0921225899077474
0.3325848372903329
0.7169166606304083
0.6953286789137707
0.40582879685297346
0.5362430884841191
0.07414196908321308
0.2898086598949134
0.935216553092143
0.8593370702416175
0.35192825953310936
0.9619469626476329
0.5576448748451468
0.20795095957935636
0.7116075391938902
0.98255289155351
0.29072849281128055
0.7909300109767038
0.10222589350554315
0.8119724077984745
0.46716414722527133
0.9622134866728701
0.9291737940948677
0.8988569183879289
0.5537115559988336
0.735556626604484
0.7125245861448368
0.08087657615993671
0.6896773480580892
0.7080688987821616
0.026852992033996208
0.9479409858231507
0.6952659946918072
0.1084339531177739
0.23677270051057459
0.0755943857224844
0.778498568942429
0.7338316496815641
0.5751486312551889
0.14783771937156048
0.26625285793619397
0.7764522773410003
0.5455468200062035
0.933341134036511
0.4209073703643857
0.9563151335498957
0.5672527409256463
0.5981620986120321
0.45500247950922434
0.043512136594027265
0.9407332289524956
0.9329209175855709
0.4321543127673366
0.04193899478653004
0.7837408272088526
0.7895207768014517
0.7056469661765224
0.060420160731631666
0.4254963197396794
0.3962251097206048
0.3174463655223778
0.5563902617507378
0.9613581952887468
0.33991053336379323
0.5818753447632208
0.08572090569878513
0.02262157488767916
0.6681390493914523
0.7254352142314543
0.7306463625506814
0.8307581726295613
0.7143001747728974
0.7305618549329232
0.9855686991213065
0.9440406342343145
0.6676222528059315
0.42861427937289776
0.6824287303612654
0.39720391223837465
0.5401244026425811
0.28351702132006473
0.8106300367933167
0.5415289935421321
0.09091905284604941
0.5743225925079818
0.8615672355608055
0.11554512985384825
0.00773894761084892
0.7313233521478865
0.28993960026968146
0.10417142602426019
0.022687973730203394
0.6788886969668266
0.49727114687052504
0.42660838427006775
0.5104942674118196
0.42840904658691376
0.40820197506375216
0.7235607238309625
0.27670115691857367
0.8841196256405399
0.697452977546976
0.5001666935976657
0.8977058503416522
0.8540743815621094
0.2196752307243696
0.43136495589816737
0.09149806932596352
0.6963548428436906
0.02940029308356225
0.2780658156470962
0.570601007033634
0.7192355125154853
0.6673552644531243
0.6449649246953547
0.7739792687026502
0.37529415151565804
0.7419285938489598
0.47604812662398566
0.9383948753094743
0.08057290592909161
0.8710079437160693
0.060429447283033656
0.40694271869364224
0.8421091244082145
0.7393200015601407
0.8759414241483768
0.5744586404860209
0.832730171819774
0.8637193938482169
0.5242931541400375
0.5551765094824976
0.06402891460644523
0.7498091613686891
0.33857326996190656
0.8647265203477628
0.7879898888028335
0.8388811191408826
0.8429059105185053
0.8322050173379915
0.5163197211062883
0.3700486429562436
0.7493220817476547
0.9960857185840609
0.9735922981057292
0.4464764966670567
0.8417915243502664
0.9692550142734295
0.8743975349777958
0.6204618944936322
0.3393273379357482
0.6851427250084972
0.4962449829406051
0.09545274724050125
0.738999615536772
0.5530359593843388
0.7518912061930154
0.29722118522398233
0.6330553868498717
0.31431633337233683
0.7223330417356193
0.8352333617501806
0.536728310794873
0.8714606630969163
0.5658806529560022
0.990440888314361
0.6822211759374309
0.807310094667105
0.24269427001205393
0.5396280364701447
0.1065455328901791
0.5999678685321491
0.660883466781077
0.5164455538777852
0.7855693491799046
0.7618468536235194
0.5580855217091713
0.4498939475829893
0.9653286603406679
0.6825944953037909
0.3745094379221898
0.9780540217268157
0.6218441976698186
0.7873514383939466
0.7204176905089588
0.3005620220908485
0.8107725853573372
0.23840481191947446
0.2858289082915903
0.1820554109949054
0.6087014057981512
0.6920881368020461
0.6982818022596037
0.6326096323825762
0.4406008955950172
0.6636058193245705
0.8076662339133713
0.10456564013127469
0.4564135709947568
0.8141983941695315
0.5854348799156038
0.4383493712076046
0.7283010439941087
0.7380379931390958
0.16119781654603435
0.6779284675518608
0.01461471026888281
0.6694790987587595
0.08269395426930627
0.7550082371710936
0.28107280099106075
0.8298866297804846
0.2032454639839677
0.5194130713782914
0.589526998790891
0.7202124577229747
0.29741480982071383
0.7393181442498602
0.11528510641459251
0.6001238825957026
0.7710247523741068
0.40384101052537735
0.29777930696324195
0.32405931877573535
0.3476086201484734
0.8626444755234365
0.7569811650164465
0.3135905893802713
0.8076536970689786
0.7552097553365168
0.19516523560909563
0.03557213514532524
0.280439458185445
0.7413481843863354
0.764853838967484
0.004972948275766001
0.7323713394736011
0.4472946418455721
0.9871460198769346
0.5851938939067222
0.14129255794343748
0.20498483506156054
0.5511178221922576
0.22505539427911286
0.02063285990494286
0.7049917999751121
0.5566001378124228
0.42495398513780314
0.5661448553433888
0.14850402943465332
0.4851795926175631
0.19870991227923546
0.961802556773332
0.7652461957642182
0.12085843023849721
0.7218919305440248
0.1367876518583318
0.9894783372615445
0.5549188076810924
0.0018048412649768859
0.554800404150717
0.6150366911645893
0.691397217377738
0.9625315510583883
0.3029426295427488
0.893184228464023
0.21920347391314846
0.7939899296636597
0.8065597413138241
0.8290373746547725
0.6265357634381042
0.8677850460520085
0.7855015573546701
0.8652368163473022
0.7392614962863081
0.8377086920263812
0.3789493381474816
0.8338296995057697
0.07297557822712304
0.9553674409793226
0.7669883528072317
0.6304449372507722
0.6732958713849777
0.5207192248329814
0.30961594538021925
0.9310194961860133
0.9713978860094389
0.5189840327035194
0.6174038331169567
0.7768079522596966
0.6086368642659074
0.7265110612113749
0.8347764634212027
0.06800355860649725
0.019536118184367762
0.23785597673161682
0.1533042478543423
0.6125474310612856
0.11239977489399401
0.9727774032202046
0.8361253350123419
0.41581091095497325
0.5598643606302225
0.8385384453941491
0.692251580106721
0.7317630703567707
0.9729180944739447
0.7189188411126775
0.973684234964609
0.01025606736835849
0.21361947055513147
0.7334945478656719
0.7336593841530572
0.08567307995906488
0.5318867672214452
0.03787241392759833
0.7178072409098591
0.6795090386004795
0.8714899157338326
0.026874351102220785
0.6730117029120768
0.5272388482447489
0.7347584475114828
0.7668012287964815
0.14923859565055078
0.7069489406830816
0.07114473461822059
0.22136213278654118
0.5274501172891443
0.6716781541307509
0.8469622761708948
0.795376876115547
0.9299928679285233
0.03483524729157728
0.8670774108351768
0.8364926181202905
0.2561709134066228
0.16105805394743442
0.07863665996177656
0.7839845991831549
0.7127757873602606
0.09437643593301054
0.29214887084821506
0.2935864290052432
0.11590730535852589
0.8966894372907044
0.777686924349895
0.17143391782887857
0.9217176219742094
0.08687336672777217
0.7431158794457043
0.7400378519835145
0.35160833783731077
0.13413634143306347
0.7340127374339029
0.33721232585394484
0.9726794301029136
0.24933508291961748
0.18325848372903328
0.9640577957813055
0.24647482508780436
0.6159616316842276
0.5247333366764918
0.8728545744623551
0.6916038431464322
0.08648286724131847
0.8400414737385613
0.7120653661780083
0.7358547249044878
0.2320894926385507
0.8242473714416256
0.5899857544301493
0.5563698313376534
0.5269509651512873
0.09713036275127086
0.5159867982385269
0.2995200710235451
0.06434233571626242
0.7784293841344841
0.42330144331581887
0.7419290581765299
0.23749287257179896
0.6691503548391291
0.14371216891122615
0.7178555309771495
0.03787752153086942
0.4481332174371718
0.9737789577889092
0.6629195431759635
0.6916205589389558
0.940529853476792
0.9854595821423331
0.0184022302581847
0.22487987845761526
0.600317507192434
0.7547570359556697
0.8921524926032618
0.4641139794172875
0.11124359924444618
0.1627630647848399
0.8425010168773786
0.591579326650731
0.6359416470256104
0.7387312342012544
0.6390726078307916
0.771118546543267
0.8975349777958556
0.6789518455163601
0.014596601493648928
0.26923801988436386
0.8120299844171668
0.024107423111997667
0.0358126568266368
0.10360030311303776
0.7869219353916046
0.9478184033446444
0.6717464102835555
0.43569248885149503
0.44291928315252416
0.966066476849556
0.6164686773907763
0.8302692356982465
0.5655310142957173
0.49222622782139364
0.5573221671839276
0.7036410710736924
0.5841134036511005
0.09737552770828342
0.3044391573011796
0.21662692022666616
0.5267424820723126
0.414055752739997
0.07219411492664553
0.2185724527453832
0.9450310449413368
0.7754321496694916
0.7501369766331794
0.3714978093025243
0.2299953752974018
0.8643815249631788
0.3037129489815439
0.2029427224082628
0.9676038654341556
0.3104935244877074
0.16917171390735364
0.919924388898485
0.3431742918540228
0.208019215732161
0.4347141506612953
0.7270157852800732
0.13630939446112927
0.4066766589959752
0.9662712453079699
0.9296334783892662
0.08869492378527265
0.1211634934520526
0.45636249496204584
0.7608216183487397
0.8000308313506546
0.9300978059593658
0.306498450074571
0.46459223681448997
0.9678987134411687
0.09299366842925412
0.3017404854637611
0.972699860515998
0.02489863729144727
0.3934001407841193
0.18199504841079245
0.8596384188346121
0.31194408381669836
0.24931604548924338
0.5854854916207447
0.8321943378038792
0.7659612602221715
0.6005478136672034
0.10442030560183353
0.7429566150891602
0.9334502510154844
0.7482248756995095
0.36648585751086993
0.1976661039016517
0.44794655775399184
0.5312422805541471
0.9302236387308628
0.23332692561286597
0.4137474392334509
0.8098652892853627
0.12334397572124002
0.8411948634226886
0.7508785077626283
0.7714788647376642
0.7175565040220054
0.9351339027846653
0.21882458261594723
0.7169473062500348
0.5270187569765218
0.5876831540100258
0.23850835696760664
0.5854757407417726
0.19473898289974426
0.9694138143024036
0.8000503331085987
0.24649711281116912
0.3048175842708107
0.8800688319189915
0.5460273990412564
0.2239507589898461
0.7361936840306604
0.6937276774520674
0.5279144448592438
0.6771442182859626
0.47514222353472146
0.8975382280888463
0.4203158170400789
0.5185656735628598
0.3772294688278329
0.7484630757429706
0.7401283958596839
0.7269619232819415
0.46533237496122865
0.17673839598969565
0.6155910982832881
0.5895469648764052
0.3444233330175906
0.9321153092514483
0.7986638509842816
0.8279174165556924
0.7874192302191811
0.29946667335298366
0.5170612522357373
0.0695381612256762
0.723773385858068
0.5976327651821186
0.2985561269880185
0.7672883084175159
0.647522905279033
0.7409799726232464
0.7385877569820937
0.7678914699310753
0.9616191473831427
0.7622549975576369
0.10877198358880637
0.7424621062270041
0.5849190119852232
0.4005145678131843
0.5906107393395034
0.5775287743795191
0.08874646414555369
0.4650760661425337
0.014185207266540741
0.1152916070005739
0.25482111316034345
0.006831187211304333
0.38746603443824723
0.5302588347606763
0.030932574064890708
0.8416981945086764
0.31597769741815296
0.9657646639289913
0.31943600916025433
0.16144483881332733
0.10235590522517102
0.7141905934663539
0.16209396875632645
0.6789597390850518
0.8960119833659291
0.8921682797406452
0.8045431666768819
0.17403183058358546
0.7196775523622201
0.5829349402781879
0.9710830719169113
0.3022201358436739
0.1632724321292391
0.6795545427023493
0.21967755236222009
0.6989699357184912
0.9702876787893309
0.3538013569508909
0.3352143243198065
0.6841054172168949
0.5572645905652353
0.3163658752667562
0.7772783160882074
0.06385154147466722
0.4254768179817352
0.7380198843638619
0.9565394037662538
0.5290766567672028
0.5193517801390383
0.812600178673249
0.027859189878401896
0.5292034181938401
0.9690897136584741
0.792554228816912
0.5588419113208634
0.24579133490461783
0.3478746798461404
0.44792473435819713
0.40663951279036725
0.24394238252048148
0.8270138351042787
0.6596446408240514
0.9191605700456713
0.9926826618228014
0.7886380900906924
0.7364137752988876
0.9657043013448784
0.6947375899170339
0.23106193572592043
0.7281789258431725
0.44395984123711724
0.4467736663119204
0.7894260539771514
0.21870989370613264
0.8672487477085434
0.5186316080778138
0.1496346670678457
0.6920941730604573
0.30388057123434986
0.7148996216658959
0.07275734426917627
0.4952424997167602
0.837758839403952
0.6587633470960025
0.5070763521683169
0.9645964157626209
0.7717421384699107
0.8858576037354224
0.021699884661031586
0.8467231474722936
0.43406641370100646
0.13477479184195032
0.7131820739840977
0.08111570485853796
0.4012087375304831
0.7794397609270207
0.37916664345028817
0.5034462392252788
0.692965251581964
0.11419254364214831
0.6675136001545282
0.5986589291120386
0.6194222650641794
0.5534143863539699
0.5451553918646095
0.5583599393031
0.3351627839595255
0.1532996045786413
0.9305458820645118
0.8287815301636476
0.830980585535639
0.3228520670934766
0.7419922067260635
0.6590326570866603
0.11601781532020958
0.7223622943725356
0.059324347666196764
0.04816051989829369
0.8424791934815838
0.07602249574211618
0.15354105491509307
0.6467888033907057
0.585766874128225
0.8160041640896486
0.8477771710564195
0.1833638860874459
0.49297983146766516
0.01960530299231259
0.5406082319706248
0.32807389494681594
0.5328892504452901
0.29214840652064494
0.7232310512561918
0.1541822912894005
0.9757588505478136
0.9658830674593667
0.5578208549942145
0.6728496525901121
0.02255285440730443
0.13365576239801044
0.5884140056053624
0.9659694323874052
0.5206351815427933
0.2235370431248874
0.2985440544711959
0.5175952289413517
0.8757501211894958
0.7032306055017246
0.4991349577369046
0.7358143284058891
0.9199002438648398
0.6083838057402031
0.33468174059690237
0.09790996874146798
0.9497815803110252
0.6290603124367353
0.4433668949301001
0.10304821763218941
0.869933954046429
0.7417345049246582
0.7681375635432279
0.8099391173690086
0.6405138806083805
0.8495262930129844
0.30042690276794953
0.959759051137324
0.7423228079559743
0.5983413290540904
0.048212524586144834
0.06866568972145917
0.5829456198123002
0.585076419031487
0.007254189627665008
0.8486389630265242
0.7173670583734048
0.3628190626897939
0.07114984222149168
0.204427177649871
0.5175167575820049
0.44982569143018464
0.749920599985513
0.6258467013240765
0.12628827684324115
0.5896848701647248
0.5049051564505315
0.11518063271132012
0.17126629557607265
0.949444942822703
0.8074020315259847
0.9488547824811066
0.02061382247456878
0.6778467458995232
0.7286251446380381
0.9305867428906806
0.6368925898891743
0.020104919457739692
0.08230299045528247
0.45008200024887957
0.680742292626664
0.44723427926145914
0.31267725704988547
0.7354187213161644
0.32986109176412903
0.77519116366061
0.43321808723043465
0.7181666304491162
0.08820087925068675
0.08682229069506123
0.8102627536853679
0.9536485003148141
0.7678004617273357
0.5910444212899763
0.595750381212935
0.8443560055199262
0.7384637815208771
0.3393268736081781
0.4734283904734841
0.9412189155908197
0.6657124735101121
0.5288365994134614
0.5331005194896854
0.8006637098287003
0.6471040818108033
0.06436137314663651
0.15262865123984748
0.7340438473810996
0.07532600438696688
0.7973809139080966
0.04410276126319387
0.9464932124595803
0.6331844699143594
0.35211538354385946
0.12616662301987508
0.21899220486875318
0.2935920009360844
0.7398233326461285
0.08382273459221824
0.40731928835299297
0.9329158099822998
0.8794206306311326
0.02590622811856326
0.37448900750910546
0.7002301207437414
0.8703801728412947
0.9625334083686686
0.8495128275134516
0.5267508399685743
0.7917490848103593
0.3849034105788679
0.8288307488860781
0.824155898910316
0.06389379528354627
0.7788974263251445
0.04017408569258172
0.42662602871773153
0.11153426830332848
0.7909982671295084
0.7248445895622877
0.5129937427216653
0.6633499748334457
0.45857548016114025
0.155182917202965
0.8402155965773486
0.2271184016730651
0.632790720134915
0.7084264310111383
0.5887371775941517
0.8411043195465191
0.6961630755572396
0.5875661434623607
0.42377412878218024
0.8853770247003694
0.596119057303594
0.5415549958860577
0.17869832266308577
0.431232622540689
0.459045379662081
0.8978655790257665
0.6822857174696748
0.1834553586187555
0.33607472330720095
0.6059892684611998
0.6243125630324676
0.5358855562551424
0.3337605146978249
0.9631119605210127
0.22097209762765757
0.14409802512197886
0.29691612201042694
0.5918987840189595
0.006061796427649407
0.9945864048602095
0.667209465596113
0.024977108650794094
0.7388189921120032
0.6897237808150992
0.589862707624073
0.6331138921237043
0.40434201997351477
0.44683727918902405
0.040714098656607474
0.7901722283823013
0.13174180415406017
0.4147164908722486
0.3342443440258686
0.05463788950118218
0.13056101914329707
0.8377713762483446
0.7629774912567119
0.6403230419770697
0.7432626069578557
0.04557328667769909
0.1762801046780074
0.23923131499425163
0.06992541041913922
0.5083165711080527
0.985613274568036
0.7231920477403034
0.5364585364766452
0.05662660448391848
0.1303265337203968
0.43607323745897664
0.9621624106401592
0.9639593583364443
0.4190992788064181
0.9483639882395113
0.19067240204081254
0.8250548370860288
0.12059144188568999
0.1526184360333053
0.38323461729193015
0.8299516356402984
0.801283122807213
0.9698660693556805
0.6727275344391759
0.00018758833832021143
0.956950797993362
0.1825359900299584
0.5864684730866454
0.7124010750111903
0.7403313070078175
0.8422753536783102
0.4218778149858937
0.8914787532990474
0.9383303337772305
0.8852521205840126
0.6921447847655982
0.5674918696242476
0.08867402904461817
0.18262514092341753
0.1739993276536785
0.656060031982883
0.432165456629019
0.7031080230232183
0.08673406845674231
0.6934704399782323
0.7293132780969256
0.5583204714596416
0.39482562642432484
0.80770663041197
0.585808663609534
0.34097291484418096
0.8181061749994892
0.4942655545092708
0.5920371536348491
0.49549230794947374
0.5959361122409749
0.4408117003118424
0.5287038017284129
0.3086403931554402
0.015118041354870703
0.43962859366322876
0.0057859858510102835
0.65898483134694
0.4321320250439718
0.08727593873104847
0.045585359194521675
0.7954070574076034
0.5606866847568688
0.8465545965643474
0.25224223783601063
0.037589174109837614
0.6687709992143578
0.28489746718597064
0.005388985778575183
0.9639491431299021
0.7147983982556142
0.9242463499209714
0.23665801160076
0.42435546689994486
0.21512203457197357
0.5383882818579789
0.5131706515258733
0.5474134168380035
0.12110034490251907
0.8273579018337225
0.6372334063256273
0.42690926853549227
0.85748301025421
0.31147418431575763
0.09229531976382442
0.6774752838434436
0.5793461524888887
0.3012617637389885
0.4591289586246989
0.5842262352506348
0.6685685523937943
0.9262290286452964
0.689699635781454
0.2446430528237617
0.3298211595931005
0.7271676203954957
0.5613102766835125
0.34267142509560505
0.156283837871671
0.4164224303647943
0.7592921233328319
0.5579239357147766
0.8927853710813075
0.4794098582315063
0.5555191832292311
0.42686144279577204
0.7268811302847442
0.2471025959625789
0.8148999931279519
0.7414382639349347
0.9434309721347739
0.29335472954776354
0.6084943157018868
0.9922986629223292
0.5582234269974907
0.6893007783987385
0.614428886375329
0.24904534251587537
0.7533728754692031
0.6157754363286176
0.5643469789919634
0.8274962714496121
0.5171332230091027
0.060089095174150696
0.07870630909729148
0.6900673832169728
0.8696915750548371
0.6410093181256767
0.2199603278524107
0.8840341893676416
0.9723506861832831
0.8526266081985391
0.5996576977153226
0.8732696833100241
0.30251776981610773
0.4458826217048994
0.7763960937050183
0.6179772776660296
0.9557867287751225
0.7159304288715168
0.6749265898111673
0.11626623057021283
0.8105190625040629
0.06439805502467437
0.10425593364201831
0.932571278925286
0.5867498555941257
0.5061416607697066
0.49726464628454364
0.6573903304712182
0.6208695741001796
0.5640108058312113
0.9507817418970196
0.6186849128828613
0.043875705081415195
0.36326249551923895
0.7407427012349256
0.47662807175904
0.3102961852704151
0.07295096886590777
0.5582967907535665
0.648810021303349
0.22009684015801995
0.9839208005750233
0.035292609948125324
0.6332276523783786
0.9670020969033065
0.5157049514034765
0.8732775768787158
0.6142106524173822
0.8452020103526475
0.5943806148811415
0.23346065195305463
0.9293966713285154
0.4966944520284614
0.3635211259757844
0.6695659280143682
0.6399060758191203
0.08502302136092553
0.7089553001134816
0.9710895725028927
0.09190714191522122
0.5359055223406567
0.6258467013240765
0.7367471624942191
0.7288661306469197
0.5409560133206294
0.4352179460748533
0.7064860060956923
0.2518874915724546
0.8417775945231635
0.21920347391314846
0.07899279920804289
0.889969688696224
0.9275022148425094
0.410370384816117
0.5497318043955105
0.5458973873216285
0.01326212405718287
0.6923936643431715
0.09120136400866992
0.49826666518081847
0.13511607260597347
0.8055015387815673
0.4700945185201695
0.8919830130401755
0.3370883503927283
0.7045636899554802
0.7267032928253961
0.08967883390631355
0.6880494155973202
0.5889043355193875
0.6031220457158353
0.223040676952451
0.9639705021981267
0.45021386927878787
0.021652523248881436
0.35347075572097997
0.23583475881897353
0.9468990347558472
0.8234803022958213
0.30943114300731966
0.7132308283789581
0.6895180837015451
0.0752141014425729
0.4170478796017184
0.7747170852115384
0.8278867709360658
0.7667589749876025
0.5299672370466538
0.9344675927215724
0.4668419038916222
0.8913659216995132
0.30737463619934885
0.5622217517036179
0.9201570170111049
0.9307395066612433
0.791621859056152
0.6629362589684871
0.8703602067557804
0.791789945636528
0.8654360128748748
0.1530911214996666
0.336475902327767
0.5148185500721565
0.43030257441777964
0.7191505405701571
0.307403424508695
0.015139400423095282
0.7969602331295864
0.0755019845360346
0.8314467704160189
0.236951930952633
0.2504838293280437
0.8645003928211243
0.41669684795872314
0.5112111891800533
0.6417387767383032
0.5875271399464723
0.7849299701158776
0.7301421028095533
0.10223007245367403
0.8742730951890092
0.4631291406411064
0.5412076788636233
0.3782389169652293
0.268879559000247
0.39389975724954635
0.6703316041774623
0.7014935560619822
0.7425308267073789
0.28128546301816637
0.12463016309041572
0.665720831406374
0.28297886566631936
0.7522854203000299
0.12229598839552537
0.7665686006838617
0.41480424878299743
0.8703495272216681
0.6795740444602935
0.41034531112733164
0.7618282805207155
0.9615327824551042
0.41810004587556393
0.0262628316923997
0.7160827283145095
0.9867824513895467
0.13356243255642045
0.4348390547776521
0.416747459663864
0.21162657662426426
0.14311225769065755
0.7921470135379346
0.8399945766539813
0.5182991495376226
0.06737160878359177
0.15606374660344383
0.718721037567815
0.5832177157683786
0.993837444489639
0.9370334668739425
0.059502185125544886
0.4327755830561298
0.7430188349835535
0.9403232277080977
0.8268917169533425
0.2033452944115391
0.00047825739720251925
0.3990152540893329
0.887698198223297
0.9903354859559483
0.7889259731841541
0.5330963405415545
0.10836708994767957
0.0788846108842097
0.7860457492668268
0.4959673150536856
0.5869857339997363
0.6667674257493783
0.5749921528640654
0.35063835754337286
0.5300907481803002
0.7224537669038452
0.7346502591876496
0.2969825208529512
0.3043161104951032
0.8734614505964752
0.5364548218560845
0.6784861249635503
0.9528141036713452
0.5989793151354073
0.8956015177939611
0.9482228326582011
0.5152085852310401
0.23612867817084654
0.7773521441718532
0.510748254592664
0.732025415433877
0.6325093376274347
0.20837721228870773
0.49814315404717197
0.17889705486308838
0.8825255890923882
0.025862581326973902
0.8634918733388681
0.86364092248887
0.47634018866557826
0.8232936426126413
0.4066947677712091
0.7331300507231437
0.6757113034046355
0.8525606736835849
0.4038841929893966
0.34238075603672274
0.23581990033673036
0.5173737446904142
0.02630322819099836
0.8319997845520075
0.07094878838363858
0.9694867137309092
0.45916285453731615
0.28275738141538187
0.8942698263229156
0.6763627549854851
0.9936517134615992
0.4685366995224855
0.7241871017230267
0.830210730424414
0.29276874815429793
0.8198980150925034
0.8794995663180495
0.9720200849533722
0.5184208033609887
0.7664060860343268
0.6967736663119204
0.012428191741284107
0.8089951394189961
0.710118440676581
0.8163212998200267
0.6192838954482897
0.15724871056233783
0.013368455070735662
0.20937412358171142
0.879511174507302
0.19231890760438547
0.21501477490328055
0.9766429302412831
0.00020476845841389417
0.8339058492272661
0.29036956759959365
0.9945645814644148
0.40313523261882606
0.793641683986085
0.8201858981859651
0.9302185311275917
0.7561365531664355
0.06800541591677764
0.0348171385163434
0.4710510333145745
0.6415549030205437
0.7747416945727537
0.6951262320932072
0.3116738451709004
0.5104487633099498
0.9774127853525082
0.8646002232486957
0.6077049588327177
0.3878082438574106
0.571715857529443
0.20809675843636763
0.8830646734012737
0.10877337657151666
0.13465963860456565
0.535785725827571
0.19973003995074412
0.03709280793740122
0.28296214987379575
0.1820484460813539
0.6982906244834356
0.8965037062626645
0.4272844452121327
0.21145198945790686
0.04468317072581828
0.4499793838558876
0.5609434579031338
0.092232635541861
0.4291389695271102
0.6667785696110606
0.7572370095075713
0.5120581226679147
0.864051388060838
0.8794197019759924
0.09188531851942654
0.3095885500535834
0.7744514898414414
0.06802027439902082
0.435025250133262
0.50060641180655
0.712698244656054
0.4338296066402557
0.15019557477252593
0.6977687202946437
0.8013639158044104
0.808163528740948
0.9780614509679373
0.890734900531748
0.751973392172923
0.28654536573225386
0.8304382509337628
0.243543525137766
0.08202253660294236
0.22885080783710646
0.6323523949087411
0.8451583635610581
0.930765973332739
0.7679834067899549
0.743473876002251
0.03719170970983241
0.8274359088654991
0.6953811479291919
0.7337359982021237
0.14889545757624723
0.06039833733583699
0.4381738553861069
0.06054460052041834
0.6724749402410417
0.3703091307230695
0.9276275832864362
0.11347933649447543
0.5981528120606301
0.7418064756980236
0.47009869746830035
0.43770674185058683
0.5892182209567748
0.5588145159942275
0.634983274920925
0.5365945844546844
0.9440397055791744
0.8394991391366851
0.6719576793279508
0.9546240525395933
0.2783954882218669
0.011503251221645836
0.7861242206261736
0.4325215958752853
0.5299240545826345
0.2516511488392739
0.8180973527756573
0.7387651301138717
0.386905126733567
0.057538543831593965
0.8368329702291735
0.5403769968407152
0.11479199053514681
0.7198874284239051
0.7140629033845766
0.6648270008339323
0.6422927195294319
0.7626668561123152
0.383103212589592
0.631022560747976
0.08116353059825822
0.34661310183818
0.7485601202051213
0.07156866568972146
0.10303057318452563
0.6659195636063765
0.8369973421889888
0.016231498867969384
0.850284539934957
0.4348190886921378
0.7312003053418101
0.7818059742242479
0.6330994979690312
0.8719974257679514
0.4267685772817521
0.7614935003426737
0.5102314580071432
0.47305925005525495
0.545101529866478
0.23111533339648188
0.9239203919667616
0.31070757949752326
0.3869218425260906
0.9497448984329873
0.6141813997804659
0.7909792296991343
0.45490032744380243
0.5200570937180194
0.8916751638611995
0.7788342777756109
0.46799900819631024
0.030645155298999097
0.828242445854762
0.42580741921164605
0.6576201726184174
0.580775352749655
0.2758765111540769
0.15409499770622181
0.9923548465583112
0.7922737749645719
0.9518710543764731
0.023088224095629193
0.5296287422480512
0.09500327815264491
0.9345757810454056
0.7897399394145387
0.5698576185939047
0.5862962075581385
0.6045934997854807
0.7857745819658887
0.3467862960218271
0.8646341191613129
0.7572509393346744
0.18438262077624426
0.3853825966312106
0.9558187673774593
0.8087397592554415
0.8202917648719478
0.06026646830592872
0.3225405032939398
0.7749515706344386
0.7392735688031307
0.498805749489704
0.7259134716286568
0.9496162796960698
0.8610648331299579
0.816799092889659
0.6076055927327163
0.620475359993165
0.6150139391136544
0.18009362701123488
0.5151198986651511
0.5758274781626744
0.6015776922176842
0.5066412772351336
0.1676129662545295
0.4029425366772348
0.96869782118931
0.7035027014578028
0.6476310936028662
0.5131627579571816
0.7324697769184623
0.2854105491509306
0.8750090543876169
0.8395627520137887
0.7750876186124778
0.34626532048817543
0.7989735574735379
0.5194056421371698
0.6729675917929173
0.019510580168012288
0.5898074526432311
0.7504160375028092
0.6019570478424555
0.41473088502692174
0.9750516796585521
0.8241545059276058
0.5580293380731892
0.46531565916870504
0.0094518520169461
0.02793394661718792
0.6866072141645911
0.04756989522912708
0.4165301543610574
0.9551807812961426
0.35251191928872444
0.33600832446467677
0.5769293274865206
0.9357760678141129
0.5775111299318553
0.3246309060145279
0.8644251717547682
0.7047995683610908
0.9528842171344303
0.5311164477826501
0.9191327103914653
0.7314905100731223
0.6896638825585564
0.12587038203015158
0.6260133949217422
0.5301529680746936
0.5591813347746061
0.3022145639128327
0.5671631257046171
0.8971156900000558
0.784880287065877
0.8514825050658138
0.47739235493942384
0.5546759643619303
0.735967556504022
0.1625513314128745
0.14011966650136606
0.21353403428223316
0.7264019442324016
0.5189041683614622
0.4774234648866205
0.727943511765132
0.46809976727902186
0.02236340875870382
0.5017175476817982
0.7789396801340235
0.8615328753206182
0.253703941026684
0.7652898425558076
0.7150454205229071
0.7238866817851723
0.546318996755279
0.66607557766993
0.08473188797447313
0.9387008671781699
0.8473411674680961
0.5254247204283701
0.5399544587519246
0.9518724473591834
0.8446411026479672
0.9678388151846259
0.6302332038788068
0.5932778369021551
0.2160776207112384
0.8057188440843739
0.3742847033782617
0.6984396736334375
0.3596449194205935
0.21384699106448024
0.7070283406975686
0.867550096301538
0.7753662151545375
0.2468170345069677
0.5609764251606109
0.8682377654328555
0.9795375483132837
0.0016321114088998594
0.9337269902472637
0.12082592730859025
0.7148894064593537
0.37042149799503354
0.5196628796110049
0.0006472726327187494
0.6055667303724093
0.31112779594846335
0.7814372981335889
0.5328066001378124
0.4502686599320596
0.6188399982912746
0.08503880849830892
0.15761970829084737
0.8647687741566419
0.014919309154868103
0.3762515949652033
0.12462923443527553
0.5959231110690121
0.7129461955784872
0.51698092356611
0.8383392488665764
0.7886910234336838
0.584311671523533
0.09131791022876491
0.08478064236933358
0.17522143781818048
0.9469083213072492
0.8283984599183155
0.4963002379214469
0.6692464706461396
0.15643613731466366
0.47130548482298906
0.3855070364199973
0.742764383475139
0.4781315644310223
0.9687883650654795
0.4426314000590625
0.5884910839819989
0.9287846875911243
0.04670020969033066
0.7913567280136252
0.0762987706463254
0.014488413169815736
0.38515089717373097
0.14391229409393905
0.7423474173171896
0.5558804300787685
0.07733654276549787
0.598954705774192
0.7316200574651801
0.5998030322447637
0.3798974950456248
0.8286960938907493
0.2566747088201808
0.17325918950693983
0.6094851907364792
0.5290367245961743
0.5879705727759174
0.4638892448733593
0.08936169817593557
0.7775931301807348
0.7206990730164391
0.5538680343899571
0.1429497430411227
0.039247752190233146
0.011621190424451118
0.8048802684927742
0.02952612585505922
0.37569022293295296
0.7732869562956318
0.8728675756343179
0.8842761040316635
0.38336323602884775
0.2918572731341925
0.21036639159901413
0.2080094648531889
0.6054501841523143
0.023453649893297523
0.7412316381662404
0.7950379169893743
0.6092729930369437
0.7427820279228028
0.09740478034519968
0.017672307317988235
0.7046393753494065
0.5357912977584123
0.8008968022688903
0.9396731691099584
0.7308762046978806
0.7256553054996815
0.9864968899339355
0.9397994662090254
0.5576439461900066
0.6076701342649602
0.4758062119599638
0.18961930711182678
0.44434523312029983
0.6665227251199358
0.375335940996967
0.03985787861734393
0.5620104826592226
0.7398497993176242
0.348068768770442
0.8267533473374529
0.9699881875066166
0.3701433657805439
0.20199595849282986
0.15057075144916635
0.9711712941552303
0.7366724057554331
0.7017484718979669
0.7729452112040386
0.30395904259369666
0.42113953414943545
0.5606346800690176
0.6072299517285058
0.9559882469405456
0.719205795550999
0.06136831762977491
0.8959005447491052
0.23730156961291796
0.6397031646709868
0.1315370356956463
0.13039478987320144
0.2958648843917216
0.9382551127108744
0.7202918577374617
0.7519989301892784
0.5884302570703159
0.6101426785757402
0.28197220349434354
0.3364238976399158
0.3778293800484015
0.2818161894307901
0.722089269761317
0.5041668756140733
0.7996584406394348
0.8593263907075052
0.8367479982838453
0.6182289432090236
0.6223387065319745
0.6729917368265625
0.03816447596919094
0.7418199411975566
0.550396257148323
0.3344704715525071
0.730831164923581
0.23952477001855452
0.9110743054123879
0.6191380965912785
0.9641474110023346
0.6726903882335679
0.12805829354046058
0.013582974408121647
0.020738262263355452
0.30058338115907307
0.9141277235133625
0.08046193163983782
0.7294358605754319
0.9562380551732592
0.5828309309024856
0.8464603380676172
0.3486607864223189
0.8010987847618836
0.03002481366534612
0.9991795331836342
0.46444086602663753
0.24232280795597433
0.9981863365111913
0.38701145774711976
0.5555391493147454
0.5748491399724747
0.8437616662301988
0.5654804025905764
0.5292006322284194
0.8197136770471738
0.9935639555508504
0.947723216192774
0.6317102298792934
0.07148740836495404
0.7395414858110781
0.8653886514627247
0.010619635855746426
0.31113476086201486
0.8352561138011155
0.5575357578661734
0.341085282116145
0.7284983832114009
0.8689133620473503
0.527827151276065
0.7002412646054237
0.821430760401402
0.77150579573673
0.7146052379864528
0.0788990050388828
0.317419434523312
0.6101802891089182
0.8011085356408556
0.36745769511508825
0.7990093106964357
0.4334734673939894
0.307081645502616
0.22338613666460505
0.6094615100304042
0.8423468601241054
0.6824022636897698
0.7888270714117229
0.07302851157011439
0.09582745958957158
0.34315571875121886
0.11606146211179894
0.5062400982145676
0.21888587385520036
0.9382704355206877
0.3280813241879375
0.9641738776738303
0.5153803864319769
0.7758254351213659
0.340623276183896
0.7940772232468384
0.11038598622247234
0.6439889081430055
0.34050812294651134
0.3501698510251424
0.7318540785605102
0.8913078807532507
0.24108491065408896
0.14088998594016117
0.742699377615325
0.15486206685202622
0.7713474600353261
0.23351033500305526
0.23643467003954213
0.37999825412833643
0.3877766695826438
0.10787629570608437
0.6246069467119107
0.268529456012392
0.4982114101999766
0.011304519021643237
0.6728180783153452
0.5590438938138567
0.7317607487189203
0.9446414741100233
0.9618355240308091
0.437558157028155
0.42684797729623913
0.6043683009139824
0.7344891375208251
0.7547858242650158
0.09057405746146545
0.31770638896163356
0.8230995536883396
0.5868580439179589
0.8338974913310042
0.39775971233978374
0.41489107803860603
0.9980530744985726
0.5537533454801425
0.4248773710887367
0.6222393404319733
0.4990221261373704
0.36028383415705045
0.8181103539476201
0.06471704806533275
0.8174607596770509
0.0935141796353357
0.2939829647501082
0.11628433934544671
0.47624825180669855
0.7145202660411246
0.5598383582862969
0.28616786741776296
0.3689950836996878
0.7238388560454521
0.21696262905984812
0.25592203382904943
0.9365296714603845
0.6283786795638292
0.6961328942651831
0.8477168084723066
0.5537264144810768
0.17070213757840172
0.8364206473469251
0.8386540629591038
0.8977750351495971
0.5576365169488849
0.7669261329128383
0.699612565075509
0.9787505130819649
0.37659334005679657
0.1457347798065797
0.34824382026436956
0.19813136012689145
0.6408584116653944
0.4227985765574011
0.310780943253599
0.021639986404488748
0.6595661694647046
0.7976994426211849
0.9987816044560588
0.45857826612656083
0.9768268039590426
0.2942601683094576
0.005786450178580383
0.6194129785127773
0.8239961702262019
0.3271888865982062
0.3533593171041561
0.3665805803351702
0.6415739404509178
0.42761272480419305
0.5548579807694094
0.6143880255491602
0.49236691907513375
0.42056562527279245
0.8703119166884901
0.85286434391443
0.837100887237121
0.6707671434382156
0.4600599354027484
0.5414407713038133
0.6766464591308159
0.12224073341468353
0.017662556439016146
0.8177788240625691
0.027073083302223386
0.1540207052950059
0.785431443891585
0.5454627767160154
0.5575195064012198
0.7330413641572547
0.5045592324108074
0.27760891731811826
0.7003949570311266
0.21319925410419138
0.9927216653386898
0.724514916987517
0.7745596781652746
0.4076582474791656
0.12030216580951797
0.0843669265043749
0.03171171572751772
0.5987420437470864
0.332706491113699
0.43868043676508556
0.09851127294474687
0.05736720695822724
0.20883782523824648
0.4966893444251903
0.5413056519809143
0.027419935997087738
0.5330048680102449
0.7208541584248523
0.39933889040569226
0.13902060314294046
0.6795489707715081
0.20834192339338017
0.8006827472590744
0.7847228800196132
0.6671825345970472
0.10228672041722618
0.7559471075178348
0.6714487763111218
0.11864962398753373
0.15700261695018508
0.026101245698005062
0.29824084856792094
0.5411914273986698
0.505989825654284
0.9505170751820629
0.7934350582173907
0.9206905293891492
0.49220486875316904
0.6204670020969033
0.07515513184117026
0.09085126102081488
0.6693249420054865
0.7623956888113771
0.751106028271977
0.12185441287636072
0.24557960153265243
0.6147864186043056
0.8691292743674466
0.7141093361415864
0.5615057585905244
0.3126744710844649
0.557552937986267
0.8216434224285075
0.9763257945109052
0.7035951026442526
0.8352784015244803
0.27659761187044146
0.08961986430491091
0.6056521666453076
0.5588446972862839
0.30509107320959933
0.7711738015241089
0.6413111310462415
0.007438527672994522
0.9876892831339511
0.8067385074283124
0.07835295581644575
0.6085936818018881
0.49708727315276563
0.7551786453893201
0.29799754092118874
0.4170966339965788
0.016465984290869647
0.2649518120847751
0.9801397811717028
0.5522498528081603
0.40324667123564994
0.5957475952475144
0.6658150899031041
0.46979131261689444
0.853597052820047
0.5832720420940802
0.4932115309251448
0.9394386836870581
0.9715794380893478
0.7228247646323547
0.8519658700662874
0.8348372903328857
0.827276644508955
0.8195892372583872
0.46805054855659134
0.730849738026385
0.9824957792623878
0.043716440724871054
0.6150227613374862
0.014459624860469564
0.08471377919923924
0.4096339612899391
0.7785477876648595
0.717395846682751
0.23263739917126816
0.9361637813351461
0.6805760633565683
0.7048172128087546
0.9450593689231129
0.9561215089531642
0.3473713487601525
0.7138846015976583
0.12511445674602953
0.8171292297919999
0.08190366874499687
0.28901512407761326
0.04411065483188556
0.8391276770806054
0.7061266165564353
0.9645235163341153
0.16000820931143936
0.2780165969246656
0.656461211003449
0.4712748392033625
0.9493957241002725
0.20421451562276544
0.42128904762700753
0.010191525836114655
0.018770906348843732
0.49179486750877116
0.3195409471910968
0.3581344618350597
0.722331648752909
0.31222593065174875
0.7017740099143223
0.05885955576852713
0.3799086389073072
0.44681081251752836
0.9197354075774545
0.7202054928094233
0.552845585080598
0.9343120429855891
0.28199449121770837
0.6686762763900574
0.14834569373324938
0.9875857380858188
0.2326002529656602
0.6958009000525619
0.3353392284361633
0.5176695213525676
0.008300783970669356
0.07287806943740215
0.7574208832253307
0.22247141135150897
0.08803325699788081
0.03930950775705638
0.41666713099423675
0.40306604781088123
0.1574697304857052
0.6677183686129421
0.9331554030084712
0.21355075007475674
0.4205711972036336
0.7109194057350027
0.677420957517742
0.8333375122814642
0.8404231510011831
0.9321821724215426
0.6738762808476021
0.3758076978081881
0.3839236794059579
0.23194090781611884
0.9343570827598888
0.30224706684273966
0.13045283081946388
0.38613016401907085
0.8813619842017187
0.18230846952060964
0.12799932393905794
0.03071805472750472
0.1607817790432252
0.0475517864538932
0.9640851911079413
0.5395323849907042
0.6684803301554755
0.4392817409683644
0.6344427976293292
0.6883071173987255
0.5610804345363132
0.01713136569882228
0.8930918272775732
0.7086530228653468
0.31651120979619735
0.65725892576888
0.03184358475742599
0.2134030939074651
0.9307209335584393
0.31551708446861426
0.10191386537843626
0.8830488862638903
0.5450453462304959
0.23721938363301034
0.9356191250954193
0.6807929043318047
0.70484228649754
0.6472740257014596
0.5220592742002886
0.08709485097870966
0.11979140548240849
0.01737838796611523
0.5611561199302394
0.7679151506371503
0.6989532199259676
0.5828244303165042
0.9308198353308705
0.5848735078833535
0.4751250434146278
0.5963335766409801
0.6697683748349316
0.7399338426078123
0.2664780568076922
0.6707982533854123
0.41073302464836475
0.7256548411721113
0.66976140992138
0.46494187547477495
0.6178871981174303
0.29133536894540063
0.7092143948975972
0.49996610408738273
0.6246092683497613
0.5621084557765136
0.8229625770551603
0.9682283860159394
0.8000182945062619
0.6958584766712542
0.4962858437667738
0.7109277636312644
0.5532639442212577
0.8644980711832738
0.06371967244475894
0.06517998265272198
0.7769384283068945
0.3093169184250752
0.5174786827212567
0.31811174693033045
0.49239245709148927
0.22037775833793016
0.6403894408195939
0.7168730138388189
0.20040145761710806
0.8843517894255897
0.8747272075525665
0.24371300470085233
0.6802742504360035
0.47116711520709936
0.38802554916021714
0.662819712748392
0.8622019713491316
0.7154753878528193
0.11184397479258487
0.7668662346562954
0.5906539218035226
0.2827415942779985
0.7978443128230559
0.5289898275115943
0.021085579285789906
0.42814948747522813
0.09273178767971799
0.9398955820160361
0.22863257387915967
0.432855911725757
0.3148614539396337
0.4058668717137216
0.04654048100621642
0.23774035916666203
0.648810021303349
0.9323502590019186
0.622196157967954
0.22956587229505973
0.8380313996876004
0.5883740734343339
0.7780305267517686
0.5574136397152372
0.8411145347530613
0.5869560170352499
0.12767847358811915
0.588020255825918
0.8723897825646855
0.42414048323498876
0.475116685518366
0.46401275600700576
0.6645809072217795
0.5398137674981844
0.4034300806258393
0.3752365748969657
0.23978107883724947
0.5988799490354059
0.5164506614810563
0.593030350307292
0.34294027075869266
0.20997960673312122
0.7406252263596904
0.3163468378363821
0.7072628261204689
0.719406385061282
0.4771750496366172
0.8967563004607987
0.1736905498195623
0.7061999803125111
0.7278998649735426
0.22030857352998534
0.85976843055424
0.6670432363260174
0.8721018994712237
0.10733117513878751
0.5054372758458655
0.08890433551938753
0.9383693372931189
0.333075167204358
0.19573868015816853
0.6690500600839876
0.07758588667064131
0.940525210201091
0.25630185378139086
0.8396426163558458
0.7618459249683793
0.5959611859297602
0.37004399968054263
0.8986080388103557
0.519415857343712
0.6101445358860206
0.8290694132571094
0.5046339891495933
0.8751144567460295
0.30826753811665025
0.13388188992464892
0.2019448824601189
0.821785970992528
0.6702108790092364
0.7988486533571812
0.601847466535912
0.7853942976859771
0.8885056638677
0.7376851041858202
0.8378549552109625
0.3701730827450303
0.9394280041529458
0.2657147022824486
0.10290566906816886
0.8213806130238311
0.7702641838142839
0.11358984645615912
0.8322426278711695
0.9335862989935235
0.44094960560016194
0.5777177557005496
0.83830906757452
0.29451833443843295
0.7829663288219266
0.19630933874182088
0.5464861546805148
0.7633429170543802
0.9830339349161331
0.6872851324169365
0.7657773865044121
0.7744194512391046
0.8645663273360784
0.6340991952274555
0.4151450652194505
0.6219547076315022
0.13456491578026533
0.3173377128709745
0.9686797124140761
0.7932934383085104
0.28585769660093646
0.6052690963999755
0.06418632165270897
0.41566000449469087
0.5906005241329612
0.7860675726626214
0.5930271000143013
0.8104415197998562
0.2825656141289308
0.21037335651256564
0.0003538176084158443
0.3151465510676748
0.03606292938692045
0.5080407605314137
0.7649453114987936
0.07970043442487458
0.5556552312072702
0.28866037781405723
0.3771249951245605
0.5535035372474291
0.2968891910113612
0.40332096364686587
0.29650287047303836
0.03574207903598167
0.439298456760888
0.17708896330512078
0.147354818698657
0.7062310902597077
0.7172249741369543
0.060317544338639666
0.733910121040911
0.7792349924686068
0.5984202647410074
0.059597372277415295
0.03072084069292532
0.20946698909573133
0.8007635402562717
0.9648750123046806
0.7049606900279154
0.9199457479667096
0.9265888825121236
0.7858163714471976
0.7861349001602859
0.10270275792003536
0.7049546537695041
0.0853605875043879
0.20952549436956389
0.701077518559173
0.8967432992888359
0.8875649362106784
0.03357645524903745
0.7139263910789673
0.3156944576003923
0.0760113518804338
0.6339348232676403
0.4217236582326207
0.788131973039284
0.3163589103532047
0.8226426553593617
0.7415399516727865
0.8074568221792564
0.7618589261403421
0.16320231866615406
0.08002128477581336
0.013950721843640476
0.808611604846094
0.5285171420452329
0.09929227191765429
0.6943108728801125
0.8946626474472199
0.04368672376038469
0.11294535978886097
0.3807253911031123
0.1570044742604655
0.4993824443317676
0.8219874891579513
0.0787922096977599
0.7239108268188176
0.766598317648348
0.6946489033511449
0.7864399633738413
0.5184022302581847
0.29638121664967226
0.2440319977415107
0.18278301229725136
0.7754405075657534
0.033500769855111225
0.8009074818030025
0.7522417735084406
0.2835081990962328
0.6161659358150713
0.9296302280962755
0.2189490224047339
0.20802757362842278
0.5389125076846213
0.7434817695709428
0.19311430073196598
0.5455342831618107
0.45055050676711
0.6766627105957694
0.808215533428799
0.4197084765783887
0.29338583949496017
0.8497983889690628
0.09131094531521342
0.9698577114594187
0.6981921870385744
0.642274610754198
0.31888949561024715
0.2189685241626781
0.4381339232150784
0.5484126497688577
0.5599210085937747
0.8300231420860937
0.7887560292934978
0.1211648864347629
0.013904289086630524
0.11139914898042952
0.6403922267850145
0.8652558537776762
0.4294602842056191
0.8195618419317513
0.6802593919537604
0.7151108907102912
0.9677491999635968
0.9667453237570415
0.44097328630623706
0.4176264317540624
0.2062208750531655
0.5883949681749884
0.7438462667134709
0.710897582339208
0.6057543187107295
0.9302983954696488
0.23264482841238976
0.04442871921740374
0.23582407928486124
0.3463976538456538
0.7166631377771339
0.5997598497807445
0.02618064571249208
0.8331935707347333
0.11654111249171176
0.46681265125470595
0.9606644898990181
0.3095170436077881
0.45735940625504956
0.020924457618965366
0.08545113138055731
0.9360035883234618
0.7850446590256922
0.7156471890537561
0.4462949445871478
0.02105121904560254
0.16757953466948236
0.32458958086078904
0.9801523180160955
0.22858381948429923
0.22836465687121224
0.8099497969031209
0.8285289359655135
0.7244109076118147
0.019733457401660062
0.40321556128845326
0.22191932587066063
0.46814248541547104
0.8239947772434916
0.03623937386355827
0.41918703671716695
0.828694700908039
0.1213682619104665
0.7652805560044056
0.28628116334486725
0.6780886605635451
0.4331205784407137
0.0013795172107657133
0.829837411058054
0.5659461231433862
0.8011791134315107
0.8965041705902347
0.6058620427069926
0.7676439833362122
0.1508066298547769
0.7305219227618946
0.22756647777821115
0.42670542873221856
0.7717504963661724
0.2141882718285034
0.3098885056638677
0.49242310271111583
0.9611497122097721
0.20408450390313757
0.11698175935573621
0.5621901774288511
0.4979021680382903
0.297340981737068
0.9331693328355741
0.45489568416810144
0.7939504618202012
0.8504744499111278
0.1981606127638077
0.05793832986944966
0.6767370030069854
0.3990319698818565
0.030546717854137994
0.33290243734828096
0.4787997318043955
0.5935740778918785
0.519290024572215
0.08063419716834475
0.07757520713652902
0.6898709726548208
0.1748950155364005
0.8293498671094495
0.47051891391924044
0.32304151274207715
0.7079133490461783
0.19520516778012417
0.20775594199991457
0.7158185259271228
0.11695111373610964
0.9480951425764237
0.619103272023521
0.6887756239169559
0.7171975788103184
0.9605957694186433
0.5609202415246288
0.03996885290659773
0.7941649811575872
0.3273212199556846
0.9713885994580369
0.8303537433160046
0.30993075947274673
0.7316274867063016
0.5270489382685782
0.5584783428334754
0.007474280895892187
0.36894632930482735
0.8072813063577589
0.6667353871470414
0.5294773714601988
0.09516254250918904
0.21900288440286547
0.7524906530860139
0.5858221291090668
0.22702275019362458
0.6298185593587079
0.8704261412707346
0.12042660559830465
0.9601012605564873
0.7413310042662418
0.04201468018045627
0.2311886971525576
0.04738880747678827
0.8226640144275863
0.14268182603317528
0.757399059829536
0.7709054201885913
0.04183173511783705
0.03598120773458293
0.10411895700883894
0.743109378859723
0.7852875023448542
0.6205561529903624
0.02610403166342566
0.46962972662249985
0.7853158263266303
0.6566269759459745
0.8711291332118652
0.5273809324811993
0.9662145973444177
0.44870991227923546
0.7367991671820703
0.9347610477458754
0.5876018966852583
0.7180143310061236
0.5098892485879799
0.3393282665908884
0.855667953782691
0.33615551630439827
0.9894713723479931
0.41638574848675647
0.8084546621274004
0.8477293453166993
0.016865306001155246
0.7930403797828062
0.014910951258606312
0.4263910789672612
0.814830343992437
0.7719933396853345
0.7336431326881038
0.31423368306485916
0.6256953305362241
0.15894257753806093
0.24090753752231095
0.09516068519890865
0.9383660870001281
0.5805868357561946
0.16775412183583976
0.779417473203656
0.717400954286022
0.7993487341501784
0.3012334397572124
0.3177402848742508
0.06142496559332705
0.6797175216794542
0.6804785545668474
0.26507950216655246
0.09094180489698428
0.6580348171385163
0.43019438609394645
0.6941669313333816
0.7034822710447185
0.7428581776442991
0.698348665429698
0.4355787285968207
0.01541056772403341
0.667881347590047
0.12212186555673804
0.7763524469134289
0.5059540724313863
0.7413653645064291
0.693655706678702
0.8322625939566838
0.6713508031938308
0.9383298694496603
0.10403305640837053
0.4235981486331125
0.8959014734042454
0.8400800129268795
0.5652380235989845
0.9495884200418637
0.0016739008902088173
0.46561979372712026
0.3611056939561266
0.10831508525982843
0.04055808459305403
0.7781809688844809
0.497513525862117
0.6132903551734449
0.6882969021921833
0.8616229548692175
0.5548909480268864
0.023021360925534858
0.33694162288057683
0.7325087804343506
0.5867549631973968
0.15753705798336964
0.3706917366408315
0.9995027051724233
0.8401677708376284
0.4636909770009268
0.11138800511874714
0.09255348589279977
0.5997835304868196
0.1597774385090999
0.6876500938870347
0.4164447180881591
0.4920627845167186
0.4267606837130604
0.465399238131323
0.7732200931255374
0.6022453952634873
0.14358865777757968
0.6176355325744364
0.7198981079580173
0.8177309983228488
0.7742843319162056
0.8852614071354147
0.06851896220930773
0.4073671140927132
0.4268066521425003
0.6265548008684783
0.10667600893737707
0.9195297104639004
0.7181787029659388
0.7304829192460063
0.04628881546322247
0.605920083653255
0.09543231682741687
0.8930648962785074
0.7126601697953059
0.3531512983527515
0.29170218772577927
0.5664336670919907
0.584679883286622
0.5990540718741932
0.4315655454084504
0.7437102187354317
0.6981508618848357
0.410169795305834
0.9410591869067054
0.6621264716862334
0.7170327425229331
0.28634338323926056
0.7208741245103666
0.21321689855185516
0.6089354268934813
0.3348465768842877
0.25460473651267707
0.706927581614857
0.15974586423433312
0.075704431356598
0.7691692994039891
0.7909694788201622
0.7371042303956257
0.7190344586776323
0.7257927464604309
0.5069208024323335
0.6706153083227931
0.030842494516291397
0.6186774836417397
0.8822637083428521
0.7114468818546358
0.7277926053048496
0.9669069097514361
0.24573468694106568
0.8346153417543781
0.31939050505838457
0.7260931663982854
0.9690038130580056
0.9387366204010675
0.4618814924602489
0.5065646631860672
0.9945864048602095
0.7356745658072892
0.7205760262103627
0.7018905561344173
0.7123086738247405
0.21232492528969396
0.28299558145884296
0.7994174546305531
0.21016487343359094
0.9839305514539953
0.9636672962948517
0.586993627568428
0.5818832383319125
0.7795744159223496
0.6916651343856853
0.6975746313703421
0.6872786318309551
0.8349770529314857
0.6823641888290216
0.6940657079231
0.9813800001114387
0.33868424425116034
0.09684201533023905
0.5454846001118101
0.8063939763712986
0.6243603887721879
0.9288529437439289
0.3135943040008321
0.5267796282779205
0.5920589770306438
0.15089020881739482
0.30921940963535427
0.4343213295369911
0.5558897166301705
0.5896440093385561
0.7328319524231398
0.07553077284538078
0.7415232358802629
0.5851929652515819
0.38274103708491436
0.4904743198994081
0.46711817879583145
0.8273425790239092
0.2141046928658855
0.7129763768705436
0.4871882736858137
0.6661220104269399
0.006940304190277724
0.7503668187803786
0.682095343165934
0.5042862077995888
0.011945755395950693
0.5588925230260042
0.525574233905942
0.7614647120333276
0.886069801434958
0.5815475294987306
0.5172664850217212
0.5572153718428047
0.46319228919063987
0.7411243784975474
0.561419857990056
0.46846426442155
0.4346073553201724
0.43171459455845235
0.08060076558329758
0.07195312891776387
0.7936245038659914
0.8627364123823161
0.7396190285152847
0.17974445267852002
0.7227825108234757
0.8403553591759486
0.6933227838109407
0.12829463627364124
0.12946149145730138
0.2025587235077905
0.4510180846302002
0.22224342651459011
0.25490979972623246
0.03642928383972898
0.0979972623246467
0.09495266644750405
0.9738123893739564
0.698908180151668
0.49548441438078206
0.12779641279092444
0.11353552013045748
0.9434332937726244
0.5855630343249513
0.5830863110660404
0.77495807122042
0.6792601590229063
0.9449688250469436
0.027793719691017862
0.3288261056103772
0.5454971369562027
0.3164643127116173
0.5041770908206153
0.5020736869280645
0.847975438928852
0.7440877170499226
0.9871887380133838
0.8587130139874037
0.19197019759924072
0.10739060906776025
0.2334894402624008
0.9509210401680495
0.8909368830247413
0.23394540993623852
0.6212438221216798
0.5138536773814897
0.25486383129679263
0.23628933551010098
0.8073713859063582
0.741192170322782
0.46931862715053313
0.7628953052768043
0.7381935428750792
0.2329777512801511
0.19838441865259568
0.13704953260786792
0.8083562246825392
0.21232678259997437
0.8825724861769683
0.7107234595004207
0.2858864849102826
0.21622341956824964
0.628228237431117
0.7668021574516217
0.7426743039265397
0.7339853421072671
0.7018464450152578
0.516859734070314
0.6102931207084524
0.4981185446859567
0.4967130251312654
0.11607724924918232
0.5068516176243887
0.08102098203423766
0.7832973943794076
0.19285056267214945
0.012314895814179822
0.8174779397971446
0.7547756090584737
0.9398746872753816
0.6264596137166079
0.24635131395415788
0.2682160349025748
0.29402661154169757
0.09096130665492846
0.9357732818486924
0.9691477546047366
0.027323355862507035
0.7688275543123959
0.468338431650053
0.4763689769749245
0.6090050760289963
0.9335760837869813
0.7206967513785886
0.685127866526254
0.6993715790666273
0.018687327386225815
0.49845657515698916
0.7323077265964975
0.6408412315453007
0.506694210578125
0.6258467013240765
0.4297848491771187
0.891971404850923
0.35222682216068335
0.9854790839002773
0.33988313803715736
0.9312238003168571
0.7789043912386959
0.599197549093354
0.7918995269430715
0.7534063070542502
0.8946436100168458
0.718086301779489
0.5891281414081755
0.2358909424549556
0.964620096468696
0.7201079840197023
0.38729237592703
0.1920152373735404
0.8376696885104928
0.6694201291573569
0.5561293096563419
0.46522743693038615
0.456423786201299
0.4096720361506873
0.07492203940098029
0.12909560133206294
0.42086650953821697
0.8745883736091068
0.148525852830448
0.5988678765185833
0.3719505286833713
0.5060158279982095
0.8215519498971979
0.500751282008421
0.13612134179523896
0.17158064534103
0.8313511189365784
0.3095611547269475
0.4348009799169039
0.2863238814813164
0.7888939345818173
0.5659646962461902
0.41639828533114914
0.7256553054996815
0.7420878582055039
0.5576151578806604
0.5454335240790992
0.5892107917156533
0.9714085655435512
0.4267147152836206
0.9309349885682552
0.5402980611537983
0.05508735858903853
0.34793318511997295
0.6791733297672976
0.024924175307802745
0.026177395419501388
0.8986363627921317
0.3375545352731082
0.8948920252668491
0.4764219103179158
0.6736204363564773
0.6752488331448163
0.3054513914039966
0.7217099141365457
0.40006742036317844
0.42624806607567056
0.4325545631327624
0.8306379117889056
0.6333516278395953
0.9492151006755037
0.10315826326630301
0.790992230871097
0.2918572731341925
0.0936191176661782
0.10254674385648192
0.7860346054051444
0.39975121328794067
0.23957816768911597
0.44744786994370495
0.3176692427560256
0.022653613490016027
0.5455468200062035
0.7690852561138011
0.731004359107228
0.6440627362266513
0.09159186349512363
0.8171171572751772
0.8948344486481568
0.5539947958165943
0.34633589827883055
0.08090954341741377
0.5164734135319913
0.15124216911553026
0.4680649427112644
0.7782715127606503
0.8048886263890359
0.7135925395560657
0.7035231318708872
0.42103320313588266
0.8716148198501894
0.03768296827899772
0.6676956165620073
0.5715904890855161
0.8737386541558246
0.5957559531437763
0.2444257475209551
0.9515200227334778
0.8640174921482208
0.4997604069738286
0.6951884519876006
0.859643062110313
0.6099857358570465
0.5321365754541588
0.0013488715911391441
0.42834357639952975
0.20106219574935968
0.3494668590840117
0.23422725677128894
0.7226608570001096
0.7191695780005312
0.6104514564098563
0.7022740907073195
0.8495546169947605
0.5902462421969752
0.9801323519305811
0.7600266895487293
0.8369727328277735
0.12371079450161865
0.7997540921188753
0.5384361075976991
0.339820918142764
0.42064084633914856
0.005772520351477397
0.04584631128891761
0.20016604353906758
0.7702391101254985
0.03601835394019089
0.6254473796137909
0.11133600043089599
0.23103593338199485
0.5879650008450762
0.3209650398485921
0.11134203668930728
0.22072832565335532
0.43834704956975407
0.4214808149134586
0.516150705870772
0.5250825110092067
0.9347341167468096
0.4697634529626885
0.3284857535014942
0.6896169854739763
0.8311695668566695
0.314778803632156
0.5048875120028676
0.0851632482870956
0.7918294134799866
0.46533469659907917
0.30454316667688186
0.2829616855462257
0.9821317464474297
0.040173157037441516
0.8560468450798921
0.9482372268128741
0.4040982479992125
0.608933569583201
0.6060273433219481
0.3779004221666267
0.9394470415833198
0.3717629403450511
0.7177849531864944
0.07955092094730254
0.7895602446449101
0.8292542156300089
0.5533196635296695
0.12966672424328535
0.6897990018814553
0.425489819153698
0.5010433440500136
0.9916616054961526
0.03516631284905825
0.07950170222487199
0.712609558090165
0.888071517589657
0.2917606929996118
0.041827556169706154
0.8729725136651604
0.22339217292301636
0.6707443913872808
0.46770230287901665
0.4440694225436607
0.477033894055307
0.661587851704918
0.6815604378051793
0.5550265316773555
0.6982948034315665
0.7979580730777303
0.9377587465384379
0.9824563114189293
0.791868416995875
0.7676216956128474
0.24139879609147624
0.16125167854416592
0.1335805413316543
0.8387408922147125
0.102467808169565
0.9698354237360539
0.7674127482063026
0.6922664385889642
0.12034999154923823
0.4264992672910944
0.8447279319035759
0.42125375873168
0.29681025532444427
0.5751384160486467
0.0833639789529599
0.3169769303490072
0.13316868277697605
0.9359195450332737
0.6893708918618235
0.5384045333229324
0.60459071382006
0.6912555974688576
0.5225054929951543
0.3346627031665283
0.5668761712662955
0.5666816180144238
0.5827631390772511
0.020656540611017935
0.9622812784981046
0.6169116458926511
0.5674700462284529
0.5958613555021889
0.7978415268576353
0.43381242652016205
0.8007872209623468
0.15914084541049342
0.13536913113167773
0.5628653097157758
0.9341467423706337
0.7106881706050932
0.7075934273503798
0.43611131231972483
0.6721763776134677
0.9367483697459014
0.833014804620245
0.5395258844047228
0.2819160198583615
0.32905362611972594
0.9243689323994777
0.3127924102872702
0.4056834623235323
0.8962107155659317
0.7345388205708258
0.842344538486255
0.9354352513776599
0.8066372840180308
0.8888520522349943
0.9826327558955672
0.4968077479555657
0.7071133126428968
0.6659803905180596
0.6609962983806111
0.3120782744844571
0.7367917379409487
0.17805012137522683
0.8359312460880403
0.46833564568463243
0.6233198306875949
0.10243623389479824
0.44833427127502495
0.7062501276900818
0.4283477553476606
0.46015280091676836
0.5638640783190599
0.727546976020267
0.9248583336583627
0.23270054772080168
0.6256934732259437
0.8652897496902935
0.8726163744188941
0.701031085802163
0.774015486253118
0.7140127560070058
0.31391654733448116
0.017983406789954925
0.7162006675173148
0.34238400632971344
0.21829199889304307
0.14360212327711255
0.42006275851437463
0.36891196906463997
0.5189468864979114
0.43468721966222956
0.7937763389814139
0.8420896226502703
0.6404251940424915
0.723558402193112
0.4363230456916902
0.20146430342506588
0.6194069422543661
0.6604163532455568
0.707156030779346
0.6261884464156697
0.039854628324353235
0.8109703889021996
0.3744783279749932
0.9457047842455513
0.33609190342729467
0.07956067182627463
0.800938127422629
0.5769938690187644
0.5261393205587532
0.11059632661172743
0.6728259718840369
0.6977659343292231
0.9353679238799955
0.5017556225425464
0.8484351232232505
0.09791321903445868
0.5985827793905422
0.5903632527446403
0.9427850924847654
0.025166554299394704
0.7424774290368175
0.46972816406736095
0.43161104951032014
0.5885124430502235
0.8098504308031196
0.7750760104232253
0.1280206830072825
0.4249618787064948
0.5376393214874083
0.6094605813752639
0.250499152137857
0.847345810743797
0.3106114636905127
0.25122489612992255
0.8376056113058191
0.4570845243335506
0.22386903733750857
0.4556497521419431
0.7893629054276178
0.08022048130338606
0.6700669374625056
0.7661994602656326
0.6144339939786001
0.7288638090090692
0.9341314195608205
0.212017076110718
0.41916892794193306
0.8496563047326123
0.5460390072305089
0.8278677335056918
0.936186997713651
0.8482470705573603
0.7123281755826847
0.1594951273464794
0.23748497900310728
0.6721345881321588
0.7203187887365275
0.7286595048782255
0.7518865629173144
0.7495138490341058
0.6282240584829861
0.04436324903001971
0.16162964118622694
0.5902276690941712
0.5318045812415376
0.309124686811054
0.46810951815799395
0.3278073709215788
0.6961900065563053
0.08133579612676514
0.5484535105950264
0.7426599097718666
0.7165851307453572
0.608891780101892
0.7187126796715533
0.5159468660674984
0.13173019596480767
0.8417344120591442
0.1537843625618252
0.9653639492359954
0.6946312589034812
0.967302516841161
0.5915918634951236
0.8254578734168752
0.03637402885888714
0.9774573607992377
0.5066027380468153
0.4352077308683111
0.22047480280008097
0.7713130997951386
0.5836760070800668
0.44890539418624736
0.14987008114588615
0.8634969809421392
0.7937224769832824
0.41079013693948696
0.9311444003023701
0.5938215644867416
0.7331156565684707
0.21655494945330073
0.9355267239089695
0.18069678852479418
0.06469940361766896
0.7420739283784009
0.2771404107998878
0.5620007317802505
0.3980907778972647
0.5968020831592105
0.553853175907714
0.940398913102024
0.44613521590303357
0.3483134693998845
0.011248799713231292
0.03181015317237883
0.6871393335599252
0.5852463629221434
0.30872815106618895
0.9302129591967504
0.9979885329663288
0.21952664590193774
0.869859197307643
0.5092057584047933
0.43541249932672504
0.7665040591516178
0.871604140316077
0.8381641973726489
0.8841939180517558
0.25192138748507187
0.8679809922865904
0.29211868955615855
0.1711019236162574
0.7070599149723353
0.6701630532695162
0.694616864748808
0.8083682971993619
0.7494641659841051
0.45447825368258193
0.6159644176496482
0.8383740734343339
0.8196287051018456
0.5403496015140793
0.22107889296878047
0.9748654843029422
0.27709444237044795
0.4064417092455048
0.8820933001246255
0.5607024718942522
0.2060198212153124
0.627164462968019
0.6753133746770602
0.08607611628991127
0.2022513386563846
0.3990096821584917
0.8831371085022093
0.6833833878453901
0.7748633483961197
0.558924561628341
0.5887497144385444
0.43177820743555595
0.8418240272801734
0.32944273262346935
0.17128394002373643
0.8459885812563961
0.7359095155577595
0.5188061952441713
0.008883050743574171
0.9451025513871322
0.39329706006355714
0.054124343208652094
0.30148324798992593
0.777467761736808
0.9916931797709193
0.22854574462355107
0.39579839268368333
0.33940673795023524
0.7006707676077658
0.723591369450589
0.8277785826122326
0.12927436744655124
0.915278327232069
0.7397922226989319
0.527999416804572
0.0970969311662237
0.6974399763750132
0.2353741458694348
0.2681101682165921
0.9689917405411831
0.8290596623781372
0.6106265079037839
0.8375299259118929
0.12317635346843409
0.9375010447370328
0.9445899337497423
0.4671622899149909
0.21062687936584
0.19999517099327097
0.23632230276757804
0.10329849019247306
0.6017857109690888
0.5090423151001183
0.6799051100177744
0.832239841905749
0.852122812784981
0.37976887630870726
0.9819093335413521
0.7521735173556359
0.0077454481968303145
0.7326722237390256
0.8482633220223137
0.973680056016478
0.7995781119698075
0.6674769182764904
0.6005589575288858
0.5644449521092544
0.40958892151563947
0.2780444565788716
0.8826973902933251
0.34755429382277175
0.933695880300067
0.6288165404624331
0.13522379660223657
0.42764290609624955
0.17078850250644023
0.7769449288928759
0.7568618328309309
0.42042586267419246
0.2175857566589217
0.43240737129304085
0.6673719802456478
0.44823397651988345
0.6749405196382703
0.9205670182555028
0.06391886897233165
0.46504356321262674
0.7041615822797741
0.7318317908371454
0.5862530250941193
0.9731205412945081
0.982492064641827
0.3681839034347239
0.8005569144875774
0.29652051492070214
0.02942583109991772
0.5268167744835285
0.2930450230585071
0.14224442946214153
0.8975633017776317
0.5182833624002392
0.09651559304845908
0.4553790491685751
0.3319496371744367
0.42586360284762814
0.11568257081459772
0.7915364227832538
0.8367786439034719
0.02511872855967445
0.21444272333691794
0.9735110407809618
0.18230846952060964
0.6253781948058461
0.7109616595438818
0.2393538974727579
0.9729125225431036
0.03716617169347694
0.068935464039687
0.4203446053494251
0.9300583381159073
0.6112909606565964
0.7021329351260092
0.8302488052851621
0.025359714568556107
0.6891600871449983
0.02751698045923854
0.6596214244455465
0.4050812294651132
0.8359317104156103
0.26833676007080065
0.6779372897756927
0.9637462319817687
0.5288119900522461
0.41477360316337086
0.18378874581408697
0.07642738938324298
0.06063375141387745
0.2182859626346318
0.4260985525980985
0.020998285702611193
0.03092839511675981
0.5201819978343762
0.7944421847169366
0.8229351817285244
0.8689686170281921
0.5628109833900742
0.6794045648972071
0.5533851337170537
0.03745823373506955
0.4759162575940774
0.9369786762206708
0.5151115407688893
0.42984010415796053
0.22958305241515342
0.5875197107053507
0.5092289747832983
0.6983444864815671
0.33724529311142193
0.7379790235376932
0.6159040550655351
0.4209273364499
0.1585757587576823
0.3462369965063994
0.3433962404325304
0.21948439209305867
0.22334806180385688
0.7379776305549829
0.06439341174897337
0.18084908796778681
0.7035273108190181
0.3991099769136332
0.5541313081222036
0.7560148993430693
0.6165736154216187
0.736695622133938
0.8073026654259834
0.48594341147037684
0.37608675867781793
0.9857024254614952
0.8813201947204098
0.950932648357302
0.553344737218455
0.8938152496317883
0.7008281746540296
0.9532338557947152
0.33638860874458826
0.8016550491908627
0.934171351731849
0.5362435528116891
0.9566540926760684
0.8152565967017884
0.6700785456517581
0.5092215455421767
0.14271015001495135
0.7548536160902504
0.1215586362142073
0.8226106167570248
0.8298420543337549
0.04321310963888316
0.9195668566695083
0.39897160729774356
0.6666049110998434
0.9260651210130513
0.6082031823154345
0.3055498288488577
0.21215683870931795
0.7615027868940757
0.3171668403251779
0.5188846666035181
0.37960775464188273
0.7782877642256038
0.4050450119146454
0.2126801358808201
0.23254081903668744
0.8740279302319967
0.8558439339317587
0.2657068087137569
0.12810194033204994
0.553289017910043
0.595222905093302
0.6100563136477016
0.6226075521950621
0.14419181929113895
0.4244975511363953
0.2166724243285359
0.23838020255825917
0.8292319279066441
0.6642085165105598
0.03875138601779675
0.387161899879832
0.9499106633755129
0.45537115559988334
0.36196469996081077
0.7282880428221459
0.497415552744826
0.12392902845956542
0.37174947484551824
0.7147960766177637
0.437856719655729
0.5786510541164497
0.6208073542057863
0.9598500593410635
0.75289229643415
0.5321765076251873
0.7765381779414687
0.9882051510643317
0.7217266299290693
0.6980802840941804
0.8549742483929623
0.6212828256375682
0.3389591261726593
0.7785649677849532
0.8830177763166936
0.9757607078580941
0.3312508241814369
0.6726773870616051
0.7727162977119795
0.7287189388071982
0.8701596172454974
0.7524827595173222
0.5163378298815222
0.7230425342627314
0.9113162200764098
0.21908878500333387
0.12263169722870733
0.6981113940413771
0.5131869029908267
0.7170675670906906
0.5455923241080731
0.08579891273056185
0.7137211582929832
0.4188197536092182
0.9204634732073705
0.7296071974487987
0.36661911952348847
0.07505205112060816
0.6198053353095114
0.3878876438718976
0.37050229099223086
0.9333480989500625
0.2201660249659648
0.25603068648045274
0.8234974824159149
0.7152743340149662
0.00027673923177932183
0.7365396080703847
0.9761832459468847
0.6646171247722473
0.9401532838174412
0.4471878465044492
0.07119441766822124
0.5366674838831901
0.5241584991447086
0.15324434959779945
0.008572415599177582
0.1751828986298622
0.08023348247534885
0.6946089711801163
0.4456732099707845
0.7429347916933655
0.9936015660840284
0.2336932800656745
0.5309557904433957
0.18421174823044764
0.9731219342772184
0.7329944670726747
0.43823189633236936
0.21172129944856458
0.5010159487233777
0.012966347395029467
0.29321310963888314
0.9761688517922116
0.594136378579269
0.5778185147832612
0.8296637525468368
0.42879815309065716
0.4285580957369157
0.40944730160675913
0.6016598781975918
0.21720500805144008
0.7317584270810698
0.6788171905210313
0.33600832446467677
0.40736664976514314
0.7512239674747824
0.45598081769942406
0.8078728596820657
0.854380373430805
0.03360570788595372
0.4149579412087004
0.33527933017962047
0.7068193932910238
0.4310357476509668
0.6084975659948776
0.5001081883238332
0.7413091808704471
0.9681030175720126
0.9639779314392483
0.015900897638058516
0.25264852445984776
0.7070613079550456
0.4231997555779671
0.5366465891425356
0.6191422755394094
0.5643952690592537
0.7032120323989205
0.46145431109575735
0.15950719986330197
0.8284908611047653
0.4071358789628036
0.7075135630083226
0.4272069025079261
0.08809733420255454
0.6233555839104925
0.8310446627403127
0.9458236521034967
0.2880358572322734
0.882958342387721
0.6048414507079138
0.7986573503983002
0.1845386348397977
0.7585960963052527
0.6327870055143542
0.009394739725823857
0.19404063423431456
0.2935246734384199
0.9863599133007561
0.8315377786197584
0.3134921519354102
0.7993343399955053
0.22889631193897622
0.6688113957129564
0.11441124192766519
0.3200591367593279
0.947621064127352
0.8075640818479495
0.13115953738115535
0.314965463315336
0.8368334345567436
0.2954808854912493
0.9480816770768908
0.14361558877664543
0.9355917297687835
0.7227709026342232
0.8330403426366005
0.05443219238762809
0.7777751465882139
0.6706306311326063
0.08940302332967444
0.36097103896079774
0.46992828925007385
0.9732681974617998
0.07279170450936363
0.6649718710358034
0.6850767904935431
0.6843798348108237
0.8401775217166004
0.525695423401738
0.20879417844665712
0.6020308759261014
0.11478363263888502
0.6390354616251837
0.797672511622119
0.6991027334035397
0.5744693200201333
0.6208082828609265
0.20866788134759004
0.37576869429229975
0.7704494505147536
0.672611452546651
0.19957449021476079
0.7141892004836436
0.8345150469992366
0.0541196999329511
0.02295031880730963
0.32835342014401586
0.08090164984872207
0.5676014509307911
0.5478707794945515
0.34777206345314843
0.7024036380993772
0.5317070724518167
0.676450977223804
0.3156498821536627
0.40978904669835237
0.9410610442169859
0.8272357836827863
0.721300377219718
0.63813234450134
0.9693306996673557
0.47217981363748646
0.21681729453040696
0.007659547596361901
0.7600355117725612
0.30038882790720134
0.5977952798316534
0.24790448967614082
0.46532866034066783
0.8386577775796646
0.9198881713480173
0.38266999496668913
0.3280817885155076
0.09118836283670714
0.9504947874586981
0.6838370358813773
0.5450852784015244
0.008342109124408215
0.8856370481396252
0.75970305323237
0.99379565500833
0.41260426475586587
0.7110118069214525
0.6086981555051605
0.6769854182569885
0.8756874369675324
0.7284435925581292
0.14272686580747493
0.49570264833872885
0.8194968360719374
0.12810797659046122
0.023386322395633093
0.5149973161866448
0.9735676887445139
0.3765608371268896
0.41252161444838814
0.13161225676200242
0.304571954986228
0.08821805937078042
0.5888346863838726
0.8232876063542299
0.029151877833558996
0.11224283217530037
0.4027818793379803
0.3854773194555109
0.8103430823549952
0.5993373116919539
0.3877743479447933
0.7032816815344355
0.8416053289946566
0.10431954651912194
0.15519870434034838
0.9679767204729455
0.7415176639494218
0.7281636030333591
0.873320295015165
0.34805437461576894
0.3198534396457738
0.7278771129226077
0.9286523542336459
0.2187553978080024
0.7972262928272534
0.6473260303893108
0.038046536766385655
0.42939202805281446
0.47127669651364285
0.03008517624945906
0.43966527554126666
0.7696893462825006
0.22701299931465252
0.4910700521718458
0.23754812755264082
0.09782128217557896
0.7764801369952062
0.9533471517218195
0.12198906787168957
0.31619082377282864
0.438738477711348
0.8366514181492646
0.19980711832738066
0.1485263171580181
0.21809187371033018
0.8674864834244344
0.4191159945989417
0.378316923997006
0.5501055880894407
0.5411872484505389
0.19494514434086843
0.3059073610778343
0.5932736579540241
0.509269371281897
0.8965041705902347
0.9428166667595321
0.5895019251021056
0.4777935339599898
0.8232811057682485
0.18481676705428732
0.3477121651966056
0.031085802163023552
0.7895003463883673
0.33513724594317
0.3072051566362625
0.019970264462410826
0.6183933151688388
0.7853167549817704
0.04667838629453598
0.27763120504148303
0.061284738667156995
0.8757594077408978
0.7152018989140306
0.05754086546944446
0.3505041668756141
0.40374396606322654
0.296781002687528
0.33250822324126644
0.9918515154723233
0.9881192504638633
0.7743720898269544
0.8471326843891214
0.7228256932874949
0.12725686415446877
0.7403907409367901
0.7880618595761989
0.9496789639180332
0.6111219454210801
0.025064402233972806
0.9100667145852719
0.31045869991994995
0.9298814293116994
0.31134649423398025
0.10628179483036257
0.07301040279488051
0.721375133958504
0.6169557570118106
0.8089073815082474
0.6587698476819839
0.8876034753989966
0.7097609084476043
0.3460744818568645
0.9689109475439858
0.08842422081190461
0.8296340355823504
0.2410519433966119
0.40760113518804336
0.590618632908195
0.8120875610358591
0.6611880656670622
0.8087035417049737
0.31261921610362303
0.8806125595035781
0.7612497283683715
0.49535951026442526
0.42333301759058567
0.6691053150648294
0.9282497822303696
0.09029174629884494
0.6903636242066964
0.6261912323810903
0.7625145566693227
0.27971882179665053
0.7799881317873083
0.8187218733574412
0.03867848658929112
0.7996802640352295
0.7315044399002253
0.08193710033004403
0.8145912152938358
0.9844719574007315
0.27691799789381016
0.7068528248760709
0.7174483156981722
0.9670099904719983
0.17974445267852002
0.28648453882057084
0.7074750238200044
0.09653602346154347
0.3878839292513368
0.10927392169208396
0.11478548994916542
0.44664829786799354
0.31770963925462425
0.6056359151803541
0.396426627886028
0.6174135839959288
0.15084331173281476
0.9547178467087534
0.7288647376642094
0.965544108333194
0.0373082559299274
0.2540243270500527
0.1701161561849361
0.8750239128698601
0.13692184252609058
0.4106429450997654
0.9465558966815437
0.9975845679803422
0.8331879988038922
0.8615997384907125
0.6144859986664513
0.774006199701716
0.7150157035584208
0.36357452364634585
0.6102146493491056
0.18420106869633535
0.17959772516636857
0.35847295663366224
0.5718356540425287
0.021585195751217003
0.4462898369838767
0.797503960714173
0.868711379554357
0.9345530289944708
0.9992320021990554
0.6257770521885616
0.9491617030049423
0.36326295984680906
0.6699903234134391
0.2550356324977294
0.4867894163030982
0.24828709559390283
0.7422448009241976
0.42046347320737054
0.6843375810019446
0.7923703550991525
0.6963288404997651
0.0804865410010531
0.7166180980028343
0.7145379104887883
0.7400564250863185
0.7673695657422833
0.933676842869693
0.7187029287925811
0.9469264300824831
0.22048362502391286
0.25183223659161275
0.022416806429265267
0.11591519892721758
0.7282495036338276
0.13734391628731105
0.9467922394147243
0.6224831124062755
0.7191157160023997
0.7144218285962635
0.10122526759197865
0.38565747855270954
0.7021751889348883
0.2838606237219384
0.6219746737170165
0.35951722933881614
0.8285716541019627
0.8140275216237349
0.1622295524067955
0.9849771457969997
0.6937402142964602
0.5957058057662055
0.9636793688116743
0.8355449255497174
0.3415951137881143
0.10530299231259276
0.0329240750130476
0.44852928885446675
0.3145554620709381
0.9866412958082365
0.7673282405885444
0.7801747914704883
0.736732304011976
0.7892839697407009
0.659754686458165
0.6469081355762212
0.6783147880901835
0.7496257519784998
0.4959673150536856
0.7069586915620537
0.4701688109313854
0.08467802597634158
0.6686474880807113
0.2326076822067818
0.4664713704906828
0.37629292011894216
0.6938354014483306
0.6885819993202245
0.45081285184421627
0.1967862031563131
0.8363770005553358
0.9505709371801944
0.6052426297284799
0.13173623222321898
0.9510928413689863
0.08328968654174397
0.7644744833427127
0.8849558795942891
0.6304755828703987
0.8319380289851842
0.5814226253823738
0.08625627538710989
0.862777273208485
0.21849630302388687
0.3986256832580194
0.6345718806938169
0.8623844520841807
0.8415575032549363
0.541556388868768
0.6676719358559322
0.7602008123875167
0.3171417666363925
0.716463012594421
0.7886626994519077
0.7067242061391534
0.7979970765936186
0.25244654196685445
0.28526521462148946
0.7134290962513906
0.6178444799809811
0.33829792371283757
0.979432145954871
0.44402066814880026
0.6937030680908521
0.8227090542018859
0.7801009633868424
0.8203507344733504
0.7751015484395808
0.9710575339005559
0.29906317269456717
0.7292575587885136
0.7130251312654041
0.8134257530928859
0.15391948188472418
0.07119302468551093
0.7625609894263325
0.7752352747797694
0.9194540250699742
0.3848063661167171
0.006950983724390013
0.7269990694875496
0.9321366683196728
0.5336855722280108
0.18237115374257307
0.2898318762734184
0.7347691270455952
0.09839611970736219
0.6817424542126583
0.8690373375085668
0.6986871602283006
0.9673517355635916
0.44497764727077543
0.21901542124725815
0.23598752258953629
0.6250540941619166
0.2135878962803647
0.39858575108699085
0.8525156339092852
0.2880344642495631
0.4510459442844062
0.5057460536799817
0.34099055929184474
0.04016433481360963
0.09439268739796401
0.7247870129435954
0.2194574610939929
0.5808412872646092
0.0721277160841213
0.6600527847581689
0.865800510017403
0.2212479082042967
0.6958645129296656
0.8348944026240079
0.839657474838089
0.31770963925462425
0.22224992710057148
0.4773473151651242
0.5140858411665394
0.7515619979458148
0.8007500747567388
0.8827883984970645
0.4051917394267969
0.0051777167341798954
0.43204612444350343
0.590147804752114
0.9633784845462499
0.9992719343700839
0.4204430427942862
0.09946732341158182
0.7518545243149776
0.6678734540213553
0.3562813305027925
0.2124117545453026
0.07601320919071419
0.7262092482908102
0.7351452323773757
0.7694989719787598
0.4720275141944938
0.9303494715023597
0.8675134144235002
0.962581698435959
0.371207140243642
0.3307837106459168
0.5775598843267158
0.058538705417588356
0.9318102460378929
0.8067580091862566
0.9794428254889833
0.31917041379015737
0.24465094639245338
0.46342538163082986
0.9278704266055983
0.7938329869449661
0.28109648169713586
0.9340589844598849
0.7383509499213429
0.7605838826328487
0.3734897745782513
0.09772098742043747
0.4917985821293319
0.2633447743646606
0.8265077180528702
0.962441935837359
0.26559583442450313
0.05495409657641996
0.8672761430351793
0.7999453950777563
0.6885671408379812
0.21236439313315242
0.5318788736527535
0.1505196754164554
0.838136802046013
0.4467745949670606
0.7021222555918969
0.7698490749666148
0.6295218540414143
0.12336765642731509
0.19431180153525268
0.695735894192748
0.44844199527128803
0.7953740901501264
0.862767986657083
0.9100560350511596
0.49249925243261217
0.43179167293508885
0.8852423697050406
0.6019366174293711
0.8102827197708822
0.8360552215492568
0.6857616736594399
0.28447864371774084
0.17151935410177688
0.9509103606339372
0.9399926264781868
0.0014983850687111937
0.6781220921485922
0.7335163712614665
0.12072052495017765
0.30564965927642906
0.8330816677903394
0.07375611287246037
0.7860940393341171
0.5010976703757153
0.289774299654726
0.25386599134864873
0.4668511904430242
0.7329800729180016
0.1273469437030681
0.4610080923008917
0.7052727181550222
0.5221470321110374
0.7036071751610752
0.863239279140734
0.3790408106787912
0.3332070362342663
0.7853278988434529
0.024509530787703862
0.4603255307728454
0.7357911120273842
0.5624172336106298
0.4435238376487938
0.6086693671958143
0.40144322295338336
0.2335660543114672
0.7729493901521695
0.4948092820938573
0.8151451580849645
0.7987957200141899
0.5539971174544448
0.9821401043436916
0.39441376786964655
0.6944928892875915
0.5077630926444942
0.7679314021021038
0.8734099102361942
0.5049019061575408
0.10287873806910308
0.24097811531296606
0.6806953955420839
0.9571616027101871
0.8057086288778317
0.9557537615176454
0.49490632655600814
0.8393017999193927
0.8256765717023921
0.6415558316756839
0.6526063635164827
0.7872005319336643
0.6742458855934014
0.9401509621795907
0.3244526042276097
0.8411024622362387
0.10624511295232471
0.9552796830685738
0.7889412959939675
0.3402741018511812
0.6958937655665818
0.7509597650873957
0.08271438468239066
0.7916720064337228
0.4429898609431793
0.043599430177205974
0.5237271388320861
0.09768616285268
0.025851437465291515
0.6984220291857738
0.6377608824452604
0.5177108465063065
0.7975104613001543
0.070045671259795
0.09367530130216024
0.8284611441402789
0.0979870471181045
0.8482902530213795
0.027425043600358832
0.3825348756437902
0.7369969707269327
0.8233043221467535
0.689428932808086
0.5867484626114154
0.8368250766604818
0.7370819426722609
0.9270244217728769
0.38692462849151116
0.228886096732434
0.6785395226341118
0.6383645082863898
0.06542189731674383
0.1948652799988113
0.775596985956877
0.7272539853235341
0.01633504391610158
0.9687131439991233
0.46127368767098864
0.38329730151389363
0.5826772384767827
0.49904998579157633
0.7243486877174213
0.4917400768554994
0.7712648097278483
0.7071602097274768
0.7191575054837086
0.6920951017155975
0.20089410916898365
0.6892408801421956
0.5627789447877373
0.07635216831688685
0.7358008629063563
0.7391811676166808
0.25421702299164395
0.3122593622367959
0.25195574772525925
0.05975849394423983
0.34251541103205163
0.6919915566674653
0.34227117473017926
0.25422352357762534
0.2303278338375931
0.4405832511473534
0.5133354878132586
0.9879767018998427
0.7131435347957794
0.08196960325995101
0.8843777917695153
0.2993575563740103
0.7630606058917597
0.042314171463170465
0.808970530057781
0.879945320785345
0.8081760655853406
0.9366638621281432
0.5152355162301059
0.6207989963095245
0.4145609411362653
0.3177723234765877
0.4703290039430697
0.942405272532424
0.524514638390975
0.38761554791581926
0.6075814476990712
0.4025069974164814
0.2293922137838425
0.6659585671222649
0.2834074400135212
0.7287389048927124
0.053736629687618984
0.717027170592092
0.7626320315445578
0.47070928822298125
0.05543885455960387
0.9942646258541306
0.7874206232018914
0.6889274590323785
0.06546600843590329
0.6589096102805838
0.6073158523289742
0.23920299101247555
0.7915178496804498
0.4479558443053938
0.3192549214079155
0.934581817303817
0.7261084892080986
0.2954154153038652
0.6651385646334691
0.4509215044956195
0.5529844190240577
0.6184016730651006
0.22677062032306056
0.5586315709316083
0.33448625868989046
0.47346460802395185
0.8282958435253235
0.03162442214433901
0.43102042484115355
0.8842431367741863
0.7205815981412038
0.6657830513007672
0.08192084886509056
0.4318891817248098
0.2824425673228544
0.1796613380434722
0.310454520971819
0.7892054983813541
0.36901969306090304
0.6524712441935837
0.1560823197062478
0.5253337122246305
0.4373468879837597
0.800443154232903
0.6921025309567191
0.19989905518626036
0.7753629648615468
0.9307353277131124
0.14855882008792506
0.6939245523417896
0.5257153894872524
0.20878210592983454
0.7550653494622158
0.4109828328810783
0.7070051243190636
0.7876128548159127
0.7117802690499673
0.0882426687319957
0.5566971822745737
0.14431300878693493
0.7266192495352081
0.844868158829746
0.43117968919769767
0.682323792330423
0.6007544394358977
0.9275073224457805
0.7428196384559809
0.8117871410980046
0.1381815632237706
0.05433189763248659
0.23635898464561592
0.07110619542990232
0.9200279339466172
0.8180917808448162
0.7300459870025426
0.6191320603328672
0.4386939022646184
0.768431482895101
0.08851755065349462
0.11792341566789806
0.828941723175332
0.5813065434898489
0.5052738325411905
0.49029462512977956
0.017076110717980434
0.28802842799115175
0.6059186906705447
0.5328005638794011
0.6099601978406911
0.4256913373191212
0.9371040446645976
0.06902879388127701
0.5260413474414622
0.33359010647959836
0.8743181349633088
0.06608495708684597
0.7865727610588897
0.6667084561479756
0.21492608833739155
0.736457422090477
0.3340850796693245
0.6687835360587504
0.49883685943690065
0.6762633888854839
0.8460178338933124
0.8230224753117031
0.6524322406776953
0.49902769806821157
0.6692952250410001
0.1937755031917877
0.3165348905022724
0.9491236281441942
0.9759905500052933
0.7135335699546631
0.6175189863543413
0.5647300492372955
0.6204484289940994
0.30216163056984136
0.6954062216179773
0.2101110114354594
0.3476912704559511
0.6174126553407886
0.08687801000347317
0.5567008968951344
0.11689400144498739
0.9509391489432834
0.9286876431289735
0.5687975587513674
0.9431481966445833
0.6697275140087627
0.8481616342844619
0.5348946812205501
0.5177777096764008
0.9360514140631819
0.17512857230416057
0.41926922269707456
0.6358394949601885
0.7270468952272697
0.9617212994485645
0.5288913900667331
0.4507408810708508
0.15642313614270087
0.3076012280535574
0.41507216579094486
0.9445583594749756
0.59754593592651
0.5287219105036468
0.7227360780664657
0.6945899337497423
0.6656363237886158
0.2464023899868688
0.7312290936511563
0.7744240945148055
0.8852655860835456
0.7716023758713106
0.4612119321041654
0.29968769327635103
0.6844165166888615
0.21952757455707794
0.9626211662794175
0.8304289643823608
0.719742558222034
0.3465996363386471
0.08840007577825944
0.8093285266143276
0.6058290754495155
0.43810420625059204
0.7875938173855386
0.3518808981209592
0.9941160410316987
0.4892252787358403
0.613519268665504
0.7331996998586587
0.7051710304171704
0.458000642629357
0.019802642209604895
0.41518267575262857
0.20256940304190277
0.7084914368709522
0.4460855328530329
0.1487255136855908
0.8299321338823542
0.20606021771391106
0.862525607665491
0.26699763935863363
0.3372564369731043
0.472140345794028
0.15079270002767392
0.8359934659824335
0.44971471714093086
0.9192566858526818
0.5101896685258343
0.46165675791632077
0.41567300566665366
0.609983414219196
0.2095208510938629
0.7296605951193601
0.016316935140867697
0.4278732125710189
0.4776324122931653
0.8648165998963621
0.456591872781675
0.41617958704563224
0.06769988837565215
0.2926860978468202
0.1190828416104366
0.21017694595041353
0.30882519552833976
0.7292608090815044
0.012398010449227637
0.20327843124144476
0.6189556158562294
0.4771211876384857
0.7289924277459868
0.944663297505818
0.8273518655753112
0.7020609643526438
0.1504360964538375
0.6797625614537539
0.9930518022410306
0.95488871925455
0.121463913389907
0.5148682331221571
0.7888043193607881
0.33603386248103223
0.8984524890743723
0.6099532329271395
0.664540975050751
0.7226172102085202
0.39716444439491616
0.03181572510322002
0.27649545980501955
0.43536838820756557
0.8089635651442294
0.6622230518208141
0.6835807270626824
0.7583017126258096
0.1027700854176998
0.6589170395217054
0.671981360034026
0.7273779607847507
0.1092325965383451
0.1292149335175785
0.2186722831729546
0.668613127840524
0.6729420537765619
0.3773947694427883
0.895862005560787
0.08080832000713208
0.695638385403027
0.5606732192573359
0.829777048473941
0.8297306157169311
0.9357663169351409
0.9737334536870395
0.316201967634511
0.7763450176723073
0.0763024852668862
0.2791681292985125
0.6787085378696279
0.7400568894138886
0.3371612498212339
0.384283533272785
0.6682444517498649
0.9350823624243843
0.7129666259915716
0.8008280817885155
0.9746087111566771
0.07230508921589932
0.12352784943899943
0.5590216060904919
0.07802792651737607
0.02511733557696415
0.9388698824136862
0.6171085207823734
0.8150453276573931
0.4988744699700787
0.43060020839021346
0.07151480369158991
0.05950079214283459
0.15144600891880397
0.29183173511783705
0.7667729048147054
0.3872208694812347
0.3479489722573563
0.588420970518914
0.23950433960547016
0.12074884893195373
0.12077717291372979
0.8151354072059924
0.11709830557583119
0.7319107265240624
0.3752217164147225
0.08334540585015592
0.5406449138486626
0.7108994396494884
0.1135076604762515
0.6990172971306413
0.5574623941100977
0.8073936736297229
0.20042420966804295
0.6737699498340494
0.40696593507214723
0.018858664259592543
0.7743386582419073
0.4301637404743199
0.96426581453271
0.582468755397808
0.5080324026351518
0.6957331082273274
0.21873403873977784
0.8960523798645278
0.9839324087642758
0.666350923918999
0.8070277835044845
0.3849377708190553
0.9559831393372745
0.40363067013612225
0.5063051040743816
0.8954273949551738
0.4171351731848971
0.2280020170389645
0.2094098768046091
0.8373047270403946
0.42694687906867035
0.0913216248493257
0.13592957450878787
0.4366132504230024
0.2858177644299079
0.7171135355201305
0.8826792815180912
0.9630543839023203
0.5394116598224783
0.06613742610226722
0.9759431885931432
0.46174080120650873
0.18515479752531977
0.4757063815323924
0.8733003289296507
0.5837020094239923
0.201553454318525
0.6234066599432034
0.03982351837715657
0.5298887656873069
0.07398502636451942
0.9958628413504131
0.18040658379348196
0.44881810060306865
0.7438495170064616
0.602001158961615
0.6858972573099089
0.8232527817864724
0.029121232213932428
0.6993599708773748
0.3840899086760535
0.8686672684351975
0.5066315263561615
0.31947872729670346
0.0690510816046418
0.7279815866258801
0.42285847481394395
0.17562215251117635
0.1303288553582473
0.4790161084520619
0.20091128928907734
0.8661111451617995
0.20207721581759727
0.7198693196486712
0.7767568762269856
0.3130227167620396
0.7139500717850423
0.1171962786931222
0.7313066363553629
0.02681956044894904
0.8982695440117531
0.9902124391498719
0.46888076625192926
0.9789743189707529
0.7138674214775647
0.7141748063289705
0.4570928822298124
0.6728621894345047
0.7314807591941502
0.5335365230780089
0.7853669023593413
0.11715216757396274
0.2981855935870791
0.6654510570881461
0.5987564379017595
0.8306360544786251
0.4781858907567239
0.7157474838088976
0.6182442660188369
0.6631656367881161
0.3679610262010761
0.5855644273076616
0.3352533278356949
0.8700124254057758
0.9855496616909324
0.7046022291437986
0.969154255190718
0.7328695629563179
0.7129011558041874
0.9871390549633832
0.5453731614949862
0.5561525260348469
0.9397205305221085
0.8134257530928859
0.43687605982767874
0.44151608523568336
0.6343141788924116
0.43409288037250215
0.8794405967166469
0.6200778955931598
0.054223244981083295
0.8351144938922351
0.8151219417064596
0.2190562820734269
0.5528869102343369
0.8630187235449367
0.9190398448774454
0.7317988235796684
0.33452061893007784
0.5017337991467516
0.9881828633409668
0.3096451980171355
0.7644698400670118
0.621506167198786
0.23403595381240794
0.4233515906933896
0.46354192785092485
0.30155614741843156
0.8697500803286696
0.39722202101360854
0.07548944769164191
0.8371696077174957
0.434446697980918
0.9507195220026262
0.3962692208397643
0.78526753625934
0.26158311556370295
0.8527361895050826
0.663426124554942
0.22023613842904982
0.591747413231107
0.884628992984939
0.16954642625642397
0.9342149985234384
0.7247043626361176
0.49729436324903004
0.7134095944934464
0.5399953195780934
0.19650157035584206
0.6972779260530485
0.5529537734044312
0.2121066913317472
0.6948838531016153
0.5298590487228206
0.6672131802166739
0.847303556934918
0.37513070821098304
0.21404572326448285
0.698059389353526
0.3044670169553855
0.47896828271234165
0.7625730619431551
0.6415549030205437
0.31106093277836905
0.4083565961445953
0.9524983609236776
0.97093680873233
0.4508564986358056
0.2939871436982391
0.5172274815058329
0.7176298677780811
0.30445122981800216
0.790217268156601
0.28261576150650153
0.5819942126211662
0.23158291125957212
0.07275037935562477
0.6020475917186249
0.5077412692486994
0.020221465677834675
0.40690185786747346
0.967610366020137
0.528009167683544
0.2973210156515537
0.21702717059209195
0.7626766069912874
0.7175323589883602
0.462768358119139
0.7319125838343428
0.561429144541458
0.41363135734092604
0.5903321427974436
0.10337974751724048
0.6610315872759387
0.8344551487426938
0.5566683939652274
0.46064684545135426
0.17124493650784806
0.2929906967328055
0.4182175207507991
0.40374071577023585
0.41179633478389266
0.8841734876386714
0.69980386803439
0.14959102027625634
0.3272125673042813
0.025274278295657794
0.6849918185482149
0.4396114135431351
0.28683882075655676
0.6413529205275504
0.9848378475259698
0.1197881551894178
0.044294528549644975
0.22505307264126237
0.5578751813199161
0.9732343015491826
0.7799212686172139
0.8406130609773538
0.12085100099737563
0.4498698025493441
0.5884966559128402
0.33656598187636627
0.997097952686878
0.19392687397964017
0.7838197628957696
0.5073247674183201
0.7141557688985964
0.586900762054408
0.6878590412935794
0.20978458915367942
0.15495307505576575
0.47118661696504355
0.799678406724949
0.6480661685360495
0.2945680174884336
0.2825591135429494
0.2953829123739583
0.09662006675173147
0.7411814907886697
0.6119173385486606
0.13413401979521297
0.3980694188290402
0.0051168898224968565
0.347868179260159
0.11392509096177099
0.7025680100591924
0.5578380351143082
0.6107416611411686
0.7596412976655467
0.3637978652075637
0.7296406290338457
0.3041860987754753
0.23603720563953692
0.9401881083851987
0.7191904727411856
0.4142605211984109
0.19198505608148392
0.8367038871646858
0.6095673767163868
0.549286514255785
0.8475236482031452
0.4558795942891424
0.5997928170382216
0.7218051012884161
0.7120760457121206
0.7321210669133175
0.7210231736603685
0.7739983061330242
0.29783874089221474
0.44384561665487277
0.3058720721825067
0.2897775499477167
0.9987788184906382
0.8616470999028627
0.008683854216001471
0.6682100915096775
0.9957133278728411
0.15149104869310362
0.9346811834038182
0.2839999219929682
0.11626808788049323
0.7088002147050684
0.4555401708353996
0.8088098727185264
0.7208439432183101
0.7913126168944657
0.6994537650465349
0.3628069901729713
0.6367532916181444
0.0334218341681943
0.29729687061790855
0.01208737530483105
0.37996389388814905
0.019977693703532418
0.30762723039748296
0.9982485564055845
0.030595007921428347
0.12275660134506411
0.17362415097703807
0.8193631097317486
0.45914938903778324
0.35797612613365576
0.5903799685371639
0.40344493910808243
0.8771904653119446
0.6887635514001333
0.8390733507549037
0.7747064056774261
0.7347955937170908
0.41827881199005224
0.8952342346860124
0.699528986112891
0.33723229193945914
0.46237832296025544
0.8298406613510446
0.7319520516778012
0.07752598841409847
0.48876466578630157
0.4715511141075717
0.7311441217058281
0.7906569863654852
0.4648921924247743
0.6994797673904605
0.9466260101446288
0.23577068161429982
0.4993531916948514
0.44672816221005063
0.8273170410075537
0.9659429657159095
0.038964512372472435
0.18499088989307463
0.026090566163892773
0.821673603720564
0.8349515149151302
0.1129109995486736
0.7615807939258524
0.930793832986945
0.7075312074559864
0.14768959887669875
0.6256238240904287
0.829786335025343
0.8930365722967313
0.7990910323487731
0.9161201531166595
0.038799211757517
0.38218477265593515
0.7186402445706177
0.6225100434053412
0.6854974712720532
0.7233350606318941
0.3541709616966901
0.04202814567998915
0.347392243500807
0.5178176418474294
0.307403424508695
0.9295387555649659
0.5934092416044932
0.8908022280294123
0.23423143571941984
0.4960188554139666
0.751184963958894
0.7362749413554279
0.27690871134240813
0.6245498344207885
0.894798231097689
0.3361666601660807
0.09903224847839855
0.15016817944589006
0.5076809066645864
0.5548120123399695
0.728611214810935
0.9999405660710272
0.7043747086344497
0.08534387171186432
0.1313197303928397
0.8451648641470395
0.8191959518065128
0.895045717692552
0.013472464446437958
0.9472612102605249
0.5543500064077205
0.7691024362338948
0.7792359211237471
0.5311215553859212
0.7745945027330321
0.8491919771625128
0.007424133518321437
0.0057780922823185915
0.7108163250144406
0.7668249095025566
0.8715730303688803
0.13842301356022235
0.10926602812339227
0.707048771110653
0.5157021654380559
0.151399576161794
0.7282536825819584
0.16107291242967758
0.8342406294053079
0.7049565110797845
0.8696841458137154
0.02404473889003423
0.8835615039012803
0.4079387013315057
0.12572272586285993
0.014291538280093535
0.3090898622432965
0.29020658862248866
0.7426074407564454
0.4317926015902291
0.4645518403158913
0.31860254117192566
0.6331166780891249
0.6687974658858534
0.42316493101020963
0.1573977597123398
0.5275327675966219
0.11034698270658398
0.7020869666965693
0.5561919938783053
0.14219521073971098
0.06469058139383707
0.3604027020149959
0.6680940096171526
0.7218845013029032
0.23137024923246652
0.19176682212353713
0.06382832509616224
0.4603779997882666
0.7507317802504768
0.725844286820712
0.20159477947226387
0.7865551166112259
0.8272887170257777
0.7717035992815924
0.42013705092559056
0.6194422311496937
0.7964531874230377
0.3302887374561907
0.42000750353353283
0.9439621628749677
0.028171218005508782
0.9949453300718964
0.7496173940822379
0.16090296853902117
0.7113187274452882
0.7106728477952798
0.9282762489018653
0.04611980022770624
0.5702081859093299
0.41249886239745326
0.44124816822773594
0.12944477566477777
0.88323368863679
0.21455184031589133
0.4650528497640287
0.3103988016634071
0.5902253474563207
0.49167785696110605
0.6900622756137017
0.46345788456073683
0.017392317793218218
0.21037892844340683
0.4011158720164632
0.6183343455674362
0.2181629158285554
0.17188106527888442
0.8353266915917706
0.5278341161896165
0.3797321944306694
0.282697483158839
0.376833397410538
